2.573066 5.397019 34.000000 0.022672
2.660928 5.132317 29.000000 0.022773
2.648782 5.312873 30.000000 0.023363
2.598636 4.729612 27.000000 0.022503
2.303456 4.521541 32.000000 0.020373
2.298172 3.876416 28.000000 0.019108
1.846999 4.392976 40.000000 0.020393
2.260507 5.736163 41.000000 0.021675
2.283671 4.653253 36.000000 0.018441
2.585316 5.356131 35.000000 0.020282
2.813235 5.572533 32.000000 0.021287
2.967944 5.555171 28.000000 0.022659
3.023806 4.989730 26.000000 0.019788
2.592012 4.429408 28.000000 0.018848
2.276987 4.795497 35.000000 0.019852
2.461986 4.617582 31.000000 0.021222
2.437481 5.136693 36.000000 0.020440
2.739079 4.820482 28.000000 0.020890
2.469349 4.734406 30.000000 0.020120
2.379653 5.320164 37.000000 0.021260
2.677838 5.477923 34.000000 0.019837
3.066344 5.506008 31.000000 0.019149
2.841087 5.321694 31.000000 0.020971
2.833289 4.886205 25.000000 0.021579
2.492361 4.364316 28.000000 0.020115
2.127090 4.483483 35.000000 0.020456
2.229348 4.298520 29.000000 0.022674
2.179446 3.955705 26.000000 0.022862
1.788713 3.957147 33.000000 0.021787
1.952013 3.704755 36.000000 0.019271
1.918953 4.118249 34.000000 0.022926
2.047294 4.460646 31.000000 0.022932
2.463965 4.053044 22.000000 0.022222
2.106484 4.440109 37.000000 0.021687
2.138948 4.142597 31.000000 0.022059
2.154661 5.466554 41.000000 0.023009
2.494684 4.495664 24.000000 0.022033
2.057724 3.963222 31.000000 0.020948
2.049206 4.252377 32.000000 0.023718
2.225503 4.476278 35.000000 0.020154
2.292749 4.588006 31.000000 0.022254
2.344597 4.421758 30.000000 0.021886
2.415257 4.581633 30.000000 0.021620
2.212634 4.399144 33.000000 0.020170
2.185478 4.574511 30.000000 0.023058
2.142467 4.087488 30.000000 0.020595
1.982986 4.105427 32.000000 0.021745
1.898641 3.990468 31.000000 0.022103
2.023611 4.399257 32.000000 0.020752
2.157576 4.313478 30.000000 0.023626
2.155906 4.072578 33.000000 0.019882
2.068296 3.926160 27.000000 0.023173
2.086015 4.425159 36.000000 0.020784
2.339766 4.411207 28.000000 0.022434
2.257388 4.476756 28.000000 0.023914
2.290456 4.309579 28.000000 0.022093
2.168488 4.834799 37.000000 0.020030
2.502875 4.849926 27.000000 0.023818
2.517085 4.912116 28.000000 0.022549
2.474286 4.411277 23.000000 0.025419
2.348127 4.684736 33.000000 0.020352
2.342421 5.072163 37.000000 0.020774
2.523013 4.657979 27.000000 0.021764
2.146697 4.013823 27.000000 0.020624
2.136222 5.176352 43.000000 0.020090
2.680180 4.269026 22.000000 0.022519
2.285386 4.299648 31.000000 0.019932
2.125459 4.275178 30.000000 0.023030
2.066749 4.051841 27.000000 0.022871
1.931290 3.984170 30.000000 0.024159
2.135170 4.130594 27.000000 0.024247
2.100850 4.508915 39.000000 0.020489
2.523013 5.132295 34.000000 0.021245
2.645378 4.655625 23.000000 0.024758
2.283642 4.465440 30.000000 0.021785
2.253155 4.535808 31.000000 0.022268
2.129181 4.193024 30.000000 0.020611
2.134301 4.222792 33.000000 0.019880
2.160257 4.066743 32.000000 0.020801
1.981231 5.095630 39.000000 0.021584
