2.124012 4.605146 32.000000 0.022017
2.333869 4.652924 31.000000 0.022873
2.660928 4.578273 24.000000 0.023701
2.208464 4.479951 30.000000 0.022411
2.338642 4.509633 29.000000 0.023700
2.228932 4.425037 30.000000 0.020551
2.070745 4.365669 32.000000 0.021949
2.231407 3.866906 29.000000 0.019336
2.001523 4.254200 37.000000 0.020328
2.132354 4.536667 34.000000 0.020571
2.317291 4.623341 29.000000 0.022379
2.397464 4.098705 25.000000 0.021899
2.252977 4.642709 34.000000 0.021649
2.479229 9.360280 61.000000 0.022352
5.175780 6.127617 35.000000 -0.004003
3.005524 4.681772 24.000000 0.017721
2.435832 4.463356 30.000000 0.019581
2.154661 3.907323 27.000000 0.022051
1.908492 4.701513 39.000000 0.021249
2.319335 4.159091 26.000000 0.020419
2.152240 6.785408 51.000000 0.022122
3.010805 5.449182 27.000000 0.021134
2.999489 5.216510 24.000000 0.023731
2.705693 4.659734 23.000000 0.023708
2.312318 4.312186 32.000000 0.018988
2.216053 4.700665 33.000000 0.022742
2.285386 4.462479 30.000000 0.021394
2.198491 4.487820 32.000000 0.021479
2.257388 4.437788 33.000000 0.020373
2.396077 4.250623 28.000000 0.020183
2.251261 4.637416 34.000000 0.019830
2.268432 4.648425 34.000000 0.021387
2.448052 4.551981 26.000000 0.023887
2.283833 4.513630 32.000000 0.019860
2.281196 3.969379 26.000000 0.019688
1.876845 4.865544 43.000000 0.020581
2.731589 5.398000 27.000000 0.024945
2.782409 4.476392 52.000000 0.003417
2.268434 5.497032 41.000000 0.021917
2.885154 4.720976 24.000000 0.021678
2.411638 4.590786 28.000000 0.021835
2.231778 5.171664 38.000000 0.021921
2.650323 5.277523 30.000000 0.023784
2.700494 5.024377 25.000000 0.022831
2.322306 4.280003 28.000000 0.021499
2.204423 3.983435 27.000000 0.021119
1.949573 4.877861 39.000000 0.022506
2.330206 4.718572 30.000000 0.022967
2.516862 5.556339 36.000000 0.020903
2.917728 6.057194 33.000000 0.021202
3.075251 8.395017 49.000000 0.020066
4.309446 4.919541 32.000000 -0.004256
2.598796 5.308161 35.000000 0.019495
2.664159 4.571951 23.000000 0.020616
2.440697 4.166004 30.000000 0.018892
2.023434 4.638713 41.000000 0.020667
2.261367 4.515217 30.000000 0.023527
2.079295 3.833067 30.000000 0.020040
2.143554 3.433818 27.000000 0.019798
1.741719 3.636246 38.000000 0.019621
1.771406 4.106778 37.000000 0.022288
2.158560 4.130117 27.000000 0.021552
1.946104 3.705426 25.000000 0.023663
1.708189 3.881299 38.000000 0.020568
2.070745 4.589543 39.000000 0.021601
2.198882 4.708078 32.000000 0.023645
2.433373 4.280520 25.000000 0.023165
2.235666 4.493613 31.000000 0.022429
2.257019 3.919717 23.000000 0.023661
2.109214 4.697319 33.000000 0.023902
2.397869 4.673698 30.000000 0.020742
2.547466 4.374689 22.000000 0.021639
2.109214 5.153531 39.000000 0.021920
2.733324 5.153467 31.000000 0.022315
2.568362 4.170616 21.000000 0.021409
2.277194 4.911056 39.000000 0.020227
2.527772 4.122893 24.000000 0.021037
2.307117 4.385901 32.000000 0.021373
2.116712 4.554027 31.000000 0.023422
