2.506337 5.052529 35.000000 0.020225
2.651042 4.979699 29.000000 0.021826
2.657674 5.074180 32.000000 0.020556
2.474835 4.719270 30.000000 0.021462
2.486396 6.830383 48.000000 0.020613
3.176556 5.104570 24.000000 0.019186
2.775762 4.794446 29.000000 0.019454
2.642541 4.890516 32.000000 0.020309
2.689953 4.405568 28.000000 0.018154
2.316566 4.490868 32.000000 0.020823
2.435832 4.452370 27.000000 0.023009
2.103417 4.213244 36.000000 0.018004
2.124360 4.293540 33.000000 0.021279
2.102008 4.228056 37.000000 0.018799
2.285386 4.763512 38.000000 0.019991
2.434807 5.010779 35.000000 0.020505
2.478179 4.275341 25.000000 0.020282
2.157576 4.644965 37.000000 0.020625
2.265345 4.642484 37.000000 0.017883
2.488125 4.880810 30.000000 0.023585
2.453350 4.343743 25.000000 0.022774
2.305352 4.511249 33.000000 0.020252
2.312041 3.785039 26.000000 0.018783
1.762666 4.833690 47.000000 0.019951
2.434708 4.538352 30.000000 0.021286
2.300848 4.287137 35.000000 0.018831
2.292749 4.245869 27.000000 0.022289
1.895924 3.655220 27.000000 0.021714
1.886997 3.156856 29.000000 0.018417
1.505283 4.282456 47.000000 0.021884
2.089787 6.310134 47.000000 0.024430
3.319797 5.166423 20.000000 0.022829
2.597525 4.497750 25.000000 0.022481
2.200872 4.726565 38.000000 0.019274
2.241906 4.615509 30.000000 0.022981
2.255683 4.600588 31.000000 0.023656
2.239914 4.901386 38.000000 0.019726
2.518506 6.303108 40.000000 0.021799
3.560187 4.778929 45.000000 0.000299
2.420415 4.375683 29.000000 0.020038
2.187771 5.073340 38.000000 0.021816
2.695255 4.305178 22.000000 0.020769
2.161892 4.154965 33.000000 0.018365
2.118088 4.362084 34.000000 0.020128
2.204971 4.247868 27.000000 0.023493
2.123452 3.722082 25.000000 0.022328
1.982986 4.427649 38.000000 0.021804
2.137150 4.594494 36.000000 0.021413
2.484565 4.102523 24.000000 0.022382
1.946124 4.074624 30.000000 0.022839
2.013904 3.896804 33.000000 0.018377
1.879198 4.170017 38.000000 0.020574
2.252977 4.438723 32.000000 0.022242
2.261367 4.653205 31.000000 0.021215
2.410987 4.704811 32.000000 0.021131
2.278528 4.479535 27.000000 0.023295
2.442576 4.736393 30.000000 0.022286
2.525523 4.621235 27.000000 0.022215
2.287743 4.643132 33.000000 0.021199
2.427437 5.033990 35.000000 0.021007
2.680520 5.138597 29.000000 0.022072
2.775091 4.638217 24.000000 0.020417
2.426278 4.079166 25.000000 0.021289
2.098993 4.402297 38.000000 0.019524
2.237189 4.930112 39.000000 0.019502
2.593974 4.867188 29.000000 0.020076
2.445262 5.729245 39.000000 0.021117
3.166272 5.559319 26.000000 0.020948
3.029277 5.354313 27.000000 0.020743
2.777512 4.891644 28.000000 0.020074
2.681620 4.469089 24.000000 0.020928
2.316566 4.113158 30.000000 0.018666
2.089279 5.145214 42.000000 0.019892
2.643147 4.554498 22.000000 0.022478
2.310610 4.019154 23.000000 0.021859
2.106894 4.208821 33.000000 0.020762
1.971241 3.968333 34.000000 0.019441
2.089508 4.393668 34.000000 0.021866
2.217129 4.404373 31.000000 0.022280
