2.285359 4.205810 27.000000 0.021170
2.074707 4.311947 30.000000 0.021933
2.203371 5.234160 39.000000 0.021952
2.700363 5.335181 28.000000 0.023989
2.830872 5.002112 25.000000 0.022872
2.500892 4.588094 28.000000 0.021760
2.232028 4.291730 31.000000 0.019912
2.252977 5.066630 40.000000 0.020347
2.465684 4.811570 32.000000 0.020750
2.511638 5.147515 33.000000 0.021469
2.585558 4.300716 22.000000 0.022929
2.111998 3.868297 30.000000 0.017976
2.103417 4.417106 39.000000 0.019727
2.252977 4.621160 33.000000 0.022145
2.396987 4.954277 31.000000 0.023583
2.587661 4.466410 26.000000 0.021670
2.254867 4.219242 30.000000 0.020262
1.995429 4.116880 32.000000 0.021167
2.109362 4.839016 37.000000 0.022123
2.734219 4.461449 59.000000 0.004797
2.289615 4.081677 28.000000 0.021450
1.925085 4.182831 32.000000 0.022478
2.077502 3.981509 31.000000 0.021042
2.174779 4.091493 32.000000 0.021800
2.113596 4.269634 31.000000 0.021394
1.942122 4.282083 35.000000 0.020915
2.252366 4.858381 36.000000 0.022187
2.734079 4.837276 27.000000 0.021253
2.502875 4.474289 28.000000 0.021176
2.309932 4.252090 29.000000 0.021453
2.078932 4.114586 31.000000 0.021377
2.106043 3.610555 26.000000 0.021996
1.772695 4.127525 36.000000 0.022066
1.967047 3.923304 31.000000 0.021736
2.105492 4.250046 30.000000 0.023269
2.103249 4.513290 33.000000 0.022303
2.484322 5.050770 33.000000 0.022925
2.625901 4.487340 25.000000 0.021676
2.304070 3.960926 26.000000 0.021215
2.057971 4.017428 37.000000 0.017732
2.109214 4.033407 30.000000 0.020788
2.043026 4.030421 29.000000 0.021562
1.812965 4.022361 34.000000 0.021551
2.227513 3.860731 26.000000 0.022287
1.828327 4.363413 37.000000 0.023293
2.352286 4.425487 30.000000 0.021789
2.096625 4.082032 29.000000 0.021972
2.027402 4.425066 33.000000 0.021175
2.233187 4.279288 29.000000 0.022003
2.238607 5.138128 39.000000 0.020944
2.806402 4.526470 22.000000 0.022805
2.474599 3.955983 24.000000 0.019182
1.952853 3.816814 32.000000 0.021998
1.920233 3.821622 26.000000 0.023722
1.676314 6.240443 60.000000 0.020887
3.242520 3.976337 42.000000 -0.002215
1.945154 3.749745 31.000000 0.021306
1.769916 4.020922 34.000000 0.022908
1.995429 4.662265 36.000000 0.023002
2.306732 4.120467 26.000000 0.021609
2.100026 3.703634 25.000000 0.023405
1.807306 4.219825 36.000000 0.022759
2.091711 3.868980 26.000000 0.021470
1.919174 3.926756 29.000000 0.023204
1.886534 3.766322 31.000000 0.021214
1.888307 3.571159 28.000000 0.021881
1.718540 3.904305 35.000000 0.022272
2.044746 4.065871 29.000000 0.024131
1.895907 3.724983 28.000000 0.021586
1.946104 3.490664 27.000000 0.023268
1.745075 3.541717 32.000000 0.020923
1.654348 3.727573 35.000000 0.023310
1.750793 3.768184 31.000000 0.022538
1.940274 3.761457 29.000000 0.022980
1.940970 3.539058 26.000000 0.024312
1.777575 3.902404 34.000000 0.023167
1.939491 4.329764 33.000000 0.023451
2.338642 4.200789 29.000000 0.020524
2.126173 4.677922 32.000000 0.023128
2.206365 4.284091 29.000000 0.021718
