3.073573 5.016704 24.000000 0.020563
2.802640 4.750731 26.000000 0.020048
2.783987 4.685495 25.000000 0.020847
2.314053 4.491981 26.000000 0.023441
2.261482 5.269942 37.000000 0.022182
2.815177 4.763409 22.000000 0.024005
2.644236 4.096062 20.000000 0.021200
1.881242 3.900333 40.000000 0.017061
2.070130 3.644966 32.000000 0.018792
1.769864 4.131022 41.000000 0.020062
2.108254 4.118603 31.000000 0.021952
2.034360 4.945716 41.000000 0.021531
2.498924 4.950003 28.000000 0.022660
2.660928 5.011660 30.000000 0.021944
2.433125 5.964681 40.000000 0.022187
3.214886 5.437806 22.000000 0.024030
2.644735 5.107683 31.000000 0.020109
2.326141 4.513895 33.000000 0.018895
2.302904 4.224223 28.000000 0.023053
2.301874 4.201929 25.000000 0.022971
2.268749 4.835468 34.000000 0.021950
2.625912 5.401172 33.000000 0.021710
2.830158 4.809338 26.000000 0.021383
2.439224 4.698499 30.000000 0.020667
2.457280 4.278574 26.000000 0.019537
2.017245 4.982572 40.000000 0.021323
2.604826 4.599502 24.000000 0.024350
2.517085 4.765363 29.000000 0.022001
2.476681 4.139999 26.000000 0.022005
2.256055 4.972544 37.000000 0.020469
2.396428 4.675108 29.000000 0.022467
2.618085 4.325068 24.000000 0.020441
2.108215 4.393324 33.000000 0.021325
2.263985 4.944805 31.000000 0.023272
1.990100 4.206833 36.000000 0.020548
2.263111 4.322799 30.000000 0.021108
2.252152 4.222165 28.000000 0.020807
2.066315 4.442542 35.000000 0.021471
2.430798 4.471941 24.000000 0.025028
2.211698 4.258961 27.000000 0.022131
1.919692 5.941929 53.000000 0.020763
3.157795 6.302669 47.000000 0.009278
3.321480 6.877604 52.000000 0.011762
3.628379 6.054265 22.000000 0.023867
2.898704 4.757068 24.000000 0.021626
2.335044 4.216048 23.000000 0.023569
2.160240 4.189681 32.000000 0.021645
2.260331 4.484792 32.000000 0.022434
2.429807 4.472260 27.000000 0.022769
2.202693 4.439425 29.000000 0.021883
2.158425 4.696698 36.000000 0.020412
2.552148 4.372699 27.000000 0.020039
2.363819 4.190715 29.000000 0.018299
2.179446 4.170081 32.000000 0.020913
2.147394 3.831425 28.000000 0.020919
1.969598 4.223953 33.000000 0.023258
2.152432 4.275808 34.000000 0.019988
2.224598 3.887204 23.000000 0.022645
1.911798 4.082006 39.000000 0.019877
2.081537 4.115426 30.000000 0.021061
2.123154 4.302354 28.000000 0.024539
2.142186 4.420519 33.000000 0.020290
2.402337 4.277706 27.000000 0.021796
2.216305 4.319450 31.000000 0.021219
2.049193 3.788626 30.000000 0.020929
2.013492 4.173289 31.000000 0.021292
2.217391 4.154815 31.000000 0.020777
2.023319 3.997275 30.000000 0.021641
1.962308 3.922575 28.000000 0.023935
2.081423 3.687865 26.000000 0.022029
1.686220 4.255629 38.000000 0.021785
2.057218 4.095876 31.000000 0.021587
2.262751 3.591428 24.000000 0.021882
1.920233 3.722792 31.000000 0.022531
1.925085 3.714099 28.000000 0.022987
1.888307 3.663178 30.000000 0.021054
1.591989 3.758298 32.000000 0.024164
1.942505 3.774101 30.000000 0.022080
2.054735 4.362101 31.000000 0.023742
2.152240 4.153882 29.000000 0.022021
1.956198 4.515720 39.000000 0.020531
2.272355 3.957650 26.000000 0.021205
2.124012 4.605146 32.000000 0.022017
2.333869 4.652924 31.000000 0.022873
2.660928 4.578273 24.000000 0.023701
2.208464 4.479951 30.000000 0.022411
2.338642 4.509633 29.000000 0.023700
2.228932 4.425037 30.000000 0.020551
2.070745 4.365669 32.000000 0.021949
2.231407 3.866906 29.000000 0.019336
2.001523 4.254200 37.000000 0.020328
2.132354 4.536667 34.000000 0.020571
2.317291 4.623341 29.000000 0.022379
2.397464 4.098705 25.000000 0.021899
2.252977 4.642709 34.000000 0.021649
2.479229 9.360280 61.000000 0.022352
5.175780 6.127617 35.000000 -0.004003
3.005524 4.681772 24.000000 0.017721
2.435832 4.463356 30.000000 0.019581
2.154661 3.907323 27.000000 0.022051
1.908492 4.701513 39.000000 0.021249
2.319335 4.159091 26.000000 0.020419
2.152240 6.785408 51.000000 0.022122
3.010805 5.449182 27.000000 0.021134
2.999489 5.216510 24.000000 0.023731
2.705693 4.659734 23.000000 0.023708
2.312318 4.312186 32.000000 0.018988
2.216053 4.700665 33.000000 0.022742
2.285386 4.462479 30.000000 0.021394
2.198491 4.487820 32.000000 0.021479
2.257388 4.437788 33.000000 0.020373
2.396077 4.250623 28.000000 0.020183
2.251261 4.637416 34.000000 0.019830
2.268432 4.648425 34.000000 0.021387
2.448052 4.551981 26.000000 0.023887
2.283833 4.513630 32.000000 0.019860
2.281196 3.969379 26.000000 0.019688
1.876845 4.865544 43.000000 0.020581
2.731589 5.398000 27.000000 0.024945
2.782409 4.476392 52.000000 0.003417
2.268434 5.497032 41.000000 0.021917
2.885154 4.720976 24.000000 0.021678
2.411638 4.590786 28.000000 0.021835
2.231778 5.171664 38.000000 0.021921
2.650323 5.277523 30.000000 0.023784
2.700494 5.024377 25.000000 0.022831
2.322306 4.280003 28.000000 0.021499
2.204423 3.983435 27.000000 0.021119
1.949573 4.877861 39.000000 0.022506
2.330206 4.718572 30.000000 0.022967
2.516862 5.556339 36.000000 0.020903
2.917728 6.057194 33.000000 0.021202
3.075251 8.395017 49.000000 0.020066
4.309446 4.919541 32.000000 -0.004256
2.598796 5.308161 35.000000 0.019495
2.664159 4.571951 23.000000 0.020616
2.440697 4.166004 30.000000 0.018892
2.023434 4.638713 41.000000 0.020667
2.261367 4.515217 30.000000 0.023527
2.079295 3.833067 30.000000 0.020040
2.143554 3.433818 27.000000 0.019798
1.741719 3.636246 38.000000 0.019621
1.771406 4.106778 37.000000 0.022288
2.158560 4.130117 27.000000 0.021552
1.946104 3.705426 25.000000 0.023663
1.708189 3.881299 38.000000 0.020568
2.070745 4.589543 39.000000 0.021601
2.198882 4.708078 32.000000 0.023645
2.433373 4.280520 25.000000 0.023165
2.235666 4.493613 31.000000 0.022429
2.257019 3.919717 23.000000 0.023661
2.109214 4.697319 33.000000 0.023902
2.397869 4.673698 30.000000 0.020742
2.547466 4.374689 22.000000 0.021639
2.109214 5.153531 39.000000 0.021920
2.733324 5.153467 31.000000 0.022315
2.568362 4.170616 21.000000 0.021409
2.277194 4.911056 39.000000 0.020227
2.527772 4.122893 24.000000 0.021037
2.307117 4.385901 32.000000 0.021373
2.116712 4.554027 31.000000 0.023422
2.285359 4.205810 27.000000 0.021170
2.074707 4.311947 30.000000 0.021933
2.203371 5.234160 39.000000 0.021952
2.700363 5.335181 28.000000 0.023989
2.830872 5.002112 25.000000 0.022872
2.500892 4.588094 28.000000 0.021760
2.232028 4.291730 31.000000 0.019912
2.252977 5.066630 40.000000 0.020347
2.465684 4.811570 32.000000 0.020750
2.511638 5.147515 33.000000 0.021469
2.585558 4.300716 22.000000 0.022929
2.111998 3.868297 30.000000 0.017976
2.103417 4.417106 39.000000 0.019727
2.252977 4.621160 33.000000 0.022145
2.396987 4.954277 31.000000 0.023583
2.587661 4.466410 26.000000 0.021670
2.254867 4.219242 30.000000 0.020262
1.995429 4.116880 32.000000 0.021167
2.109362 4.839016 37.000000 0.022123
2.734219 4.461449 59.000000 0.004797
2.289615 4.081677 28.000000 0.021450
1.925085 4.182831 32.000000 0.022478
2.077502 3.981509 31.000000 0.021042
2.174779 4.091493 32.000000 0.021800
2.113596 4.269634 31.000000 0.021394
1.942122 4.282083 35.000000 0.020915
2.252366 4.858381 36.000000 0.022187
2.734079 4.837276 27.000000 0.021253
2.502875 4.474289 28.000000 0.021176
2.309932 4.252090 29.000000 0.021453
2.078932 4.114586 31.000000 0.021377
2.106043 3.610555 26.000000 0.021996
1.772695 4.127525 36.000000 0.022066
1.967047 3.923304 31.000000 0.021736
2.105492 4.250046 30.000000 0.023269
2.103249 4.513290 33.000000 0.022303
2.484322 5.050770 33.000000 0.022925
2.625901 4.487340 25.000000 0.021676
2.304070 3.960926 26.000000 0.021215
2.057971 4.017428 37.000000 0.017732
2.109214 4.033407 30.000000 0.020788
2.043026 4.030421 29.000000 0.021562
1.812965 4.022361 34.000000 0.021551
2.227513 3.860731 26.000000 0.022287
1.828327 4.363413 37.000000 0.023293
2.352286 4.425487 30.000000 0.021789
2.096625 4.082032 29.000000 0.021972
2.027402 4.425066 33.000000 0.021175
2.233187 4.279288 29.000000 0.022003
2.238607 5.138128 39.000000 0.020944
2.806402 4.526470 22.000000 0.022805
2.474599 3.955983 24.000000 0.019182
1.952853 3.816814 32.000000 0.021998
1.920233 3.821622 26.000000 0.023722
1.676314 6.240443 60.000000 0.020887
3.242520 3.976337 42.000000 -0.002215
1.945154 3.749745 31.000000 0.021306
1.769916 4.020922 34.000000 0.022908
1.995429 4.662265 36.000000 0.023002
2.306732 4.120467 26.000000 0.021609
2.100026 3.703634 25.000000 0.023405
1.807306 4.219825 36.000000 0.022759
2.091711 3.868980 26.000000 0.021470
1.919174 3.926756 29.000000 0.023204
1.886534 3.766322 31.000000 0.021214
1.888307 3.571159 28.000000 0.021881
1.718540 3.904305 35.000000 0.022272
2.044746 4.065871 29.000000 0.024131
1.895907 3.724983 28.000000 0.021586
1.946104 3.490664 27.000000 0.023268
1.745075 3.541717 32.000000 0.020923
1.654348 3.727573 35.000000 0.023310
1.750793 3.768184 31.000000 0.022538
1.940274 3.761457 29.000000 0.022980
1.940970 3.539058 26.000000 0.024312
1.777575 3.902404 34.000000 0.023167
1.939491 4.329764 33.000000 0.023451
2.338642 4.200789 29.000000 0.020524
2.126173 4.677922 32.000000 0.023128
2.206365 4.284091 29.000000 0.021718
2.506337 5.052529 35.000000 0.020225
2.651042 4.979699 29.000000 0.021826
2.657674 5.074180 32.000000 0.020556
2.474835 4.719270 30.000000 0.021462
2.486396 6.830383 48.000000 0.020613
3.176556 5.104570 24.000000 0.019186
2.775762 4.794446 29.000000 0.019454
2.642541 4.890516 32.000000 0.020309
2.689953 4.405568 28.000000 0.018154
2.316566 4.490868 32.000000 0.020823
2.435832 4.452370 27.000000 0.023009
2.103417 4.213244 36.000000 0.018004
2.124360 4.293540 33.000000 0.021279
2.102008 4.228056 37.000000 0.018799
2.285386 4.763512 38.000000 0.019991
2.434807 5.010779 35.000000 0.020505
2.478179 4.275341 25.000000 0.020282
2.157576 4.644965 37.000000 0.020625
2.265345 4.642484 37.000000 0.017883
2.488125 4.880810 30.000000 0.023585
2.453350 4.343743 25.000000 0.022774
2.305352 4.511249 33.000000 0.020252
2.312041 3.785039 26.000000 0.018783
1.762666 4.833690 47.000000 0.019951
2.434708 4.538352 30.000000 0.021286
2.300848 4.287137 35.000000 0.018831
2.292749 4.245869 27.000000 0.022289
1.895924 3.655220 27.000000 0.021714
1.886997 3.156856 29.000000 0.018417
1.505283 4.282456 47.000000 0.021884
2.089787 6.310134 47.000000 0.024430
3.319797 5.166423 20.000000 0.022829
2.597525 4.497750 25.000000 0.022481
2.200872 4.726565 38.000000 0.019274
2.241906 4.615509 30.000000 0.022981
2.255683 4.600588 31.000000 0.023656
2.239914 4.901386 38.000000 0.019726
2.518506 6.303108 40.000000 0.021799
3.560187 4.778929 45.000000 0.000299
2.420415 4.375683 29.000000 0.020038
2.187771 5.073340 38.000000 0.021816
2.695255 4.305178 22.000000 0.020769
2.161892 4.154965 33.000000 0.018365
2.118088 4.362084 34.000000 0.020128
2.204971 4.247868 27.000000 0.023493
2.123452 3.722082 25.000000 0.022328
1.982986 4.427649 38.000000 0.021804
2.137150 4.594494 36.000000 0.021413
2.484565 4.102523 24.000000 0.022382
1.946124 4.074624 30.000000 0.022839
2.013904 3.896804 33.000000 0.018377
1.879198 4.170017 38.000000 0.020574
2.252977 4.438723 32.000000 0.022242
2.261367 4.653205 31.000000 0.021215
2.410987 4.704811 32.000000 0.021131
2.278528 4.479535 27.000000 0.023295
2.442576 4.736393 30.000000 0.022286
2.525523 4.621235 27.000000 0.022215
2.287743 4.643132 33.000000 0.021199
2.427437 5.033990 35.000000 0.021007
2.680520 5.138597 29.000000 0.022072
2.775091 4.638217 24.000000 0.020417
2.426278 4.079166 25.000000 0.021289
2.098993 4.402297 38.000000 0.019524
2.237189 4.930112 39.000000 0.019502
2.593974 4.867188 29.000000 0.020076
2.445262 5.729245 39.000000 0.021117
3.166272 5.559319 26.000000 0.020948
3.029277 5.354313 27.000000 0.020743
2.777512 4.891644 28.000000 0.020074
2.681620 4.469089 24.000000 0.020928
2.316566 4.113158 30.000000 0.018666
2.089279 5.145214 42.000000 0.019892
2.643147 4.554498 22.000000 0.022478
2.310610 4.019154 23.000000 0.021859
2.106894 4.208821 33.000000 0.020762
1.971241 3.968333 34.000000 0.019441
2.089508 4.393668 34.000000 0.021866
2.217129 4.404373 31.000000 0.022280
2.573066 5.397019 34.000000 0.022672
2.660928 5.132317 29.000000 0.022773
2.648782 5.312873 30.000000 0.023363
2.598636 4.729612 27.000000 0.022503
2.303456 4.521541 32.000000 0.020373
2.298172 3.876416 28.000000 0.019108
1.846999 4.392976 40.000000 0.020393
2.260507 5.736163 41.000000 0.021675
2.283671 4.653253 36.000000 0.018441
2.585316 5.356131 35.000000 0.020282
2.813235 5.572533 32.000000 0.021287
2.967944 5.555171 28.000000 0.022659
3.023806 4.989730 26.000000 0.019788
2.592012 4.429408 28.000000 0.018848
2.276987 4.795497 35.000000 0.019852
2.461986 4.617582 31.000000 0.021222
2.437481 5.136693 36.000000 0.020440
2.739079 4.820482 28.000000 0.020890
2.469349 4.734406 30.000000 0.020120
2.379653 5.320164 37.000000 0.021260
2.677838 5.477923 34.000000 0.019837
3.066344 5.506008 31.000000 0.019149
2.841087 5.321694 31.000000 0.020971
2.833289 4.886205 25.000000 0.021579
2.492361 4.364316 28.000000 0.020115
2.127090 4.483483 35.000000 0.020456
2.229348 4.298520 29.000000 0.022674
2.179446 3.955705 26.000000 0.022862
1.788713 3.957147 33.000000 0.021787
1.952013 3.704755 36.000000 0.019271
1.918953 4.118249 34.000000 0.022926
2.047294 4.460646 31.000000 0.022932
2.463965 4.053044 22.000000 0.022222
2.106484 4.440109 37.000000 0.021687
2.138948 4.142597 31.000000 0.022059
2.154661 5.466554 41.000000 0.023009
2.494684 4.495664 24.000000 0.022033
2.057724 3.963222 31.000000 0.020948
2.049206 4.252377 32.000000 0.023718
2.225503 4.476278 35.000000 0.020154
2.292749 4.588006 31.000000 0.022254
2.344597 4.421758 30.000000 0.021886
2.415257 4.581633 30.000000 0.021620
2.212634 4.399144 33.000000 0.020170
2.185478 4.574511 30.000000 0.023058
2.142467 4.087488 30.000000 0.020595
1.982986 4.105427 32.000000 0.021745
1.898641 3.990468 31.000000 0.022103
2.023611 4.399257 32.000000 0.020752
2.157576 4.313478 30.000000 0.023626
2.155906 4.072578 33.000000 0.019882
2.068296 3.926160 27.000000 0.023173
2.086015 4.425159 36.000000 0.020784
2.339766 4.411207 28.000000 0.022434
2.257388 4.476756 28.000000 0.023914
2.290456 4.309579 28.000000 0.022093
2.168488 4.834799 37.000000 0.020030
2.502875 4.849926 27.000000 0.023818
2.517085 4.912116 28.000000 0.022549
2.474286 4.411277 23.000000 0.025419
2.348127 4.684736 33.000000 0.020352
2.342421 5.072163 37.000000 0.020774
2.523013 4.657979 27.000000 0.021764
2.146697 4.013823 27.000000 0.020624
2.136222 5.176352 43.000000 0.020090
2.680180 4.269026 22.000000 0.022519
2.285386 4.299648 31.000000 0.019932
2.125459 4.275178 30.000000 0.023030
2.066749 4.051841 27.000000 0.022871
1.931290 3.984170 30.000000 0.024159
2.135170 4.130594 27.000000 0.024247
2.100850 4.508915 39.000000 0.020489
2.523013 5.132295 34.000000 0.021245
2.645378 4.655625 23.000000 0.024758
2.283642 4.465440 30.000000 0.021785
2.253155 4.535808 31.000000 0.022268
2.129181 4.193024 30.000000 0.020611
2.134301 4.222792 33.000000 0.019880
2.160257 4.066743 32.000000 0.020801
1.981231 5.095630 39.000000 0.021584
