3.073573 5.016704 24.000000 0.020563
2.802640 4.750731 26.000000 0.020048
2.783987 4.685495 25.000000 0.020847
2.314053 4.491981 26.000000 0.023441
2.261482 5.269942 37.000000 0.022182
2.815177 4.763409 22.000000 0.024005
2.644236 4.096062 20.000000 0.021200
1.881242 3.900333 40.000000 0.017061
2.070130 3.644966 32.000000 0.018792
1.769864 4.131022 41.000000 0.020062
2.108254 4.118603 31.000000 0.021952
2.034360 4.945716 41.000000 0.021531
2.498924 4.950003 28.000000 0.022660
2.660928 5.011660 30.000000 0.021944
2.433125 5.964681 40.000000 0.022187
3.214886 5.437806 22.000000 0.024030
2.644735 5.107683 31.000000 0.020109
2.326141 4.513895 33.000000 0.018895
2.302904 4.224223 28.000000 0.023053
2.301874 4.201929 25.000000 0.022971
2.268749 4.835468 34.000000 0.021950
2.625912 5.401172 33.000000 0.021710
2.830158 4.809338 26.000000 0.021383
2.439224 4.698499 30.000000 0.020667
2.457280 4.278574 26.000000 0.019537
2.017245 4.982572 40.000000 0.021323
2.604826 4.599502 24.000000 0.024350
2.517085 4.765363 29.000000 0.022001
2.476681 4.139999 26.000000 0.022005
2.256055 4.972544 37.000000 0.020469
2.396428 4.675108 29.000000 0.022467
2.618085 4.325068 24.000000 0.020441
2.108215 4.393324 33.000000 0.021325
2.263985 4.944805 31.000000 0.023272
1.990100 4.206833 36.000000 0.020548
2.263111 4.322799 30.000000 0.021108
2.252152 4.222165 28.000000 0.020807
2.066315 4.442542 35.000000 0.021471
2.430798 4.471941 24.000000 0.025028
2.211698 4.258961 27.000000 0.022131
1.919692 5.941929 53.000000 0.020763
3.157795 6.302669 47.000000 0.009278
3.321480 6.877604 52.000000 0.011762
3.628379 6.054265 22.000000 0.023867
2.898704 4.757068 24.000000 0.021626
2.335044 4.216048 23.000000 0.023569
2.160240 4.189681 32.000000 0.021645
2.260331 4.484792 32.000000 0.022434
2.429807 4.472260 27.000000 0.022769
2.202693 4.439425 29.000000 0.021883
2.158425 4.696698 36.000000 0.020412
2.552148 4.372699 27.000000 0.020039
2.363819 4.190715 29.000000 0.018299
2.179446 4.170081 32.000000 0.020913
2.147394 3.831425 28.000000 0.020919
1.969598 4.223953 33.000000 0.023258
2.152432 4.275808 34.000000 0.019988
2.224598 3.887204 23.000000 0.022645
1.911798 4.082006 39.000000 0.019877
2.081537 4.115426 30.000000 0.021061
2.123154 4.302354 28.000000 0.024539
2.142186 4.420519 33.000000 0.020290
2.402337 4.277706 27.000000 0.021796
2.216305 4.319450 31.000000 0.021219
2.049193 3.788626 30.000000 0.020929
2.013492 4.173289 31.000000 0.021292
2.217391 4.154815 31.000000 0.020777
2.023319 3.997275 30.000000 0.021641
1.962308 3.922575 28.000000 0.023935
2.081423 3.687865 26.000000 0.022029
1.686220 4.255629 38.000000 0.021785
2.057218 4.095876 31.000000 0.021587
2.262751 3.591428 24.000000 0.021882
1.920233 3.722792 31.000000 0.022531
1.925085 3.714099 28.000000 0.022987
1.888307 3.663178 30.000000 0.021054
1.591989 3.758298 32.000000 0.024164
1.942505 3.774101 30.000000 0.022080
2.054735 4.362101 31.000000 0.023742
2.152240 4.153882 29.000000 0.022021
1.956198 4.515720 39.000000 0.020531
2.272355 3.957650 26.000000 0.021205
