43.000000 42.000000 2.687508 2.329196 5.016704 1.000000 5.889083
51.000000 50.000000 1.451033 3.021206 4.472239 3.000000 10.820120
14.000000 13.000000 1.203489 3.337074 4.540564 3.000000 11.391909
2.000000 1.000000 0.000000 5.235891 5.235891 4.000000 13.669139
47.000000 45.000000 2.043385 2.397101 4.440486 7.000000 21.735230
37.000000 35.000000 3.161221 2.598214 5.759435 6.000000 22.174432
60.000000 46.000000 2.396724 2.243120 4.639844 5.000000 16.947068
46.000000 32.000000 2.061823 2.259821 4.321645 5.000000 16.993804
70.000000 27.000000 1.948091 2.802640 4.750731 1.000000 5.872102
80.000000 37.000000 2.246005 2.287469 4.533474 3.000000 11.169818
84.000000 33.000000 2.407771 2.139013 4.546784 5.000000 16.006060
78.000000 27.000000 1.841297 2.149220 3.990517 5.000000 17.966339
96.000000 26.000000 1.901509 2.783987 4.685495 1.000000 5.919681
111.000000 41.000000 3.211583 1.859081 5.070664 3.000000 12.302693
112.000000 32.000000 2.624049 2.215543 4.839591 5.000000 17.065165
112.000000 32.000000 2.769505 2.057891 4.827396 6.000000 21.592636
123.000000 27.000000 2.177928 2.314053 4.491981 1.000000 5.884012
124.000000 28.000000 1.964104 2.302645 4.266749 3.000000 10.077250
135.000000 24.000000 2.019517 2.465220 4.484737 5.000000 16.806983
142.000000 31.000000 3.216983 2.526347 5.743330 7.000000 23.922932
161.000000 38.000000 3.008460 2.261482 5.269942 1.000000 6.201335
154.000000 31.000000 2.512034 2.068186 4.580219 2.000000 9.823184
147.000000 23.000000 1.770659 2.176406 3.947065 3.000000 12.558140
161.000000 37.000000 3.273860 2.149497 5.423356 6.000000 21.331716
158.000000 23.000000 2.032533 2.157137 4.189669 7.000000 24.113359
180.000000 33.000000 2.531462 2.011015 4.542477 5.000000 21.294778
175.000000 28.000000 2.489559 1.964478 4.454037 6.000000 23.105453
186.000000 32.000000 2.769716 2.345402 5.115119 5.000000 15.066820
183.000000 29.000000 2.325319 2.019343 4.344662 4.000000 18.325062
184.000000 23.000000 1.948232 2.815177 4.763410 1.000000 5.973945
184.000000 23.000000 1.987283 2.432817 4.420100 2.000000 10.088710
205.000000 21.000000 1.451826 2.644236 4.096062 1.000000 5.680178
223.000000 39.000000 3.538383 2.030526 5.568908 3.000000 11.613623
210.000000 26.000000 1.985275 2.257764 4.243039 4.000000 13.701810
214.000000 30.000000 2.303153 2.233531 4.536685 6.000000 19.032258
211.000000 25.000000 2.483476 2.549354 5.032830 7.000000 22.323715
204.000000 18.000000 1.743357 2.488662 4.232019 6.000000 22.983410
246.000000 41.000000 2.019091 1.881242 3.900333 1.000000 5.649378
237.000000 32.000000 2.104217 2.040873 4.145090 2.000000 8.726557
243.000000 33.000000 2.516064 2.170523 4.686587 6.000000 21.816232
233.000000 23.000000 1.449173 2.173887 3.623060 6.000000 21.657706
253.000000 30.000000 2.673997 2.708888 5.382885 5.000000 16.016732
253.000000 30.000000 2.685220 2.733647 5.418867 6.000000 21.054985
279.000000 42.000000 3.625599 2.046693 5.672292 3.000000 13.243038
269.000000 32.000000 2.144917 1.969664 4.114581 4.000000 15.323529
279.000000 33.000000 1.574836 2.070130 3.644966 1.000000 5.613580
285.000000 39.000000 2.622128 1.693438 4.315566 3.000000 9.687195
282.000000 29.000000 3.086742 2.870934 5.957675 8.000000 25.664022
321.000000 42.000000 2.361158 1.769864 4.131022 1.000000 5.822870
312.000000 33.000000 2.115123 1.864022 3.979145 2.000000 8.971257
307.000000 28.000000 3.150344 3.183754 6.334098 5.000000 19.196088
315.000000 30.000000 2.475565 2.063966 4.539531 4.000000 13.213262
318.000000 33.000000 2.073665 2.064826 4.138491 6.000000 18.385165
342.000000 30.000000 1.905494 2.121830 4.027324 3.000000 11.669654
352.000000 40.000000 2.977276 1.762325 4.739601 5.000000 18.434886
345.000000 30.000000 2.063364 2.013103 4.076467 6.000000 19.638972
342.000000 27.000000 2.220310 2.339720 4.560030 6.000000 22.639371
353.000000 32.000000 2.010349 2.108254 4.118603 1.000000 5.828629
355.000000 34.000000 2.336930 1.813731 4.150661 3.000000 9.846345
371.000000 29.000000 2.181892 2.103059 4.284950 5.000000 17.011329
375.000000 33.000000 2.596761 2.020912 4.617674 7.000000 22.807803
395.000000 42.000000 2.911356 2.034360 4.945716 1.000000 6.162139
383.000000 30.000000 2.322666 2.028683 4.351348 2.000000 9.246679
390.000000 35.000000 2.897153 2.130968 5.028121 4.000000 14.933871
384.000000 29.000000 1.954771 1.976750 3.931521 5.000000 17.352325
411.000000 28.000000 2.144887 2.002292 4.147180 3.000000 12.246405
409.000000 26.000000 1.657105 2.179446 3.836552 4.000000 15.611646
424.000000 29.000000 2.451079 2.498924 4.950003 1.000000 6.100721
424.000000 29.000000 2.329715 2.350512 4.680227 2.000000 10.540449
438.000000 29.000000 2.139460 2.095624 4.235084 7.000000 24.901287
445.000000 34.000000 2.502754 1.855212 4.357966 5.000000 19.799810
439.000000 28.000000 2.100443 2.141601 4.242044 6.000000 21.635540
455.000000 31.000000 2.350732 2.660928 5.011660 1.000000 6.090291
452.000000 28.000000 2.348580 2.202048 4.550628 2.000000 10.161290
474.000000 50.000000 4.954086 2.351245 7.305331 5.000000 20.828568
454.000000 30.000000 2.339663 2.308056 4.647719 5.000000 18.930801
483.000000 31.000000 2.645590 2.155180 4.800770 4.000000 14.684070
486.000000 34.000000 2.319837 2.172182 4.492019 6.000000 19.832331
496.000000 41.000000 3.531556 2.433125 5.964681 1.000000 6.478154
481.000000 26.000000 2.172629 2.497805 4.670434 2.000000 9.722270
511.000000 30.000000 2.382456 2.176972 4.559429 3.000000 13.378802
509.000000 28.000000 2.436321 2.342347 4.778668 4.000000 16.994135
519.000000 23.000000 2.222919 3.214886 5.437806 1.000000 6.347872
516.000000 20.000000 1.353649 2.664469 4.018118 2.000000 10.351815
541.000000 30.000000 2.502386 1.974170 4.476555 5.000000 20.664190
536.000000 25.000000 1.935781 2.507768 4.443549 6.000000 22.755961
547.000000 31.000000 2.365012 2.003362 4.368375 3.000000 14.894974
552.000000 36.000000 2.592697 2.112210 4.704907 7.000000 20.829367
551.000000 32.000000 2.462948 2.644735 5.107683 1.000000 6.186005
551.000000 32.000000 3.178187 2.706642 5.884829 2.000000 11.215664
571.000000 24.000000 1.480929 2.152022 3.632952 5.000000 21.048928
571.000000 24.000000 1.828161 2.157128 3.985289 6.000000 24.662058
585.000000 34.000000 2.187754 2.326141 4.513895 1.000000 5.958831
585.000000 34.000000 3.389975 2.555918 5.945893 2.000000 10.828138
573.000000 22.000000 1.799588 3.100485 4.900073 3.000000 13.575269
572.000000 21.000000 1.677018 2.942622 4.619639 4.000000 17.714003
605.000000 32.000000 2.643175 2.308204 4.951379 5.000000 21.055208
614.000000 29.000000 1.921319 2.302904 4.224223 1.000000 5.952911
613.000000 28.000000 2.241952 2.172182 4.414134 2.000000 9.925698
606.000000 21.000000 2.035733 3.065108 5.100841 3.000000 12.810503
613.000000 28.000000 2.776084 2.699204 5.475288 5.000000 19.974078
639.000000 33.000000 2.662430 2.586870 5.249300 5.000000 20.837321
630.000000 24.000000 2.167539 2.560156 4.727695 6.000000 21.870141
642.000000 29.000000 2.000666 2.184033 4.184699 4.000000 13.542376
645.000000 32.000000 2.634125 2.243963 4.878089 6.000000 18.559967
640.000000 26.000000 1.900054 2.301874 4.201929 1.000000 5.918042
648.000000 34.000000 2.414508 1.900950 4.315458 3.000000 10.906563
675.000000 35.000000 2.566719 2.268749 4.835468 1.000000 6.193050
672.000000 32.000000 2.150887 2.030373 4.181260 2.000000 10.118596
672.000000 30.000000 1.944489 2.192897 4.137386 5.000000 21.292302
669.000000 27.000000 2.162255 1.985873 4.148128 6.000000 23.655289
678.000000 30.000000 2.318728 1.957532 4.276260 5.000000 15.432028
674.000000 26.000000 1.793491 2.341322 4.134813 5.000000 18.074534
704.000000 32.000000 2.566400 2.025564 4.591964 3.000000 14.660673
713.000000 41.000000 3.380635 2.134012 5.514647 7.000000 22.684703
709.000000 34.000000 2.775260 2.625912 5.401172 1.000000 6.452374
704.000000 29.000000 2.399840 2.206449 4.606289 2.000000 10.470722
706.000000 28.000000 1.957491 2.121263 4.078754 7.000000 23.528226
735.000000 31.000000 2.774757 2.375128 5.149885 4.000000 15.104555
738.000000 34.000000 2.502233 2.367837 4.870069 7.000000 21.091561
736.000000 27.000000 1.979180 2.830158 4.809338 1.000000 6.128151
732.000000 23.000000 2.024658 2.573439 4.598097 2.000000 9.953793
767.000000 35.000000 3.332297 2.258637 5.590935 3.000000 14.985789
764.000000 32.000000 2.233781 2.325368 4.559149 4.000000 18.710574
762.000000 27.000000 2.561875 2.682551 5.244425 5.000000 22.748051
767.000000 31.000000 2.259275 2.439224 4.698499 1.000000 6.108756
768.000000 32.000000 2.539197 2.227705 4.766902 3.000000 10.387617
794.000000 27.000000 1.821294 2.457280 4.278574 1.000000 5.955335
794.000000 27.000000 1.562067 1.988904 3.550971 2.000000 9.524024
796.000000 29.000000 2.698637 2.730129 5.428765 8.000000 22.670581
788.000000 21.000000 1.958242 2.831493 4.789735 6.000000 23.191935
793.000000 25.000000 2.152616 2.211029 4.363645 3.000000 12.948500
800.000000 32.000000 2.561824 2.370627 4.932451 7.000000 19.565365
826.000000 33.000000 2.577398 2.041435 4.618832 6.000000 20.792272
825.000000 32.000000 2.496932 2.165724 4.662655 7.000000 24.350024
835.000000 41.000000 2.965327 2.017245 4.982572 1.000000 6.239608
823.000000 29.000000 2.229130 2.009551 4.238681 2.000000 9.192594
831.000000 37.000000 2.495466 1.946166 4.441632 4.000000 14.841398
833.000000 39.000000 2.861123 1.706355 4.567478 6.000000 19.574194
858.000000 35.000000 2.788339 2.051485 4.839823 3.000000 13.846981
858.000000 35.000000 2.845647 1.812990 4.658636 4.000000 18.287130
860.000000 25.000000 1.994676 2.604826 4.599502 1.000000 6.082695
865.000000 30.000000 2.533104 2.151790 4.684894 3.000000 10.882666
888.000000 30.000000 2.630604 2.550827 5.181430 5.000000 21.776444
882.000000 24.000000 1.931302 2.165450 4.096752 6.000000 23.360060
890.000000 30.000000 2.248278 2.517085 4.765363 1.000000 6.173588
888.000000 28.000000 2.139904 2.140905 4.280809 2.000000 10.092030
892.000000 27.000000 2.401828 2.500619 4.902447 5.000000 15.158048
894.000000 29.000000 2.121790 1.987457 4.109246 7.000000 20.147850
918.000000 30.000000 2.281321 1.987723 4.269044 5.000000 14.098452
919.000000 31.000000 2.353873 2.216598 4.570471 7.000000 18.455731
917.000000 27.000000 1.663318 2.476681 4.139999 1.000000 5.901760
917.000000 27.000000 2.305590 2.161531 4.467121 2.000000 9.748603
918.000000 26.000000 2.283479 2.371675 4.655154 7.000000 22.501734
955.000000 38.000000 2.716490 2.256055 4.972544 1.000000 6.302604
955.000000 38.000000 2.866572 1.861277 4.727849 2.000000 10.698071
939.000000 22.000000 1.552853 2.389422 3.942274 3.000000 11.434259
951.000000 34.000000 2.489803 1.987989 4.477792 5.000000 19.013384
941.000000 23.000000 1.586012 2.014571 3.600583 6.000000 19.119846
971.000000 32.000000 2.382755 1.889451 4.272206 5.000000 18.485983
971.000000 32.000000 2.432133 1.988390 4.420523 6.000000 22.528674
985.000000 30.000000 2.278680 2.396428 4.675108 1.000000 6.103802
979.000000 24.000000 1.781215 2.413759 4.194975 2.000000 9.671727
982.000000 27.000000 2.210917 2.379953 4.590870 4.000000 14.188081
989.000000 34.000000 3.001305 2.204299 5.205605 7.000000 20.951004
1013.000000 34.000000 2.618909 1.991244 4.610153 4.000000 13.940692
1011.000000 32.000000 2.337760 2.002774 4.340534 5.000000 17.347366
1013.000000 31.000000 2.641280 2.034113 4.675394 7.000000 22.508671
1010.000000 25.000000 1.706983 2.618085 4.325068 1.000000 5.924354
1016.000000 31.000000 2.179013 2.017675 4.196688 3.000000 10.479961
1044.000000 34.000000 2.285109 2.108215 4.393324 1.000000 6.010993
1043.000000 33.000000 2.339607 2.003886 4.343493 2.000000 9.945600
1043.000000 30.000000 2.503270 2.359243 4.862512 5.000000 21.276544
1045.000000 29.000000 2.014707 2.175386 4.190093 5.000000 14.195480
1054.000000 38.000000 2.833159 1.998538 4.831697 7.000000 21.614557
1078.000000 35.000000 2.789295 1.961992 4.751287 5.000000 14.783802
1074.000000 31.000000 2.281885 2.361937 4.643822 4.000000 17.986858
1076.000000 32.000000 2.680819 2.263985 4.944805 1.000000 6.244830
1074.000000 30.000000 1.920853 1.999154 3.920007 2.000000 10.103760
1081.000000 36.000000 2.891904 2.220813 5.112717 9.000000 25.936101
1106.000000 32.000000 2.030768 1.956609 3.987377 4.000000 14.740533
1111.000000 37.000000 2.621786 1.860184 4.481970 6.000000 20.483871
1113.000000 37.000000 2.216733 1.990100 4.206833 1.000000 5.862170
1096.000000 20.000000 1.625539 3.075278 4.700816 2.000000 8.937824
1106.000000 28.000000 2.072725 2.196892 4.269618 6.000000 22.346634
1123.000000 27.000000 1.921485 2.426793 4.348278 3.000000 10.685484
1126.000000 30.000000 2.426641 2.330923 4.757564 5.000000 15.556287
1137.000000 31.000000 2.022582 1.992665 4.015247 7.000000 24.338057
1144.000000 31.000000 2.059688 2.263111 4.322799 1.000000 5.968720
1145.000000 32.000000 2.267021 1.944531 4.211552 3.000000 10.007726
1158.000000 35.000000 2.971265 1.864022 4.835287 5.000000 16.934652
1156.000000 33.000000 2.831139 2.355672 5.186811 6.000000 21.078870
1173.000000 29.000000 1.970013 2.252152 4.222165 1.000000 5.910816
1176.000000 32.000000 2.054096 2.032417 4.086513 3.000000 9.911841
1176.000000 31.000000 2.551190 2.184573 4.735763 4.000000 13.974159
1176.000000 31.000000 1.972846 1.855212 3.828058 5.000000 17.892820
1209.000000 36.000000 2.376228 2.066315 4.442542 1.000000 6.029228
1206.000000 33.000000 2.346396 1.977582 4.323978 2.000000 9.919355
1211.000000 35.000000 2.728295 1.977582 4.705877 5.000000 15.081512
1208.000000 32.000000 2.733869 1.987989 4.721857 5.000000 18.565730
1200.000000 24.000000 1.620350 2.389016 4.009365 5.000000 19.441996
1199.000000 23.000000 1.734907 2.325773 4.060679 6.000000 22.904158
1234.000000 28.000000 2.071186 2.289230 4.360416 3.000000 13.446328
1242.000000 36.000000 3.071851 1.987554 5.059405 7.000000 20.757363
1234.000000 25.000000 2.041144 2.430798 4.471941 1.000000 6.065266
1240.000000 31.000000 2.158183 1.984454 4.142637 3.000000 10.773048
1236.000000 25.000000 1.991574 2.353377 4.344951 7.000000 22.324259
1262.000000 28.000000 2.047264 2.211698 4.258961 1.000000 5.946544
1267.000000 33.000000 2.405757 2.158724 4.564481 3.000000 10.487396
1268.000000 34.000000 2.795669 2.176972 4.972642 7.000000 22.618739
1260.000000 26.000000 2.139333 2.151554 4.290887 6.000000 22.972091
1271.000000 31.000000 2.032636 2.149094 4.181730 5.000000 15.466590
1268.000000 28.000000 2.149897 1.978016 4.127914 6.000000 18.384146
1316.000000 54.000000 4.022237 1.919692 5.941929 1.000000 6.804562
1290.000000 28.000000 2.040935 2.208337 4.249272 2.000000 9.155760
1312.000000 45.000000 4.475782 2.335070 6.810852 4.000000 18.637296
1295.000000 28.000000 2.367881 2.202781 4.570662 5.000000 18.372995
1299.000000 28.000000 2.650420 2.024443 4.674862 7.000000 24.303818
1324.000000 34.000000 2.910615 2.198174 5.108789 3.000000 13.009709
1324.000000 34.000000 2.548918 1.987554 4.536472 4.000000 17.421089
1345.000000 29.000000 3.409693 3.157795 6.567488 1.000000 6.959132
1346.000000 30.000000 2.533264 2.713421 5.246685 3.000000 12.556970
1350.000000 26.000000 2.378505 2.505486 4.883991 5.000000 18.557393
1345.000000 21.000000 1.794681 2.497578 4.292259 4.000000 20.856375
1364.000000 19.000000 2.222083 4.080586 6.302669 1.000000 6.878108
1385.000000 40.000000 3.936034 2.562851 6.498886 3.000000 16.182588
1381.000000 35.000000 2.524353 2.189566 4.713919 4.000000 19.813108
1376.000000 30.000000 3.354280 3.092378 6.446658 5.000000 22.874834
1399.000000 35.000000 3.576879 3.321480 6.898358 1.000000 7.180078
1395.000000 31.000000 3.481436 2.994514 6.475950 2.000000 12.595945
1418.000000 23.000000 1.658994 2.542022 4.201015 4.000000 15.469297
1416.000000 21.000000 2.587930 3.851094 6.439023 4.000000 19.718050
1417.000000 18.000000 2.297775 4.579829 6.877604 1.000000 7.126643
1421.000000 22.000000 1.360759 2.310575 3.671335 3.000000 12.497219
1440.000000 23.000000 2.425886 3.628379 6.054265 1.000000 6.831602
1443.000000 26.000000 2.574275 3.073417 5.647693 3.000000 12.371619
1452.000000 31.000000 2.300801 1.797441 4.098242 5.000000 19.480724
1450.000000 29.000000 1.674761 1.863446 3.538207 6.000000 22.331989
1465.000000 25.000000 1.858365 2.898704 4.757068 1.000000 6.233034
1459.000000 19.000000 1.597607 3.124605 4.722212 2.000000 10.052910
1468.000000 25.000000 2.430051 3.046178 5.476229 5.000000 16.859004
1468.000000 25.000000 2.335295 2.480572 4.815867 6.000000 21.647345
1482.000000 23.000000 1.804645 2.514273 4.318919 3.000000 12.324805
1488.000000 29.000000 2.133631 2.343809 4.477440 5.000000 18.037342
1489.000000 24.000000 1.881004 2.335044 4.216048 1.000000 5.896932
1492.000000 27.000000 1.702938 2.339670 4.042608 3.000000 9.921859
1492.000000 24.000000 2.225027 2.720351 4.945378 8.000000 23.793218
1515.000000 33.000000 2.381492 1.996588 4.378080 5.000000 18.812070
1512.000000 30.000000 2.096456 2.159807 4.256263 6.000000 21.173432
1522.000000 33.000000 2.029441 2.160240 4.189681 1.000000 5.997427
1525.000000 36.000000 2.572160 1.836636 4.408796 3.000000 10.200653
1530.000000 38.000000 2.875512 2.029007 4.904519 5.000000 15.640983
1526.000000 34.000000 2.546564 2.065600 4.612164 6.000000 18.597815
1555.000000 33.000000 2.224461 2.260331 4.484792 1.000000 6.147145
1569.000000 47.000000 3.847375 1.837602 5.684978 3.000000 12.603270
1554.000000 29.000000 1.996238 2.037339 4.033578 3.000000 13.608871
1555.000000 30.000000 2.167412 2.180114 4.347526 5.000000 17.812144
1553.000000 23.000000 1.610319 2.393312 4.003631 5.000000 20.874312
1587.000000 33.000000 2.343366 2.077009 4.420375 7.000000 23.328199
1583.000000 28.000000 2.042453 2.429807 4.472260 1.000000 6.154732
1578.000000 23.000000 1.739509 2.226668 3.966177 2.000000 9.625357
1593.000000 24.000000 2.450667 2.756383 5.207050 5.000000 16.904649
1590.000000 21.000000 1.648104 2.911305 4.559408 6.000000 20.489370
1607.000000 29.000000 1.816337 1.987989 3.804325 3.000000 13.054043
1611.000000 33.000000 2.310184 1.871480 4.181663 6.000000 17.704563
1613.000000 30.000000 2.236732 2.202693 4.439425 1.000000 6.170038
1610.000000 27.000000 1.952612 2.308257 4.260869 2.000000 9.835896
1641.000000 34.000000 2.299940 1.842937 4.142877 6.000000 22.087174
1637.000000 30.000000 2.219927 1.798100 4.018027 7.000000 24.149647
1642.000000 32.000000 2.538150 2.175513 4.713663 4.000000 14.075781
1634.000000 24.000000 1.814545 2.011398 3.825943 4.000000 15.965634
1650.000000 37.000000 2.538273 2.158425 4.696698 1.000000 6.243094
1641.000000 28.000000 2.148355 2.265440 4.413795 2.000000 9.580279
1673.000000 32.000000 2.128390 2.069216 4.197606 3.000000 13.050029
1672.000000 31.000000 2.203616 2.342140 4.545756 4.000000 16.765183
1673.000000 31.000000 2.844144 2.575420 5.419564 6.000000 21.807588
1678.000000 28.000000 1.820551 2.552148 4.372699 1.000000 6.101518
1684.000000 34.000000 2.521345 2.186630 4.707975 3.000000 10.869080
1705.000000 32.000000 2.257831 2.242877 4.500709 5.000000 20.145071
1708.000000 30.000000 1.826896 2.363819 4.190715 1.000000 5.987778
1711.000000 33.000000 2.432327 2.005467 4.437794 3.000000 10.194303
1714.000000 30.000000 2.216558 2.040493 4.257051 5.000000 14.869990
1708.000000 24.000000 1.960511 2.528740 4.489251 4.000000 17.246607
1741.000000 33.000000 1.990635 2.179446 4.170081 1.000000 5.999800
1735.000000 27.000000 1.826601 2.027385 3.853987 2.000000 9.192501
1741.000000 30.000000 2.734684 2.367837 5.102521 4.000000 14.419515
1741.000000 30.000000 1.961349 2.021815 3.983165 5.000000 18.622829
1741.000000 27.000000 1.788275 2.020095 3.808370 6.000000 22.260159
1765.000000 30.000000 2.206484 1.974456 4.180940 3.000000 12.420321
1770.000000 35.000000 2.004195 2.011695 4.015889 6.000000 17.519781
1770.000000 29.000000 1.684031 2.147394 3.831425 1.000000 5.815111
1768.000000 27.000000 1.908403 1.949835 3.858238 2.000000 9.187223
1773.000000 32.000000 2.893528 2.553381 5.446909 9.000000 23.156259
1765.000000 24.000000 1.890955 2.687209 4.578164 6.000000 23.565188
1795.000000 30.000000 1.974277 1.824190 3.798467 5.000000 18.860426
1791.000000 26.000000 1.918940 2.183314 4.102254 6.000000 20.766129
1797.000000 29.000000 1.795467 2.002226 3.797693 3.000000 12.236559
1801.000000 33.000000 2.421882 1.835452 4.257334 5.000000 16.977477
1804.000000 34.000000 2.254355 1.969598 4.223953 1.000000 5.966740
1804.000000 34.000000 2.124320 1.816791 3.941111 2.000000 9.723945
1839.000000 42.000000 2.730171 1.623950 4.354120 7.000000 21.991039
1826.000000 29.000000 1.762929 2.160446 3.923375 6.000000 20.710279
1839.000000 35.000000 2.123376 2.152432 4.275808 1.000000 5.937559
1833.000000 29.000000 1.908989 1.822893 3.731882 2.000000 9.114595
1839.000000 35.000000 2.177923 2.024084 4.202007 4.000000 13.875740
1838.000000 34.000000 2.215834 2.019793 4.235627 5.000000 17.393587
1874.000000 41.000000 2.736701 1.841952 4.578653 5.000000 14.678291
1869.000000 36.000000 2.452910 1.694091 4.147001 5.000000 17.378535
1863.000000 24.000000 1.662606 2.224598 3.887204 1.000000 5.723627
1870.000000 31.000000 2.244374 2.008302 4.252676 3.000000 10.002863
1863.000000 24.000000 1.694079 2.305463 3.999542 5.000000 19.097969
1903.000000 40.000000 2.170208 1.911798 4.082006 1.000000 5.839487
1903.000000 40.000000 2.941642 1.811902 4.753543 2.000000 9.933436
1897.000000 27.000000 1.771406 2.021611 3.793017 3.000000 12.890898
1902.000000 32.000000 1.919029 2.194245 4.113273 5.000000 18.038946
1903.000000 29.000000 2.325511 2.172418 4.497929 7.000000 22.389712
1934.000000 37.000000 2.541705 1.953894 4.495599 8.000000 22.788018
1928.000000 31.000000 2.215221 1.852545 4.067767 6.000000 23.520418
1934.000000 31.000000 2.033889 2.081537 4.115426 1.000000 5.852675
1933.000000 30.000000 1.840443 2.004130 3.844572 2.000000 9.357960
1933.000000 30.000000 2.600914 2.369208 4.970123 3.000000 13.379691
1933.000000 30.000000 2.432973 2.360619 4.793592 4.000000 17.799417
1982.000000 49.000000 4.398219 1.830736 6.228955 5.000000 17.355757
1965.000000 32.000000 2.400115 1.996335 4.396450 5.000000 17.484242
1958.000000 25.000000 2.247327 2.602667 4.849994 5.000000 19.328619
1958.000000 25.000000 1.799898 2.164371 3.964269 6.000000 23.527266
1963.000000 29.000000 2.179200 2.123154 4.302354 1.000000 5.945105
1967.000000 33.000000 2.209382 1.837602 4.046984 3.000000 10.246388
1997.000000 34.000000 2.278333 2.142186 4.420519 1.000000 6.056221
1998.000000 35.000000 2.493673 2.109551 4.603224 3.000000 10.163934
1996.000000 29.000000 2.168397 1.806808 3.975206 3.000000 13.755463
2006.000000 39.000000 2.852376 2.042692 4.895068 7.000000 21.295260
2031.000000 35.000000 2.538447 1.834392 4.372839 7.000000 24.123777
2025.000000 28.000000 1.875369 2.402337 4.277706 1.000000 5.955828
2027.000000 30.000000 2.082231 1.930971 4.013202 3.000000 10.051411
2034.000000 36.000000 3.690862 2.393028 6.083891 5.000000 16.377067
2035.000000 37.000000 2.980470 1.974661 4.955131 7.000000 21.824597
2057.000000 32.000000 2.103146 2.216305 4.319450 1.000000 6.017229
2056.000000 31.000000 2.223328 1.992424 4.215752 2.000000 9.838710
2056.000000 29.000000 2.246313 1.995099 4.241412 3.000000 13.719000
2058.000000 31.000000 2.069149 1.980570 4.049719 7.000000 18.456653
2056.000000 22.000000 1.785960 2.908630 4.694591 5.000000 21.341834
2052.000000 18.000000 1.658693 3.218647 4.877340 6.000000 23.871740
2082.000000 26.000000 2.291948 2.187200 4.479147 3.000000 12.907585
2093.000000 37.000000 2.980994 2.002292 4.983286 6.000000 20.949545
2090.000000 34.000000 2.387041 2.026048 4.413088 7.000000 23.733958
2079.000000 23.000000 1.915661 2.274589 4.190250 6.000000 22.629981
2088.000000 31.000000 1.739433 2.049193 3.788626 1.000000 5.809812
2093.000000 36.000000 3.133873 2.188000 5.321873 3.000000 10.486111
2112.000000 30.000000 2.182344 2.158527 4.340871 5.000000 19.258435
2107.000000 25.000000 2.342068 2.287021 4.629089 6.000000 21.211358
2120.000000 32.000000 2.159797 2.013492 4.173289 1.000000 5.984667
2123.000000 35.000000 2.158525 1.809872 3.968398 3.000000 10.073037
2123.000000 30.000000 2.752837 2.567782 5.320620 4.000000 14.337697
2117.000000 24.000000 2.167815 2.547099 4.714915 4.000000 17.013234
2136.000000 19.000000 1.539657 2.515563 4.055220 7.000000 22.770184
2152.000000 32.000000 1.937425 2.217391 4.154815 1.000000 5.942423
2150.000000 30.000000 2.030301 1.948604 3.978905 2.000000 9.579458
2150.000000 27.000000 1.864726 2.134012 3.998738 3.000000 13.296815
2163.000000 40.000000 2.817080 1.818276 4.635356 7.000000 21.542339
2148.000000 25.000000 2.127981 2.548358 4.676340 5.000000 19.756349
2146.000000 23.000000 2.144987 2.492388 4.637375 6.000000 23.325773
2176.000000 26.000000 1.777236 2.157282 3.934518 3.000000 12.546584
2182.000000 32.000000 2.186674 1.832316 4.018990 6.000000 17.980365
2182.000000 32.000000 2.298520 1.857177 4.155698 7.000000 21.752688
2174.000000 24.000000 1.774570 2.101379 3.875950 6.000000 21.655242
2183.000000 31.000000 1.973956 2.023319 3.997275 1.000000 5.920784
2179.000000 27.000000 1.846518 2.146915 3.993433 2.000000 9.265127
2209.000000 33.000000 2.313164 1.844092 4.157256 6.000000 20.301708
2200.000000 24.000000 1.638606 2.112020 3.750626 6.000000 20.498992
2211.000000 32.000000 2.527679 2.172418 4.700097 3.000000 13.130930
2207.000000 28.000000 2.087674 1.858010 3.945683 4.000000 16.065494
2212.000000 29.000000 1.960267 1.962309 3.922575 1.000000 5.783993
2212.000000 29.000000 1.949825 1.895254 3.845079 2.000000 9.334939
2243.000000 32.000000 2.549739 2.024443 4.574182 7.000000 21.133463
2237.000000 26.000000 2.141912 2.497576 4.639489 6.000000 22.813984
2239.000000 27.000000 1.606442 2.081423 3.687865 1.000000 5.696329
2241.000000 29.000000 1.698186 1.832974 3.531159 3.000000 9.194726
2250.000000 38.000000 2.902747 1.837780 4.740527 5.000000 14.771434
2253.000000 41.000000 3.924770 1.987457 5.912227 7.000000 20.735337
2278.000000 39.000000 2.569409 1.686220 4.255629 1.000000 5.905558
2270.000000 31.000000 1.789919 1.929290 3.719209 2.000000 8.977796
2276.000000 35.000000 2.528978 1.787020 4.315999 4.000000 13.727062
2277.000000 36.000000 2.006970 1.836187 3.843158 6.000000 17.941113
2278.000000 28.000000 1.955540 2.433434 4.388974 8.000000 22.036053
2273.000000 23.000000 1.890038 2.498055 4.388093 7.000000 23.670684
2301.000000 31.000000 1.857895 1.755463 3.613358 3.000000 11.966501
2315.000000 45.000000 3.804983 1.918457 5.723440 7.000000 20.529345
2303.000000 27.000000 1.935570 2.308835 4.244404 7.000000 23.419887
2310.000000 32.000000 2.038658 2.057218 4.095876 1.000000 5.846530
2312.000000 34.000000 2.670546 2.013910 4.684455 3.000000 10.006272
2337.000000 36.000000 2.415791 1.850627 4.266418 6.000000 20.451977
2331.000000 30.000000 2.430526 1.809670 4.240196 6.000000 22.296512
2335.000000 25.000000 1.328678 2.262751 3.591428 1.000000 5.603719
2339.000000 29.000000 2.426448 1.798942 4.225390 3.000000 9.527382
2337.000000 25.000000 2.032592 2.176094 4.208686 4.000000 12.893794
2344.000000 32.000000 2.683617 2.222833 4.906450 7.000000 19.467908
2367.000000 32.000000 1.802558 1.920233 3.722792 1.000000 5.708829
2371.000000 36.000000 2.418811 1.634286 4.053097 3.000000 9.571204
2371.000000 34.000000 2.330986 2.021273 4.352259 6.000000 21.676879
2367.000000 30.000000 2.361946 2.165940 4.527885 6.000000 24.070060
2371.000000 32.000000 2.551582 2.181296 4.732878 4.000000 13.620632
2375.000000 36.000000 2.556853 1.849027 4.405880 7.000000 19.310375
2396.000000 29.000000 1.789014 1.925085 3.714099 1.000000 5.659329
2397.000000 30.000000 1.999716 1.694241 3.693957 3.000000 9.112355
2405.000000 34.000000 2.681248 1.988390 4.669638 5.000000 14.774370
2398.000000 27.000000 1.839713 1.976702 3.816415 6.000000 16.453735
2401.000000 30.000000 2.663614 2.365655 5.029270 8.000000 22.020499
2427.000000 31.000000 1.774871 1.888307 3.663178 1.000000 5.697828
2428.000000 32.000000 2.113771 1.668162 3.781933 3.000000 9.210526
2424.000000 27.000000 1.887177 1.822512 3.709689 3.000000 12.110660
2437.000000 40.000000 2.475492 1.871193 4.346685 7.000000 19.434557
2432.000000 27.000000 2.159390 2.196886 4.356276 8.000000 21.564141
2461.000000 37.000000 2.400788 1.771560 4.172348 7.000000 20.793971
2453.000000 29.000000 1.934133 1.812965 3.747098 6.000000 20.483871
2460.000000 33.000000 2.166309 1.591990 3.758298 1.000000 5.716129
2459.000000 32.000000 1.891676 1.812899 3.704575 2.000000 9.116129
2463.000000 35.000000 2.612208 1.998677 4.610885 5.000000 13.712265
2463.000000 35.000000 2.461070 1.812965 4.274035 6.000000 17.726755
2492.000000 33.000000 2.153836 2.002292 4.156128 4.000000 13.368746
2491.000000 32.000000 2.162471 1.894250 4.056721 4.000000 16.724173
2491.000000 31.000000 1.831596 1.942505 3.774101 1.000000 5.697121
2495.000000 35.000000 2.652782 1.880895 4.533677 3.000000 9.997356
2490.000000 27.000000 1.823310 2.201522 4.024832 5.000000 20.247515
2523.000000 32.000000 2.307366 2.054735 4.362101 1.000000 5.943641
2530.000000 39.000000 2.863377 1.694091 4.557468 3.000000 10.639873
2528.000000 36.000000 3.183198 2.024443 5.207640 8.000000 23.755227
2526.000000 31.000000 2.435669 2.309243 4.744912 4.000000 14.122514
2524.000000 29.000000 2.242656 2.064844 4.307500 5.000000 17.608942
2553.000000 30.000000 2.001642 2.152240 4.153882 1.000000 5.860549
2555.000000 32.000000 2.592774 2.148996 4.741770 3.000000 9.904924
2559.000000 33.000000 2.705893 2.382892 5.088785 7.000000 23.483555
2565.000000 35.000000 3.034738 2.186601 5.221338 5.000000 16.929454
2565.000000 35.000000 2.630856 2.208937 4.839793 6.000000 21.592742
2593.000000 40.000000 2.559522 1.956198 4.515720 1.000000 6.046989
2581.000000 28.000000 1.868854 2.059719 3.928573 2.000000 9.075877
2590.000000 35.000000 2.878971 2.526571 5.405541 4.000000 14.781695
2585.000000 30.000000 2.517258 2.159807 4.677065 5.000000 18.131792
2618.000000 37.000000 2.527613 1.820553 4.348166 3.000000 13.025131
2612.000000 31.000000 1.837322 2.132421 3.969744 4.000000 15.399194
2612.000000 22.000000 1.743083 2.748368 4.491451 5.000000 19.353056
2620.000000 27.000000 1.685295 2.272355 3.957650 1.000000 5.761885
2624.000000 31.000000 2.010783 2.182560 4.193344 3.000000 10.006801
