40.000000 37.000000 2.887741 2.186720 5.074461 9.000000 24.986943
61.000000 28.000000 1.920452 2.285359 4.205810 1.000000 4.958498
64.000000 31.000000 1.934230 2.161531 4.095761 3.000000 9.188887
68.000000 35.000000 2.783404 2.172583 4.955987 9.000000 23.557393
66.000000 32.000000 2.476007 1.984451 4.460458 5.000000 13.543805
65.000000 31.000000 2.548623 2.567357 5.115980 6.000000 17.688434
92.000000 31.000000 2.237240 2.074707 4.311947 1.000000 5.071788
90.000000 29.000000 1.610701 2.105570 3.716272 2.000000 8.715726
95.000000 31.000000 2.291044 1.973038 4.264082 5.000000 13.447581
95.000000 31.000000 2.318981 1.963208 4.282189 6.000000 17.474681
95.000000 29.000000 1.976915 2.112654 4.089569 7.000000 21.453580
134.000000 44.000000 3.625963 1.984615 5.610578 5.000000 16.137993
134.000000 44.000000 3.365201 1.838879 5.204079 6.000000 21.140498
132.000000 40.000000 3.030789 2.203371 5.234160 1.000000 5.552539
122.000000 30.000000 2.214345 1.971078 4.185423 2.000000 8.857299
123.000000 28.000000 2.110613 2.126674 4.237287 6.000000 20.716129
121.000000 26.000000 2.161784 2.115955 4.277739 6.000000 23.628146
149.000000 27.000000 2.182737 2.199421 4.382158 3.000000 12.200143
159.000000 37.000000 2.702905 2.019703 4.722609 6.000000 19.750504
161.000000 29.000000 2.634817 2.700363 5.335181 1.000000 5.643625
158.000000 26.000000 2.242671 2.496978 4.739649 2.000000 9.714707
177.000000 28.000000 1.867598 2.021611 3.889210 5.000000 18.421866
177.000000 28.000000 2.095586 2.332551 4.428136 6.000000 22.442396
184.000000 26.000000 1.849873 2.539863 4.389737 3.000000 13.311521
190.000000 32.000000 2.386955 2.121830 4.508785 7.000000 19.304435
187.000000 26.000000 2.171240 2.830872 5.002112 1.000000 5.430386
188.000000 27.000000 2.001774 2.539735 4.541509 3.000000 9.844913
216.000000 32.000000 2.608707 2.215262 4.823969 6.000000 21.596218
214.000000 30.000000 2.234605 2.152902 4.387507 6.000000 25.010241
216.000000 29.000000 2.087203 2.500891 4.588094 1.000000 5.304878
215.000000 28.000000 1.983865 2.350512 4.334377 2.000000 9.304435
217.000000 29.000000 2.153143 2.127144 4.280288 5.000000 13.754839
225.000000 37.000000 3.052963 2.194605 5.247568 7.000000 20.806452
247.000000 32.000000 2.335721 2.167731 4.503452 3.000000 13.034946
246.000000 31.000000 2.433121 1.998538 4.431659 4.000000 16.755583
248.000000 32.000000 2.059702 2.232029 4.291730 1.000000 5.166208
248.000000 32.000000 1.987608 2.335235 4.322844 2.000000 9.112903
255.000000 38.000000 2.921413 2.157282 5.078695 9.000000 25.332068
281.000000 34.000000 2.827125 2.234549 5.061673 7.000000 22.006389
279.000000 32.000000 2.683265 2.157282 4.840547 6.000000 25.546681
289.000000 41.000000 2.813653 2.252977 5.066630 1.000000 5.593918
281.000000 33.000000 2.326795 2.020174 4.346970 2.000000 9.090738
280.000000 32.000000 2.292210 2.003331 4.295542 3.000000 12.973149
279.000000 31.000000 2.346530 2.185062 4.531591 4.000000 16.772411
317.000000 37.000000 2.934624 2.232747 5.167371 7.000000 23.081120
309.000000 28.000000 2.026074 2.168284 4.194358 3.000000 11.956732
312.000000 31.000000 2.033872 2.001866 4.035738 5.000000 16.512477
322.000000 33.000000 2.345886 2.465684 4.811570 1.000000 5.528963
323.000000 34.000000 2.827556 2.363613 5.191168 3.000000 10.280136
339.000000 30.000000 2.246472 1.866944 4.113416 5.000000 18.389088
339.000000 30.000000 2.439048 2.154518 4.593566 6.000000 22.468178
356.000000 34.000000 2.635877 2.511638 5.147515 1.000000 5.544659
353.000000 31.000000 2.292687 2.350302 4.642989 2.000000 9.744771
346.000000 23.000000 1.953805 2.697611 4.651417 3.000000 12.825101
348.000000 25.000000 2.070140 2.523689 4.593829 5.000000 17.633220
379.000000 33.000000 2.629719 2.341322 4.971041 7.000000 21.534519
377.000000 24.000000 1.797330 2.517248 4.314578 3.000000 12.797837
385.000000 32.000000 2.765942 2.159994 4.925936 7.000000 19.696095
379.000000 23.000000 1.715158 2.585558 4.300716 1.000000 5.167155
378.000000 22.000000 1.696085 2.350229 4.046314 2.000000 8.941853
405.000000 28.000000 1.781721 2.003837 3.785558 5.000000 18.867805
413.000000 35.000000 2.501525 2.012822 4.514347 5.000000 13.549319
405.000000 27.000000 1.651306 2.175886 3.827192 4.000000 15.321498
410.000000 31.000000 1.756299 2.111998 3.868297 1.000000 4.990323
408.000000 29.000000 1.853977 2.229979 4.083956 2.000000 8.568300
443.000000 35.000000 2.862578 1.973411 4.835989 3.000000 12.257211
441.000000 33.000000 2.159867 2.134835 4.294703 4.000000 15.912058
450.000000 40.000000 2.313689 2.103417 4.417106 1.000000 5.232448
450.000000 40.000000 2.461303 1.786864 4.248167 2.000000 9.238995
448.000000 35.000000 2.965656 2.173823 5.139480 7.000000 23.049923
471.000000 28.000000 1.844810 2.360013 4.204823 5.000000 18.298339
471.000000 28.000000 2.625870 2.459232 5.085103 6.000000 22.669987
484.000000 34.000000 2.368183 2.252977 4.621160 1.000000 5.279223
477.000000 27.000000 1.828435 2.163230 3.991665 2.000000 8.755907
478.000000 28.000000 2.228835 2.211824 4.440659 4.000000 13.055129
480.000000 30.000000 2.078781 2.020720 4.099501 6.000000 17.589337
501.000000 24.000000 1.663409 2.172510 3.835918 3.000000 11.119482
515.000000 38.000000 2.170856 1.908650 4.079507 6.000000 18.792290
512.000000 34.000000 2.844890 2.161885 5.006775 6.000000 22.035895
504.000000 26.000000 2.329349 2.325773 4.655122 7.000000 22.564103
516.000000 32.000000 2.557290 2.396987 4.954277 1.000000 5.479415
514.000000 30.000000 2.171500 2.138923 4.310423 2.000000 9.569590
533.000000 32.000000 2.250481 1.821866 4.072346 5.000000 17.579662
528.000000 27.000000 1.872471 1.837780 3.710252 6.000000 19.714805
542.000000 28.000000 1.883214 2.157887 4.041101 3.000000 12.907066
545.000000 31.000000 2.077268 2.135135 4.212403 7.000000 17.782494
543.000000 27.000000 1.878749 2.587661 4.466410 1.000000 5.215370
543.000000 27.000000 1.965067 2.272369 4.237436 2.000000 9.182529
574.000000 32.000000 2.115318 2.159807 4.275125 5.000000 21.503849
570.000000 28.000000 2.093051 1.944997 4.038048 6.000000 23.407727
574.000000 31.000000 1.964375 2.254867 4.219242 1.000000 5.122285
574.000000 31.000000 2.384483 2.183195 4.567678 2.000000 9.168319
574.000000 31.000000 2.188470 2.160004 4.348474 3.000000 13.313016
574.000000 31.000000 2.482191 2.008301 4.490492 4.000000 17.399889
607.000000 33.000000 2.121450 1.995429 4.116880 1.000000 5.170363
607.000000 33.000000 1.976918 1.983423 3.960342 2.000000 8.929329
598.000000 24.000000 1.954220 2.530360 4.484580 3.000000 11.464906
615.000000 41.000000 3.250008 2.008106 5.258114 7.000000 21.124380
609.000000 35.000000 2.688749 1.987723 4.676472 8.000000 23.037351
628.000000 30.000000 2.178061 2.342347 4.520408 5.000000 17.081456
631.000000 33.000000 2.936888 2.100358 5.037245 7.000000 22.863302
645.000000 38.000000 2.729654 2.109362 4.839016 1.000000 5.509018
639.000000 32.000000 1.971822 2.009523 3.981344 2.000000 8.949491
638.000000 31.000000 2.173327 1.811902 3.985229 3.000000 12.503062
645.000000 38.000000 2.688774 2.001866 4.690640 6.000000 18.476996
678.000000 40.000000 2.799171 2.000378 4.799549 9.000000 24.178187
664.000000 26.000000 1.744919 1.971822 3.716741 6.000000 21.461355
672.000000 33.000000 2.335090 1.961155 4.296245 4.000000 13.585389
673.000000 34.000000 2.463330 1.825028 4.288358 6.000000 17.786630
664.000000 19.000000 1.234438 2.734219 3.968657 1.000000 5.087497
673.000000 28.000000 2.066162 2.185980 4.252141 3.000000 9.758065
705.000000 41.000000 2.506299 1.955151 4.461449 1.000000 5.326354
706.000000 42.000000 2.900565 1.955830 4.856395 3.000000 9.845361
701.000000 29.000000 2.109415 2.010107 4.119523 5.000000 20.346624
695.000000 23.000000 1.691104 2.127599 3.818703 6.000000 21.796625
708.000000 35.000000 2.582432 2.152703 4.735135 5.000000 14.802375
711.000000 38.000000 2.843364 1.997077 4.840441 7.000000 20.362488
734.000000 29.000000 1.792061 2.289615 4.081677 1.000000 5.223957
733.000000 28.000000 1.853013 2.124964 3.977977 2.000000 8.961373
738.000000 32.000000 2.541950 2.492520 5.034470 5.000000 14.104919
734.000000 28.000000 2.293983 2.360794 4.654777 5.000000 17.501698
734.000000 26.000000 2.044858 2.499221 4.544080 6.000000 21.842432
767.000000 34.000000 2.513288 1.987723 4.501011 4.000000 13.381809
771.000000 38.000000 2.683889 1.960349 4.644238 7.000000 18.926995
767.000000 33.000000 2.257746 1.925085 4.182831 1.000000 5.200082
764.000000 30.000000 2.021819 2.161531 4.183350 2.000000 8.855135
775.000000 37.000000 3.139508 2.357816 5.497324 9.000000 25.571590
766.000000 28.000000 2.507732 2.645223 5.152955 7.000000 25.465315
795.000000 31.000000 2.186326 2.010107 4.196433 3.000000 12.085115
791.000000 27.000000 1.947301 2.022071 3.969372 4.000000 14.897267
799.000000 32.000000 1.904006 2.077502 3.981509 1.000000 5.107527
795.000000 28.000000 1.878279 2.014413 3.892692 2.000000 8.400801
797.000000 30.000000 2.210376 2.225642 4.436018 8.000000 21.132482
822.000000 31.000000 2.453555 2.008482 4.462036 7.000000 25.638110
831.000000 36.000000 2.876578 1.825241 4.701819 3.000000 12.803174
832.000000 37.000000 2.454603 1.844719 4.299322 5.000000 17.308702
832.000000 37.000000 2.594911 1.855212 4.450123 6.000000 21.439562
827.000000 32.000000 2.516179 2.325368 4.841547 6.000000 23.549185
832.000000 33.000000 1.916714 2.174779 4.091493 1.000000 5.223325
834.000000 35.000000 2.304720 1.816139 4.120858 3.000000 9.231855
858.000000 27.000000 2.092102 2.340841 4.432943 5.000000 18.547465
857.000000 26.000000 2.014087 2.286690 4.300778 6.000000 22.063783
864.000000 32.000000 2.156038 2.113596 4.269634 1.000000 5.270113
870.000000 38.000000 2.291321 2.009523 4.300844 3.000000 9.748687
872.000000 38.000000 2.728625 1.987989 4.716614 5.000000 14.305937
868.000000 34.000000 2.818374 1.997077 4.815451 5.000000 17.719015
900.000000 36.000000 2.339961 1.942122 4.282083 1.000000 5.254416
892.000000 28.000000 2.160425 2.189088 4.349512 2.000000 8.625806
900.000000 30.000000 2.109471 2.032438 4.141909 4.000000 14.049961
901.000000 31.000000 2.345792 2.129341 4.475134 7.000000 18.373272
902.000000 30.000000 2.946320 2.354322 5.300642 9.000000 23.244561
917.000000 25.000000 1.730234 1.986484 3.716718 3.000000 10.803247
923.000000 31.000000 2.102107 2.365655 4.467762 5.000000 16.117637
937.000000 37.000000 2.606016 2.252366 4.858381 1.000000 5.501330
930.000000 30.000000 2.356298 1.942684 4.298982 2.000000 9.124288
933.000000 33.000000 2.391886 1.810822 4.202708 8.000000 24.404676
952.000000 35.000000 2.198395 1.807970 4.006365 5.000000 17.980847
951.000000 34.000000 2.428851 1.790214 4.219066 6.000000 21.505074
961.000000 31.000000 2.265662 2.195741 4.461402 3.000000 13.067219
961.000000 31.000000 1.993527 2.022736 4.016263 4.000000 16.999178
965.000000 28.000000 2.103198 2.734079 4.837276 1.000000 5.498773
967.000000 30.000000 2.299485 2.179482 4.478967 3.000000 10.006170
994.000000 33.000000 2.366515 2.180062 4.546578 5.000000 21.133463
986.000000 25.000000 2.001147 2.180754 4.181900 6.000000 21.875232
994.000000 29.000000 1.971414 2.502875 4.474289 1.000000 5.351650
1002.000000 37.000000 3.125480 2.184304 5.309784 3.000000 10.857843
1001.000000 34.000000 2.351973 2.177295 4.529268 4.000000 15.210221
998.000000 31.000000 2.252167 2.357453 4.609620 5.000000 18.324996
1024.000000 30.000000 1.942158 2.309932 4.252090 1.000000 5.295386
1043.000000 49.000000 4.378608 2.148145 6.526753 3.000000 12.379355
1029.000000 28.000000 2.340160 2.378775 4.718935 8.000000 23.479753
1024.000000 22.000000 2.043821 2.805409 4.849230 3.000000 13.405294
1026.000000 24.000000 1.840029 2.375658 4.215686 6.000000 18.091070
1056.000000 32.000000 2.035654 2.078932 4.114586 1.000000 5.205924
1053.000000 29.000000 1.971138 2.173153 4.144291 2.000000 8.686498
1055.000000 31.000000 2.451473 2.354892 4.806365 6.000000 21.442652
1048.000000 24.000000 2.055500 2.389689 4.445189 6.000000 22.522615
1063.000000 20.000000 2.314684 3.292334 5.607018 5.000000 15.329813
1064.000000 21.000000 2.074420 3.094156 5.168576 7.000000 20.620106
1084.000000 31.000000 2.089222 1.997526 4.086748 4.000000 12.078313
1087.000000 34.000000 2.269513 1.991434 4.260946 6.000000 16.834209
1083.000000 27.000000 1.504512 2.106043 3.610555 1.000000 4.942396
1087.000000 31.000000 1.998888 1.821285 3.820173 3.000000 8.878495
1085.000000 22.000000 1.792565 2.693648 4.486213 7.000000 20.288530
1086.000000 23.000000 2.383649 2.889857 5.273505 9.000000 25.215300
1120.000000 37.000000 2.354831 1.772695 4.127525 1.000000 5.169724
1117.000000 34.000000 1.858792 1.875259 3.734050 2.000000 8.548387
1113.000000 29.000000 2.019137 1.973411 3.992548 5.000000 18.303537
1115.000000 31.000000 2.602365 2.151306 4.753670 7.000000 23.333333
1119.000000 32.000000 2.316427 2.018562 4.334989 4.000000 12.655914
1121.000000 34.000000 1.976994 2.012822 3.989816 7.000000 17.015133
1151.000000 34.000000 2.197037 1.786138 3.983174 3.000000 12.311160
1155.000000 38.000000 2.228580 1.832316 4.060897 7.000000 17.395210
1155.000000 36.000000 2.428319 2.034113 4.462433 8.000000 21.447005
1149.000000 30.000000 2.174843 2.274877 4.449720 6.000000 22.767811
1152.000000 32.000000 1.956256 1.967047 3.923304 1.000000 5.116088
1153.000000 33.000000 2.202650 1.974381 4.177031 3.000000 8.987177
1183.000000 32.000000 2.312919 1.987457 4.300375 6.000000 20.567937
1183.000000 31.000000 2.144554 2.105492 4.250046 1.000000 5.288091
1181.000000 29.000000 1.902874 1.846761 3.749635 2.000000 8.739302
1186.000000 33.000000 2.350865 1.854212 4.205078 5.000000 13.376409
1183.000000 30.000000 2.234125 2.184471 4.418596 5.000000 16.483485
1219.000000 38.000000 2.664531 1.793143 4.457674 5.000000 14.353026
1217.000000 36.000000 2.489263 1.861277 4.350540 5.000000 17.833704
1217.000000 34.000000 2.410041 2.103249 4.513290 1.000000 5.375723
1213.000000 30.000000 2.175408 1.988787 4.164195 2.000000 8.857283
1219.000000 33.000000 2.482300 2.012179 4.494479 8.000000 22.895337
1245.000000 32.000000 2.253524 2.021815 4.275340 3.000000 13.291416
1251.000000 34.000000 2.566447 2.484322 5.050770 1.000000 5.572745
1246.000000 29.000000 2.159816 2.012822 4.172638 2.000000 9.532647
1251.000000 32.000000 2.563795 2.134012 4.697807 7.000000 23.968591
1277.000000 32.000000 2.173338 2.180869 4.354207 7.000000 21.694015
1272.000000 26.000000 1.646329 2.184171 3.830500 3.000000 12.449728
1276.000000 30.000000 2.114150 1.987457 4.101607 5.000000 17.238028
1277.000000 26.000000 1.861438 2.625901 4.487340 1.000000 5.376969
1282.000000 31.000000 2.936251 2.359578 5.295829 3.000000 10.348132
1305.000000 33.000000 2.286915 1.821285 4.108200 6.000000 21.292290
1306.000000 34.000000 2.429678 1.834642 4.264320 8.000000 25.748848
1304.000000 27.000000 1.656856 2.304070 3.960926 1.000000 5.112347
1307.000000 30.000000 2.325740 2.015184 4.340924 3.000000 9.259743
1308.000000 26.000000 2.479922 2.516993 4.996915 5.000000 13.939620
1309.000000 27.000000 2.042106 2.712796 4.754903 7.000000 18.789882
1342.000000 38.000000 1.959458 2.057970 4.017428 1.000000 5.185039
1339.000000 35.000000 2.221876 1.823554 4.045430 2.000000 8.712646
1339.000000 32.000000 2.103260 2.160193 4.263453 3.000000 12.622147
1339.000000 32.000000 2.049350 2.127882 4.177231 4.000000 16.621701
1346.000000 38.000000 3.749766 2.532790 6.282556 9.000000 24.242637
1371.000000 32.000000 2.171891 1.996846 4.168736 3.000000 12.413560
1375.000000 36.000000 2.766050 2.037294 4.803344 7.000000 17.904960
1374.000000 35.000000 2.455819 2.037384 4.493203 7.000000 21.803028
1373.000000 31.000000 1.924194 2.109214 4.033407 1.000000 5.225609
1374.000000 32.000000 2.048557 1.925725 3.974281 3.000000 9.125310
1398.000000 27.000000 2.120546 2.032214 4.152760 5.000000 18.396872
1403.000000 30.000000 1.987395 2.043026 4.030421 1.000000 5.199359
1405.000000 32.000000 2.139935 1.995429 4.135365 3.000000 9.172173
1398.000000 24.000000 1.627903 1.857917 3.485820 3.000000 11.637627
1405.000000 31.000000 1.976254 2.179993 4.156246 6.000000 17.027931
1438.000000 40.000000 2.583212 1.517506 4.100719 7.000000 21.629421
1438.000000 35.000000 2.209396 1.812965 4.022361 1.000000 5.250780
1429.000000 26.000000 1.813266 2.030526 3.843791 2.000000 8.220535
1445.000000 40.000000 2.635234 1.817195 4.452429 5.000000 15.332777
1432.000000 27.000000 2.059816 2.160519 4.220334 5.000000 15.655660
1462.000000 33.000000 2.321159 2.007818 4.328977 3.000000 11.658852
1463.000000 34.000000 2.475833 1.837602 4.313435 5.000000 15.936616
1457.000000 25.000000 1.647866 2.173870 3.821735 7.000000 23.275964
1465.000000 27.000000 1.633218 2.227513 3.860731 1.000000 5.102441
1483.000000 45.000000 3.484061 1.823816 5.307876 3.000000 11.003669
1501.000000 39.000000 3.001594 2.025360 5.026954 6.000000 21.047986
1491.000000 29.000000 2.506505 2.123452 4.629957 6.000000 21.542006
1503.000000 38.000000 2.535086 1.828327 4.363413 1.000000 5.450468
1495.000000 30.000000 1.914400 1.808029 3.722429 2.000000 8.499162
1507.000000 24.000000 2.184619 2.512236 4.696856 5.000000 14.633581
1511.000000 28.000000 2.643446 2.573955 5.217402 7.000000 20.620531
1532.000000 37.000000 2.427813 1.859103 4.286916 3.000000 13.162442
1529.000000 34.000000 2.025060 1.795882 3.820943 4.000000 16.150606
1534.000000 31.000000 2.073202 2.352286 4.425487 1.000000 5.410110
1538.000000 35.000000 2.726987 1.981155 4.708142 3.000000 10.065202
1562.000000 30.000000 2.228219 2.123342 4.351560 5.000000 20.881598
1564.000000 30.000000 1.985407 2.096625 4.082032 1.000000 5.228992
1565.000000 31.000000 2.150975 2.363819 4.514795 3.000000 9.353056
1565.000000 27.000000 2.261727 2.387483 4.649210 4.000000 13.603636
1565.000000 27.000000 1.966303 2.363819 4.330122 5.000000 17.813311
1598.000000 34.000000 2.397664 2.027402 4.425066 1.000000 5.387663
1595.000000 31.000000 1.955910 2.003900 3.959811 2.000000 8.976466
1568.000000 3.000000 2.661634 2.199387 4.861021 3.000000 9.829611
1595.000000 30.000000 2.411700 2.204726 4.616427 5.000000 21.519851
1598.000000 30.000000 2.299421 2.512236 4.811658 4.000000 13.708859
1595.000000 27.000000 2.117887 2.300271 4.418158 4.000000 17.197922
1632.000000 37.000000 2.663173 2.189421 4.852595 5.000000 14.216590
1631.000000 36.000000 2.710888 1.794601 4.505489 6.000000 18.380994
1628.000000 30.000000 2.046101 2.233187 4.279288 1.000000 5.334311
1628.000000 30.000000 2.120381 2.034248 4.154629 2.000000 9.195577
1632.000000 34.000000 2.840130 2.345436 5.185565 8.000000 23.349235
1668.000000 40.000000 2.899520 2.238607 5.138128 1.000000 5.674331
1670.000000 42.000000 3.389403 2.066262 5.455665 3.000000 10.725806
1656.000000 28.000000 1.960125 2.170523 4.130648 3.000000 12.550705
1660.000000 32.000000 2.082349 1.995429 4.077778 5.000000 17.392473
1660.000000 28.000000 2.479859 2.516545 4.996404 6.000000 21.701810
1689.000000 33.000000 2.290985 1.826964 4.117949 5.000000 20.148427
1686.000000 30.000000 1.947203 2.302094 4.249297 6.000000 22.974410
1691.000000 23.000000 1.720068 2.806402 4.526470 1.000000 5.395810
1691.000000 23.000000 1.594795 2.180807 3.775602 2.000000 9.200087
1702.000000 32.000000 2.736316 2.867808 5.604125 5.000000 15.482475
1702.000000 32.000000 2.536051 2.568815 5.104866 6.000000 20.472692
1716.000000 25.000000 1.481385 2.474599 3.955983 1.000000 5.131773
1725.000000 34.000000 2.003060 1.993278 3.996339 3.000000 9.230532
1727.000000 36.000000 1.584918 1.812899 3.397817 5.000000 12.983274
1727.000000 36.000000 1.682592 1.812899 3.495491 6.000000 16.129032
1727.000000 25.000000 1.975845 2.514644 4.490488 7.000000 19.794132
1749.000000 33.000000 1.863960 1.952853 3.816814 1.000000 5.104734
1745.000000 29.000000 1.930873 1.792429 3.723302 2.000000 8.396774
1759.000000 34.000000 2.866826 1.842865 4.709692 5.000000 14.939620
1755.000000 30.000000 2.097470 1.929020 4.026490 6.000000 17.866242
1758.000000 31.000000 2.315331 2.024443 4.339774 8.000000 23.055505
1775.000000 30.000000 2.128665 1.810181 3.938846 3.000000 11.866786
1782.000000 37.000000 2.507973 1.637234 4.145206 6.000000 17.605536
1776.000000 27.000000 1.901389 1.920233 3.821622 1.000000 5.150538
1783.000000 34.000000 2.210227 1.810822 4.021049 3.000000 9.345933
1783.000000 24.000000 1.915308 2.363288 4.278596 8.000000 21.861913
1782.000000 23.000000 1.989597 2.321266 4.310863 8.000000 25.472475
1810.000000 35.000000 2.164427 1.982933 4.147360 6.000000 19.669454
1802.000000 27.000000 1.974525 2.184171 4.158696 6.000000 20.320565
1837.000000 61.000000 4.564129 1.676314 6.240443 1.000000 6.073462
1806.000000 30.000000 1.999645 1.946104 3.945749 2.000000 8.149194
1815.000000 32.000000 2.354458 2.120071 4.474529 4.000000 13.559971
1816.000000 33.000000 2.196399 1.811325 4.007724 6.000000 17.859953
1836.000000 30.000000 2.081554 1.925257 4.006811 2.000000 10.566019
1836.000000 30.000000 1.590961 1.989030 3.579992 3.000000 14.112376
1843.000000 28.000000 2.642076 2.311449 4.953525 8.000000 24.141321
1880.000000 44.000000 3.160445 1.851848 5.012293 5.000000 20.696481
1866.000000 30.000000 2.346467 1.976702 4.323169 6.000000 19.766820
1856.000000 19.000000 1.617717 3.242520 4.860237 1.000000 5.542675
1856.000000 19.000000 1.934069 2.955031 4.889100 2.000000 10.008357
1880.000000 24.000000 1.461280 2.515057 3.976337 1.000000 5.102733
1885.000000 29.000000 2.370470 2.185158 4.555627 3.000000 9.681004
1882.000000 26.000000 1.943229 2.537514 4.480742 4.000000 13.365471
1883.000000 27.000000 1.881991 2.360211 4.242202 6.000000 17.820660
1912.000000 32.000000 1.804592 1.945154 3.749745 1.000000 5.007527
1909.000000 29.000000 2.113228 2.050592 4.163820 2.000000 8.558343
1912.000000 30.000000 2.358618 2.308844 4.667462 6.000000 21.216011
1912.000000 27.000000 2.148191 2.327561 4.475751 4.000000 13.041600
1914.000000 29.000000 2.334482 2.154518 4.489000 7.000000 17.879166
1946.000000 37.000000 2.745514 1.990354 4.735868 3.000000 12.647708
1946.000000 37.000000 2.681005 1.993278 4.674283 4.000000 17.002901
1947.000000 35.000000 2.251006 1.769916 4.020922 1.000000 5.129032
1949.000000 37.000000 2.204754 1.980614 4.185368 3.000000 9.167780
1946.000000 34.000000 2.447793 1.996156 4.443949 5.000000 21.264480
1974.000000 28.000000 2.169220 2.521427 4.690648 5.000000 19.356601
1976.000000 30.000000 2.373341 2.154518 4.527859 7.000000 24.710847
1984.000000 37.000000 2.666835 1.995429 4.662265 1.000000 5.423609
1976.000000 29.000000 2.021921 2.032854 4.054775 2.000000 8.603896
1979.000000 30.000000 2.346355 2.151190 4.497545 4.000000 13.068120
1980.000000 31.000000 2.424573 1.849027 4.273600 6.000000 17.476281
2003.000000 27.000000 1.437254 2.186630 3.623883 3.000000 11.053463
2009.000000 33.000000 2.168202 1.808068 3.976270 5.000000 16.060510
2013.000000 34.000000 2.278900 2.191436 4.470336 8.000000 21.649560
2005.000000 26.000000 2.227350 2.343002 4.570352 7.000000 22.286187
2011.000000 27.000000 1.813735 2.306732 4.120467 1.000000 5.177319
2013.000000 29.000000 2.119859 2.180807 4.300666 3.000000 9.269505
2040.000000 37.000000 2.574574 1.658595 4.233170 6.000000 19.563336
2037.000000 26.000000 1.603608 2.100026 3.703634 1.000000 5.004301
2045.000000 34.000000 2.346154 1.978702 4.324857 3.000000 9.552611
2045.000000 32.000000 2.340135 1.987055 4.327189 4.000000 13.612903
2057.000000 44.000000 3.244947 2.179482 5.424429 7.000000 22.269062
2074.000000 37.000000 2.412519 1.807306 4.219825 1.000000 5.275942
2071.000000 34.000000 2.402425 1.985613 4.388038 2.000000 8.968691
2073.000000 28.000000 2.217305 2.152692 4.369997 4.000000 13.290704
2075.000000 30.000000 2.143151 2.153468 4.296619 7.000000 18.113564
2081.000000 36.000000 3.019373 2.002361 5.021734 9.000000 25.428332
2106.000000 35.000000 2.659970 2.331959 4.991929 5.000000 13.466951
2105.000000 34.000000 2.494177 2.230790 4.724967 6.000000 17.805049
2101.000000 28.000000 1.989389 2.332216 4.321605 5.000000 20.422692
2101.000000 27.000000 1.777269 2.091711 3.868980 1.000000 5.113540
2104.000000 30.000000 1.754791 2.030442 3.785233 3.000000 9.025067
2131.000000 30.000000 2.007582 1.919174 3.926756 1.000000 5.117944
2136.000000 35.000000 2.419449 1.862806 4.282255 3.000000 9.264516
2138.000000 34.000000 2.141603 1.987457 4.129060 5.000000 13.595997
2140.000000 36.000000 2.885147 1.810817 4.695964 7.000000 18.315692
2135.000000 29.000000 2.498138 2.509153 5.007291 6.000000 20.874902
2131.000000 25.000000 2.061071 2.306658 4.367729 6.000000 23.395815
2163.000000 32.000000 1.879788 1.886534 3.766322 1.000000 5.045330
2164.000000 33.000000 2.406988 1.810822 4.217810 3.000000 8.856481
2165.000000 29.000000 2.210406 2.101958 4.312364 5.000000 12.970507
2169.000000 33.000000 2.268056 1.987723 4.255779 7.000000 18.283871
2165.000000 27.000000 1.749609 2.169399 3.919008 7.000000 20.556452
2192.000000 29.000000 1.682852 1.888307 3.571159 1.000000 4.958268
2195.000000 32.000000 2.357803 1.812899 4.170702 3.000000 8.861073
2218.000000 54.000000 5.990756 2.021749 8.012505 5.000000 19.439567
2196.000000 32.000000 2.128424 2.010080 4.138504 6.000000 17.252304
2197.000000 32.000000 2.914216 2.177387 5.091603 8.000000 22.022950
2189.000000 24.000000 1.758560 2.157968 3.916528 6.000000 22.497526
2228.000000 36.000000 2.185765 1.718540 3.904305 1.000000 5.141806
2228.000000 36.000000 2.755325 1.812899 4.568225 2.000000 9.043193
2227.000000 32.000000 2.308161 2.329086 4.637247 3.000000 13.140961
2253.000000 26.000000 2.142513 2.324143 4.466656 6.000000 19.170121
2251.000000 24.000000 1.956191 2.321978 4.278169 6.000000 22.611627
2258.000000 30.000000 2.021125 2.044746 4.065871 1.000000 5.200120
2264.000000 36.000000 2.546976 1.796884 4.343861 3.000000 9.604364
2251.000000 23.000000 1.661802 2.332538 3.994339 3.000000 11.352990
2268.000000 40.000000 3.840623 2.015686 5.856309 7.000000 20.926900
2299.000000 48.000000 3.669125 1.816139 5.485264 8.000000 24.344667
2276.000000 25.000000 1.936615 2.147439 4.084054 6.000000 19.328446
2287.000000 29.000000 1.829076 1.895907 3.724983 1.000000 4.985736
2283.000000 25.000000 1.539252 2.142551 3.681803 2.000000 8.175115
2303.000000 39.000000 2.870276 1.973038 4.843315 5.000000 15.946562
2293.000000 29.000000 2.212683 2.135645 4.348328 6.000000 17.138691
2313.000000 30.000000 1.816591 1.922826 3.739417 3.000000 11.121555
2318.000000 35.000000 2.105258 1.692749 3.798007 6.000000 15.933561
2315.000000 28.000000 1.544559 1.946104 3.490664 1.000000 4.911514
2329.000000 42.000000 3.072078 1.588384 4.660462 3.000000 10.087977
2349.000000 36.000000 2.142588 1.789616 3.932204 7.000000 19.258908
2343.000000 30.000000 1.892001 1.984454 3.876455 6.000000 20.398827
2348.000000 33.000000 1.796642 1.745075 3.541717 1.000000 4.975978
2346.000000 31.000000 1.927824 1.824321 3.752144 2.000000 8.205777
2357.000000 28.000000 2.290479 2.318760 4.609239 5.000000 14.097809
2364.000000 35.000000 3.041195 2.293762 5.334956 7.000000 21.043511
2377.000000 31.000000 2.485031 1.852539 4.337571 3.000000 11.809217
2385.000000 39.000000 2.264693 1.637234 3.901927 7.000000 18.156975
2384.000000 36.000000 2.073225 1.654348 3.727573 1.000000 5.030514
2381.000000 33.000000 2.547369 1.824321 4.371690 2.000000 8.616055
2390.000000 33.000000 3.089421 2.153276 5.242698 9.000000 25.519629
2405.000000 28.000000 1.945972 2.178773 4.124745 5.000000 17.720241
2405.000000 28.000000 1.881269 2.113973 3.995242 6.000000 21.545529
2413.000000 32.000000 2.572331 2.322607 4.894939 3.000000 12.270968
2416.000000 35.000000 2.715765 1.904153 4.619918 6.000000 17.471411
2416.000000 32.000000 2.017391 1.750793 3.768184 1.000000 5.007680
2414.000000 30.000000 1.870273 1.919921 3.790194 2.000000 8.348387
2443.000000 30.000000 2.202992 2.159609 4.362600 5.000000 18.104364
2438.000000 25.000000 2.009444 2.641392 4.650836 6.000000 20.556116
2452.000000 38.000000 2.675477 1.996824 4.672301 4.000000 13.123400
2456.000000 42.000000 2.844263 1.820092 4.664355 7.000000 18.651647
2446.000000 30.000000 1.821183 1.940274 3.761457 1.000000 5.018527
2453.000000 37.000000 2.292519 1.690594 3.983113 3.000000 9.268470
2473.000000 27.000000 1.598088 1.940970 3.539058 1.000000 4.945861
2479.000000 33.000000 2.180162 1.836187 4.016350 3.000000 8.960800
2483.000000 31.000000 2.482962 2.213255 4.696218 7.000000 21.380679
2486.000000 33.000000 2.317040 1.824190 4.141230 5.000000 14.211808
2485.000000 32.000000 2.527239 2.032214 4.559453 6.000000 17.871322
2508.000000 35.000000 2.124828 1.777575 3.902404 1.000000 5.087588
2512.000000 39.000000 2.616181 1.683383 4.299564 3.000000 9.267705
2510.000000 31.000000 2.211234 1.984110 4.195344 4.000000 12.952779
2514.000000 35.000000 2.275288 2.003837 4.279125 7.000000 18.328617
2517.000000 31.000000 2.106045 1.819865 3.925910 9.000000 23.479992
2542.000000 34.000000 2.390273 1.939491 4.329764 1.000000 5.265255
2544.000000 36.000000 2.753755 1.997077 4.750833 3.000000 9.619320
2538.000000 28.000000 1.655115 1.995429 3.650544 5.000000 19.596226
2539.000000 29.000000 2.352883 2.202976 4.555860 7.000000 23.965546
2553.000000 41.000000 3.415203 2.324064 5.739267 6.000000 21.204348
2520.000000 3.000000 2.289542 1.957656 4.247198 9.000000 25.618124
2572.000000 30.000000 1.862148 2.338642 4.200790 1.000000 5.225609
2574.000000 32.000000 1.912184 2.001315 3.913499 3.000000 9.015925
2570.000000 26.000000 1.659835 2.322647 3.982482 3.000000 12.174818
2568.000000 24.000000 1.896273 2.430763 4.327035 4.000000 15.346726
2602.000000 32.000000 2.165086 1.632731 3.797816 5.000000 20.451396
2598.000000 28.000000 2.446051 2.259001 4.705052 6.000000 22.860605
2605.000000 33.000000 2.551749 2.126173 4.677922 1.000000 5.443991
2605.000000 33.000000 2.904293 1.946738 4.851031 2.000000 9.812724
2604.000000 30.000000 2.336820 1.866904 4.203723 3.000000 13.729228
2602.000000 28.000000 1.908471 1.900804 3.809275 4.000000 16.937579
2633.000000 29.000000 1.969699 1.970928 3.940627 7.000000 21.866212
2635.000000 30.000000 2.077726 2.206365 4.284091 1.000000 5.256510
2636.000000 31.000000 2.809058 2.396898 5.205956 3.000000 9.677419
2631.000000 26.000000 2.134618 2.363819 4.498437 3.000000 13.069021
2631.000000 26.000000 1.813916 2.310469 4.124386 4.000000 17.083910
