47.000000 32.000000 2.278405 2.183167 4.461572 5.000000 17.869734
47.000000 32.000000 2.162541 2.286969 4.449510 6.000000 22.086140
65.000000 36.000000 2.327280 2.189090 4.516369 4.000000 14.519655
57.000000 28.000000 2.334357 2.179115 4.513472 4.000000 16.495442
68.000000 36.000000 2.546191 2.506337 5.052529 1.000000 5.966044
61.000000 29.000000 2.074584 2.146915 4.221500 2.000000 9.503939
80.000000 23.000000 1.762130 2.299089 4.061218 7.000000 23.883230
91.000000 30.000000 2.471657 2.340181 4.811837 3.000000 13.371619
101.000000 40.000000 3.150097 1.842937 4.993034 7.000000 21.019670
95.000000 30.000000 2.699044 2.368224 5.067268 7.000000 23.184107
98.000000 30.000000 2.328657 2.651042 4.979699 1.000000 5.966910
93.000000 25.000000 1.840283 2.336083 4.176366 2.000000 9.655783
120.000000 29.000000 1.939838 2.361937 4.301775 5.000000 20.070330
114.000000 23.000000 1.932526 2.471330 4.403857 6.000000 21.566327
124.000000 31.000000 2.486294 1.997923 4.484217 3.000000 13.849581
124.000000 31.000000 1.807073 1.987723 3.794796 4.000000 17.766182
131.000000 33.000000 2.416506 2.657674 5.074180 1.000000 6.042567
124.000000 26.000000 2.097443 2.391894 4.489336 2.000000 9.660394
151.000000 27.000000 2.032680 2.332551 4.365230 3.000000 12.982504
156.000000 32.000000 2.312461 1.950671 4.263132 6.000000 18.593662
153.000000 29.000000 2.403983 2.274319 4.678302 6.000000 21.522821
162.000000 31.000000 2.244435 2.474835 4.719270 1.000000 5.955480
153.000000 22.000000 1.860235 2.507802 4.368037 2.000000 9.241653
179.000000 28.000000 2.084361 1.996003 4.080364 6.000000 18.848790
177.000000 26.000000 2.021695 2.321978 4.343673 6.000000 21.900035
178.000000 25.000000 1.435781 2.175692 3.611473 3.000000 11.515017
187.000000 34.000000 2.371993 2.136404 4.508397 5.000000 17.432871
211.000000 49.000000 4.343987 2.486396 6.830383 1.000000 6.946869
189.000000 27.000000 1.978799 2.169230 4.148029 2.000000 9.648836
217.000000 39.000000 2.523556 1.824190 4.347746 5.000000 19.763988
212.000000 34.000000 2.364326 1.946630 4.310956 6.000000 22.207885
223.000000 34.000000 2.543688 2.170724 4.714412 3.000000 13.651188
224.000000 35.000000 1.973261 2.014248 3.987510 5.000000 17.932551
236.000000 25.000000 1.928015 3.176556 5.104570 1.000000 6.255148
228.000000 17.000000 1.312959 3.662390 4.975349 2.000000 10.006103
256.000000 33.000000 2.261423 2.351474 4.612897 5.000000 21.992153
256.000000 28.000000 2.152362 2.569342 4.721704 3.000000 12.966528
257.000000 29.000000 2.260325 2.745145 5.005469 5.000000 17.822581
266.000000 30.000000 2.018684 2.775762 4.794446 1.000000 6.211450
271.000000 35.000000 2.687732 2.229094 4.916826 3.000000 11.133439
280.000000 24.000000 1.895418 2.391664 4.287082 5.000000 17.198436
281.000000 25.000000 1.914490 2.313900 4.228390 7.000000 21.633307
299.000000 33.000000 2.247976 2.642541 4.890516 1.000000 6.200815
299.000000 33.000000 2.501599 1.995429 4.497028 2.000000 10.489308
302.000000 31.000000 2.663407 2.528613 5.192020 5.000000 15.488662
300.000000 29.000000 2.482166 2.342140 4.824306 6.000000 19.468436
328.000000 29.000000 1.715615 2.689953 4.405568 1.000000 5.998331
329.000000 30.000000 2.208777 2.137214 4.345991 3.000000 10.078791
331.000000 32.000000 2.238633 1.989030 4.227663 5.000000 14.475321
330.000000 31.000000 2.225826 2.340942 4.566768 6.000000 18.275832
330.000000 28.000000 2.173116 2.548128 4.721244 7.000000 22.742822
361.000000 33.000000 2.174302 2.316566 4.490868 1.000000 5.891955
357.000000 29.000000 2.002232 1.977582 3.979815 2.000000 9.415323
355.000000 26.000000 1.911040 2.171547 4.082587 3.000000 12.876183
366.000000 37.000000 2.500420 1.970928 4.471348 7.000000 20.167460
385.000000 30.000000 2.110885 2.058788 4.169673 5.000000 19.710073
381.000000 26.000000 1.719361 1.976702 3.696063 6.000000 21.758277
391.000000 34.000000 2.689863 1.974661 4.664524 4.000000 13.956408
392.000000 35.000000 2.206137 1.863446 4.069583 6.000000 18.400700
389.000000 28.000000 2.016538 2.435832 4.452370 1.000000 5.874058
393.000000 32.000000 2.129640 1.961660 4.091300 3.000000 10.257865
426.000000 37.000000 2.109827 2.103417 4.213244 1.000000 5.701718
414.000000 25.000000 1.460037 2.192734 3.652771 2.000000 8.476460
423.000000 32.000000 2.511975 2.501649 5.013624 6.000000 21.739807
420.000000 29.000000 2.252801 2.149220 4.402021 7.000000 24.527650
425.000000 32.000000 2.126380 1.985016 4.111396 4.000000 14.188601
428.000000 35.000000 2.379155 2.010294 4.389449 7.000000 19.163979
448.000000 34.000000 2.380577 1.810181 4.190758 3.000000 11.626506
449.000000 35.000000 2.134756 1.807650 3.942406 5.000000 15.728250
456.000000 31.000000 2.468272 1.981155 4.449427 7.000000 22.422152
460.000000 34.000000 2.169180 2.124360 4.293540 1.000000 5.786901
462.000000 36.000000 2.371789 2.000821 4.372610 3.000000 9.926945
481.000000 33.000000 2.146392 2.208948 4.355340 5.000000 17.965478
480.000000 32.000000 2.441608 1.922826 4.364434 6.000000 21.882017
477.000000 28.000000 2.189808 2.153143 4.342951 7.000000 24.360909
498.000000 38.000000 2.126049 2.102008 4.228056 1.000000 5.801504
492.000000 32.000000 2.361366 2.015184 4.376550 2.000000 9.249198
511.000000 49.000000 4.602586 2.200835 6.803421 5.000000 18.165022
494.000000 32.000000 2.204404 2.171425 4.375829 5.000000 18.017900
526.000000 34.000000 2.866143 2.189207 5.055350 3.000000 12.956149
523.000000 31.000000 1.904949 2.015149 3.920098 4.000000 16.326279
537.000000 39.000000 2.478125 2.285386 4.763512 1.000000 6.033352
534.000000 36.000000 2.494802 1.829648 4.324450 2.000000 9.948157
551.000000 25.000000 1.929342 2.362232 4.291574 5.000000 17.308998
556.000000 30.000000 2.617982 2.619179 5.237161 7.000000 23.770626
570.000000 36.000000 2.653566 2.171425 4.824991 4.000000 15.006720
567.000000 33.000000 2.355396 2.004176 4.359573 4.000000 18.323941
573.000000 36.000000 2.575971 2.434807 5.010779 1.000000 6.247426
569.000000 32.000000 2.360586 2.322920 4.683506 2.000000 10.224323
599.000000 30.000000 2.322201 2.360013 4.682214 3.000000 13.929866
599.000000 30.000000 2.210167 2.355900 4.566067 4.000000 18.256965
603.000000 33.000000 2.507104 2.270360 4.777465 8.000000 24.200165
599.000000 26.000000 1.797162 2.478179 4.275341 1.000000 5.913979
605.000000 32.000000 2.612856 2.353420 4.966276 3.000000 10.747953
637.000000 38.000000 2.487389 2.157576 4.644965 1.000000 6.204116
637.000000 38.000000 2.776265 2.011979 4.788244 2.000000 10.911602
631.000000 32.000000 2.143744 2.360660 4.504404 5.000000 22.135738
625.000000 26.000000 2.099557 2.252201 4.351758 6.000000 23.977890
638.000000 33.000000 2.841700 2.317291 5.158991 5.000000 17.244553
631.000000 26.000000 2.103213 2.514156 4.617369 4.000000 17.812101
675.000000 38.000000 2.377139 2.265345 4.642484 1.000000 6.065574
665.000000 28.000000 1.634173 2.286335 3.920508 2.000000 9.253902
661.000000 24.000000 1.741086 2.653367 4.394454 3.000000 12.786885
675.000000 38.000000 2.656005 2.106484 4.762490 6.000000 20.948767
700.000000 39.000000 2.970222 2.264184 5.234407 6.000000 22.495031
698.000000 33.000000 2.725681 2.096863 4.822544 3.000000 13.371300
702.000000 37.000000 2.184377 1.916372 4.100749 5.000000 18.555444
706.000000 31.000000 2.392684 2.488125 4.880810 1.000000 6.180750
703.000000 28.000000 2.078383 2.032380 4.110763 2.000000 9.990044
723.000000 25.000000 2.106143 2.322594 4.428737 5.000000 18.409498
727.000000 29.000000 2.343299 2.324741 4.668040 7.000000 24.098240
739.000000 36.000000 2.756328 2.062028 4.818356 5.000000 15.574922
737.000000 34.000000 2.414498 1.995414 4.409913 6.000000 18.945920
732.000000 26.000000 1.890393 2.453350 4.343743 1.000000 5.934682
732.000000 26.000000 1.954086 2.352759 4.306845 2.000000 9.919838
766.000000 34.000000 2.205897 2.305352 4.511249 1.000000 6.017078
766.000000 34.000000 2.222389 1.835122 4.057511 2.000000 9.943444
763.000000 31.000000 2.195828 2.140650 4.336477 3.000000 13.314564
766.000000 34.000000 2.507386 2.161531 4.668918 5.000000 18.299514
800.000000 37.000000 2.643265 1.794254 4.437519 6.000000 22.269778
791.000000 28.000000 2.024394 2.342265 4.366659 6.000000 22.689964
793.000000 27.000000 1.472998 2.312041 3.785039 1.000000 5.676307
800.000000 34.000000 2.140870 1.983494 4.124364 3.000000 9.978698
800.000000 34.000000 2.307247 2.177387 4.484633 4.000000 14.047262
800.000000 34.000000 2.305701 1.987989 4.293689 5.000000 18.171418
841.000000 48.000000 3.071024 1.762666 4.833690 1.000000 6.191467
835.000000 42.000000 2.722878 1.952366 4.675244 2.000000 9.915432
834.000000 34.000000 2.543576 2.144985 4.688562 3.000000 13.972651
834.000000 34.000000 2.372426 1.983535 4.355960 4.000000 18.201980
833.000000 33.000000 2.338889 2.333278 4.672167 5.000000 22.208437
860.000000 26.000000 2.202211 2.268492 4.470703 6.000000 24.538675
868.000000 33.000000 2.820616 2.378892 5.199507 3.000000 14.524538
882.000000 47.000000 4.655876 2.194652 6.850527 7.000000 24.420636
872.000000 31.000000 2.103645 2.434708 4.538352 1.000000 6.000597
873.000000 32.000000 2.660548 2.405264 5.065812 3.000000 10.544966
903.000000 35.000000 3.148073 2.361056 5.509129 6.000000 23.192115
889.000000 21.000000 1.954022 2.869698 4.823721 6.000000 22.088120
908.000000 36.000000 1.986289 2.300848 4.287137 1.000000 5.950920
898.000000 26.000000 1.782594 2.173294 3.955888 2.000000 8.933574
909.000000 36.000000 3.229867 2.690009 5.919875 5.000000 15.484549
909.000000 36.000000 3.214992 2.388519 5.603511 6.000000 20.858242
935.000000 37.000000 2.456592 2.002292 4.458885 3.000000 13.202114
939.000000 41.000000 2.464947 1.665640 4.130587 6.000000 18.260653
936.000000 28.000000 1.953120 2.292749 4.245869 1.000000 5.890786
940.000000 32.000000 1.957596 2.036532 3.994128 3.000000 9.889643
936.000000 27.000000 2.529655 3.044693 5.574348 6.000000 21.968031
972.000000 37.000000 2.889027 2.144828 5.033855 7.000000 22.866677
968.000000 33.000000 2.864607 2.304334 5.168942 7.000000 24.629262
964.000000 28.000000 1.759296 1.895924 3.655220 1.000000 5.716846
971.000000 35.000000 1.959839 2.152240 4.112080 3.000000 9.976521
974.000000 34.000000 2.419234 2.025500 4.444734 5.000000 15.659393
974.000000 34.000000 2.125549 1.788308 3.913857 6.000000 19.569892
994.000000 30.000000 1.269859 1.886997 3.156856 1.000000 8.947711
985.000000 21.000000 1.175496 1.832246 3.007742 2.000000 11.323871
1061.000000 76.000000 5.771392 1.455822 7.227214 5.000000 20.445229
1028.000000 43.000000 2.097016 1.570828 3.667845 4.000000 18.745029
1042.000000 48.000000 2.777173 1.505283 4.282456 1.000000 7.201421
1040.000000 46.000000 2.470860 1.574922 4.045782 2.000000 11.267721
1070.000000 30.000000 2.266239 1.921789 4.188028 3.000000 15.431689
1072.000000 32.000000 2.209442 2.082534 4.291977 5.000000 20.764497
1090.000000 48.000000 4.220347 2.089787 6.310134 1.000000 7.300897
1086.000000 44.000000 4.288989 2.150313 6.439302 2.000000 13.498908
1099.000000 29.000000 1.964702 2.037955 4.002658 5.000000 22.606328
1114.000000 28.000000 2.875006 3.203804 6.078810 5.000000 18.101422
1117.000000 31.000000 3.741567 3.198272 6.939840 7.000000 24.280890
1111.000000 21.000000 1.846626 3.319797 5.166424 1.000000 7.046831
1107.000000 17.000000 1.544832 2.960940 4.505772 2.000000 11.715543
1144.000000 37.000000 2.689957 2.127103 4.817060 5.000000 16.159547
1141.000000 34.000000 2.961873 2.307901 5.269774 6.000000 19.892215
1137.000000 26.000000 1.900224 2.597525 4.497750 1.000000 6.148583
1138.000000 27.000000 2.197773 2.468847 4.666620 3.000000 10.523055
1176.000000 39.000000 2.525693 2.200872 4.726565 1.000000 6.154180
1163.000000 26.000000 1.632296 2.324606 3.956902 2.000000 9.287809
1174.000000 36.000000 3.014349 2.363819 5.378169 4.000000 15.581741
1169.000000 31.000000 2.119567 2.334321 4.453888 5.000000 18.724499
1209.000000 46.000000 3.438932 1.955168 5.394100 5.000000 15.352922
1200.000000 37.000000 2.853048 1.926303 4.779350 4.000000 17.599966
1198.000000 24.000000 2.044688 2.799933 4.844622 5.000000 21.316229
1207.000000 31.000000 2.373603 2.241906 4.615509 1.000000 6.084128
1204.000000 28.000000 2.001558 2.303990 4.305548 2.000000 9.913595
1236.000000 32.000000 2.605368 1.993275 4.598643 3.000000 14.282536
1242.000000 38.000000 2.717250 2.189846 4.907096 7.000000 20.501241
1239.000000 32.000000 2.344905 2.255683 4.600588 1.000000 6.127157
1237.000000 30.000000 2.207341 2.338683 4.546024 2.000000 10.179515
1230.000000 21.000000 1.966920 2.625073 4.591993 6.000000 24.687443
1269.000000 33.000000 2.438310 2.315391 4.753701 5.000000 22.781213
1269.000000 32.000000 2.644618 2.341322 4.985940 3.000000 13.897009
1269.000000 32.000000 2.235068 2.282553 4.517621 4.000000 18.371779
1278.000000 39.000000 2.661472 2.239914 4.901385 1.000000 6.250647
1269.000000 30.000000 1.944824 2.193594 4.138418 2.000000 9.659717
1301.000000 32.000000 2.176030 2.123342 4.299371 3.000000 13.276444
1311.000000 42.000000 3.186082 2.022071 5.208153 6.000000 20.642045
1301.000000 32.000000 2.667168 2.695655 5.362823 5.000000 21.728879
1319.000000 41.000000 3.784603 2.518506 6.303108 1.000000 6.857241
1309.000000 31.000000 2.163939 2.365603 4.529543 2.000000 10.633248
1329.000000 28.000000 1.912382 2.007211 3.919594 5.000000 19.319556
1330.000000 29.000000 2.194709 2.114252 4.308961 7.000000 23.377240
1336.000000 27.000000 1.926810 2.560537 4.487348 3.000000 14.176136
1337.000000 18.000000 1.653025 3.560187 5.213212 1.000000 6.388935
1351.000000 32.000000 3.041665 2.724588 5.766253 3.000000 13.085681
1367.000000 31.000000 2.116124 2.043145 4.159270 7.000000 22.597064
1365.000000 29.000000 2.309866 2.262480 4.572347 7.000000 25.828486
1365.000000 28.000000 2.124519 2.654410 4.778929 1.000000 6.231672
1364.000000 27.000000 2.040914 2.382964 4.423878 2.000000 10.269760
1374.000000 23.000000 2.007816 2.891538 4.899354 5.000000 17.086918
1378.000000 27.000000 2.862144 2.896040 5.758185 7.000000 23.640660
1394.000000 30.000000 2.275893 2.196534 4.472427 4.000000 14.196267
1400.000000 36.000000 2.441441 2.255347 4.696788 7.000000 20.384878
1395.000000 30.000000 1.955268 2.420415 4.375683 1.000000 6.069152
1392.000000 27.000000 1.932699 2.207138 4.139838 2.000000 9.831740
1427.000000 35.000000 2.516396 2.120936 4.637332 3.000000 13.976760
1431.000000 39.000000 3.124104 1.984454 5.108558 6.000000 19.835563
1427.000000 33.000000 2.323032 2.161965 4.484996 5.000000 22.423000
1434.000000 39.000000 2.885569 2.187771 5.073340 1.000000 6.373987
1427.000000 32.000000 2.123686 2.106484 4.230170 2.000000 9.817930
1474.000000 47.000000 4.321152 2.179260 6.500412 5.000000 17.535808
1460.000000 33.000000 1.992118 1.952719 3.944837 5.000000 18.140057
1458.000000 31.000000 2.498045 2.333249 4.831294 6.000000 21.639371
1457.000000 23.000000 1.609922 2.695255 4.305178 1.000000 5.956221
1462.000000 28.000000 1.880913 2.344931 4.225845 3.000000 10.306748
1491.000000 34.000000 1.993073 2.161892 4.154965 1.000000 5.975658
1488.000000 31.000000 1.838306 1.977395 3.815702 2.000000 9.320430
1511.000000 49.000000 4.256394 1.987055 6.243449 5.000000 18.872967
1493.000000 31.000000 2.004182 2.191403 4.195585 6.000000 18.039860
1521.000000 33.000000 2.338647 2.041435 4.380081 3.000000 13.066370
1528.000000 40.000000 2.613605 1.802111 4.415716 6.000000 19.178565
1526.000000 35.000000 2.243996 2.118088 4.362084 1.000000 6.159040
1535.000000 44.000000 3.219464 1.807970 5.027434 3.000000 11.546106
1551.000000 30.000000 1.925506 2.172390 4.097897 5.000000 19.822092
1553.000000 32.000000 2.289073 2.179446 4.468519 7.000000 24.666555
1554.000000 28.000000 2.042897 2.204971 4.247868 1.000000 6.071706
1561.000000 35.000000 2.630088 1.993278 4.623366 3.000000 10.872355
1560.000000 25.000000 1.946677 2.394459 4.341136 4.000000 14.917435
1561.000000 26.000000 2.230781 2.382095 4.612876 6.000000 19.275100
1580.000000 26.000000 1.598631 2.123452 3.722082 1.000000 5.779570
1580.000000 26.000000 2.152251 1.969664 4.121915 2.000000 9.476999
1588.000000 27.000000 1.940749 2.315910 4.256659 5.000000 15.053142
1619.000000 39.000000 2.444662 1.982986 4.427649 1.000000 6.156682
1620.000000 40.000000 2.564331 1.618875 4.183207 3.000000 10.340955
1610.000000 30.000000 2.550358 2.144801 4.695159 3.000000 12.819951
1617.000000 37.000000 2.342195 1.987723 4.329918 5.000000 18.788447
1612.000000 24.000000 1.724258 2.138610 3.862867 7.000000 24.407283
1643.000000 33.000000 2.878533 2.168354 5.046886 5.000000 19.959677
1656.000000 37.000000 2.457343 2.137150 4.594494 1.000000 6.229391
1649.000000 30.000000 2.529356 2.318840 4.848196 2.000000 9.957280
1654.000000 34.000000 2.314210 1.993504 4.307714 4.000000 15.202099
1654.000000 34.000000 2.786407 2.164399 4.950806 5.000000 19.566979
1679.000000 30.000000 2.202157 2.302361 4.504518 3.000000 13.226683
1673.000000 24.000000 1.972364 2.305932 4.278296 4.000000 15.838150
1687.000000 33.000000 2.568307 2.132432 4.700739 9.000000 25.768703
1681.000000 25.000000 1.617957 2.484565 4.102523 1.000000 5.978900
1686.000000 30.000000 2.319078 2.175881 4.494958 3.000000 10.441475
1699.000000 26.000000 1.846936 2.183223 4.030159 7.000000 23.746679
1712.000000 33.000000 2.864535 2.162552 5.027087 6.000000 21.366554
1712.000000 31.000000 2.128500 1.946124 4.074624 1.000000 5.884354
1714.000000 33.000000 2.016505 2.132120 4.148625 3.000000 9.849270
1708.000000 22.000000 1.473723 2.316076 3.789799 3.000000 12.796411
1714.000000 28.000000 1.947148 2.188875 4.136023 6.000000 17.896035
1749.000000 41.000000 2.414971 1.788141 4.203112 7.000000 22.347670
1741.000000 33.000000 2.398020 1.985194 4.383214 6.000000 23.016590
1746.000000 34.000000 1.882900 2.013904 3.896804 1.000000 5.803115
1744.000000 32.000000 2.049781 1.978702 4.028484 2.000000 9.096980
1749.000000 35.000000 2.282016 1.996588 4.278604 5.000000 13.943173
1749.000000 35.000000 2.596360 1.988787 4.585146 6.000000 18.155829
1780.000000 36.000000 2.646703 2.054158 4.700862 3.000000 13.464516
1781.000000 37.000000 2.531923 1.874196 4.406119 5.000000 17.875733
1785.000000 39.000000 2.290819 1.879198 4.170017 1.000000 5.930992
1783.000000 37.000000 2.376304 1.816791 4.193095 2.000000 9.668568
1781.000000 32.000000 2.664358 2.020093 4.684452 6.000000 22.159498
1805.000000 25.000000 1.849053 2.349377 4.198429 5.000000 18.560637
1805.000000 25.000000 1.904364 2.282856 4.187220 6.000000 22.470809
1814.000000 31.000000 2.311934 2.149920 4.461854 3.000000 13.211982
1817.000000 34.000000 2.452616 1.995522 4.448138 5.000000 18.238935
1818.000000 33.000000 2.185746 2.252977 4.438723 1.000000 6.033635
1822.000000 37.000000 2.656558 1.836482 4.493041 3.000000 10.468203
1840.000000 26.000000 1.906097 2.317291 4.223388 6.000000 22.005282
1850.000000 32.000000 2.391839 2.261367 4.653205 1.000000 6.080184
1850.000000 32.000000 2.022118 2.160257 4.182374 2.000000 10.147688
1867.000000 45.000000 3.846315 1.997077 5.843392 5.000000 19.028625
1852.000000 30.000000 2.366020 2.353759 4.719778 6.000000 18.465539
1883.000000 33.000000 2.293823 2.410987 4.704811 1.000000 6.243610
1879.000000 29.000000 2.359375 2.158756 4.518132 2.000000 10.011521
1886.000000 36.000000 2.827827 2.015184 4.843011 5.000000 15.945636
1880.000000 30.000000 2.260135 2.191951 4.452086 5.000000 18.212754
1911.000000 32.000000 2.447369 2.177387 4.624756 3.000000 14.260900
1912.000000 33.000000 2.167295 2.200835 4.368130 6.000000 18.770856
1911.000000 28.000000 2.201008 2.278528 4.479535 1.000000 6.032824
1912.000000 29.000000 1.940592 2.387520 4.328112 3.000000 10.247123
1913.000000 27.000000 2.071003 2.317137 4.388141 9.000000 23.388018
1942.000000 31.000000 2.293817 2.442576 4.736393 1.000000 6.092990
1944.000000 33.000000 2.332918 2.002278 4.335196 3.000000 10.393709
1944.000000 33.000000 2.406483 2.184171 4.590654 8.000000 23.182284
1937.000000 26.000000 1.890100 2.456868 4.346968 6.000000 23.994685
1942.000000 30.000000 2.212586 2.357899 4.570485 3.000000 14.169621
1942.000000 30.000000 2.118549 1.995429 4.113978 4.000000 18.244493
1970.000000 28.000000 2.095712 2.525523 4.621235 1.000000 6.129032
1972.000000 30.000000 2.000926 2.114749 4.115675 3.000000 10.321585
1971.000000 29.000000 2.020091 2.364965 4.385055 6.000000 21.386915
1973.000000 29.000000 2.170461 2.123892 4.294353 5.000000 14.576144
1982.000000 38.000000 2.940534 2.129103 5.069637 7.000000 22.309042
2004.000000 34.000000 2.355389 2.287743 4.643132 1.000000 6.129959
1999.000000 29.000000 2.325711 2.209641 4.535352 2.000000 9.863595
2000.000000 28.000000 2.185442 1.928183 4.113625 4.000000 14.068215
2010.000000 38.000000 2.694596 2.173294 4.867890 7.000000 21.708642
2004.000000 31.000000 2.284952 2.159807 4.444760 7.000000 23.394428
2032.000000 33.000000 2.637740 2.322647 4.960387 3.000000 14.183520
2034.000000 35.000000 2.978553 2.032083 5.010636 6.000000 19.397850
2033.000000 33.000000 2.019467 1.972167 3.991634 7.000000 23.390029
2040.000000 36.000000 2.606554 2.427437 5.033990 1.000000 6.264856
2032.000000 28.000000 2.164033 2.175974 4.340007 2.000000 9.896313
2064.000000 32.000000 2.646562 2.384008 5.030569 3.000000 14.097938
2073.000000 41.000000 2.478342 1.965980 4.444323 7.000000 21.776912
2063.000000 31.000000 2.451727 2.362749 4.814475 5.000000 21.940498
2070.000000 30.000000 2.458077 2.680520 5.138597 1.000000 6.326716
2064.000000 24.000000 1.715932 2.331886 4.047818 2.000000 9.927957
2098.000000 34.000000 2.479714 1.819872 4.299586 4.000000 14.452385
2095.000000 31.000000 1.992246 2.009101 4.001347 4.000000 17.517204
2086.000000 22.000000 1.625754 2.740263 4.366017 5.000000 18.787542
2086.000000 22.000000 1.520544 2.517085 4.037629 6.000000 22.741935
2095.000000 25.000000 1.863125 2.775091 4.638217 1.000000 6.123272
2101.000000 31.000000 2.496267 2.173294 4.669561 3.000000 11.048387
2121.000000 26.000000 1.652888 2.426278 4.079166 1.000000 5.879086
2124.000000 29.000000 1.968883 2.162576 4.131459 3.000000 9.956461
2126.000000 28.000000 1.720651 2.179446 3.900098 7.000000 21.365317
2133.000000 32.000000 2.135220 2.339885 4.475104 5.000000 15.614919
2136.000000 35.000000 3.059789 2.181890 5.241678 7.000000 21.382021
2160.000000 39.000000 2.303304 2.098993 4.402297 1.000000 5.990059
2154.000000 33.000000 2.040987 1.908565 3.949552 2.000000 9.480520
2158.000000 34.000000 2.458167 2.028534 4.486701 4.000000 14.186340
2162.000000 29.000000 2.225440 2.195481 4.420920 8.000000 24.336812
2181.000000 27.000000 1.667518 2.158425 3.825943 3.000000 11.615012
2187.000000 33.000000 2.326730 1.805006 4.131735 5.000000 16.604737
2192.000000 34.000000 2.643155 2.201681 4.844837 7.000000 22.797050
2200.000000 40.000000 2.692923 2.237189 4.930112 1.000000 6.272210
2192.000000 32.000000 2.016325 1.986422 4.002746 2.000000 9.589247
2218.000000 37.000000 2.403986 1.845719 4.249705 5.000000 19.256912
2225.000000 33.000000 2.361628 1.837943 4.199570 3.000000 13.539747
2225.000000 33.000000 2.119043 1.996824 4.115867 4.000000 17.392980
2230.000000 30.000000 2.273213 2.593974 4.867188 1.000000 6.180681
2225.000000 25.000000 1.739267 2.204851 3.944118 2.000000 9.753929
2260.000000 35.000000 2.494683 1.981276 4.475959 4.000000 14.670739
2263.000000 38.000000 3.031819 1.823816 4.855635 6.000000 19.806276
2260.000000 35.000000 2.602083 1.984454 4.586537 6.000000 23.093601
2270.000000 40.000000 3.283983 2.445262 5.729245 1.000000 6.682224
2259.000000 29.000000 2.017254 2.342284 4.359538 2.000000 10.223041
2291.000000 32.000000 2.580352 1.978016 4.558368 3.000000 14.522333
2296.000000 37.000000 3.217771 2.307882 5.525653 5.000000 20.889276
2297.000000 27.000000 2.393046 3.166272 5.559319 1.000000 6.563815
2299.000000 29.000000 2.716053 2.712659 5.428712 3.000000 11.833655
2323.000000 32.000000 2.561796 2.183223 4.745019 6.000000 23.988270
2325.000000 28.000000 2.325036 3.029277 5.354313 1.000000 6.440323
2320.000000 23.000000 1.728177 2.475312 4.203489 2.000000 10.322581
2325.000000 26.000000 2.235408 2.666789 4.902197 4.000000 15.798347
2328.000000 29.000000 2.678028 2.693406 5.371434 7.000000 21.827200
2357.000000 37.000000 3.306681 2.146235 5.452916 5.000000 16.078819
2347.000000 27.000000 1.933915 2.154518 4.088433 4.000000 17.578690
2354.000000 29.000000 2.114132 2.777512 4.891644 1.000000 6.173101
2356.000000 31.000000 2.512437 2.548464 5.060901 3.000000 11.053178
2351.000000 26.000000 2.231933 2.492014 4.723947 6.000000 23.238025
2379.000000 25.000000 1.787469 2.681620 4.469089 1.000000 6.043075
2381.000000 27.000000 1.988801 2.148591 4.137392 3.000000 10.171185
2379.000000 23.000000 1.691338 2.628849 4.320187 3.000000 13.804227
2374.000000 18.000000 1.386138 2.367742 3.753880 4.000000 16.134445
2410.000000 31.000000 1.796592 2.316566 4.113158 1.000000 5.870146
2404.000000 25.000000 1.440335 2.188513 3.628848 2.000000 9.093018
2412.000000 33.000000 2.488835 2.330425 4.819260 8.000000 22.272271
2408.000000 29.000000 2.275651 1.952744 4.228395 7.000000 24.368823
2410.000000 29.000000 1.989059 2.009978 3.999037 4.000000 13.789275
2413.000000 32.000000 2.177564 2.020932 4.198496 7.000000 18.468225
2439.000000 35.000000 2.336603 1.797780 4.134383 3.000000 12.601553
2435.000000 31.000000 2.115619 1.832974 3.948593 4.000000 15.424021
2453.000000 43.000000 3.055935 2.089280 5.145214 1.000000 6.339301
2447.000000 37.000000 2.488138 1.985005 4.473143 2.000000 10.016978
2444.000000 34.000000 2.302494 1.951246 4.253741 7.000000 22.478526
2473.000000 34.000000 2.304017 1.996138 4.300155 5.000000 20.398981
2467.000000 28.000000 2.219930 2.014055 4.233985 6.000000 22.143264
2475.000000 28.000000 2.248671 2.145308 4.393979 3.000000 13.491691
2480.000000 33.000000 2.310690 2.174779 4.485469 7.000000 19.158010
2476.000000 23.000000 1.911351 2.643147 4.554498 1.000000 5.988024
2477.000000 24.000000 1.481177 2.339996 3.821173 3.000000 9.956408
2503.000000 28.000000 1.897378 2.030442 3.927820 6.000000 20.083281
2500.000000 24.000000 1.708544 2.310610 4.019154 1.000000 5.780985
2503.000000 27.000000 1.829775 2.184033 4.013808 3.000000 9.732598
2505.000000 28.000000 1.823900 1.834423 3.658323 5.000000 13.662927
2507.000000 30.000000 1.929999 2.025500 3.955499 7.000000 17.816377
2534.000000 34.000000 2.101927 2.106894 4.208821 1.000000 5.837023
2530.000000 30.000000 1.941563 1.883095 3.824659 2.000000 9.197998
2533.000000 30.000000 2.071271 1.812899 3.884171 4.000000 13.302262
2539.000000 36.000000 2.500487 1.986484 4.486971 7.000000 18.930293
2542.000000 37.000000 2.485917 1.656532 4.142448 9.000000 24.234855
2567.000000 37.000000 2.651853 1.824190 4.476043 4.000000 13.522110
2568.000000 38.000000 2.821232 1.835606 4.656837 6.000000 18.159659
2566.000000 33.000000 2.078872 1.809117 3.887989 6.000000 21.533761
2563.000000 30.000000 2.215800 1.924279 4.140080 6.000000 24.065318
2569.000000 35.000000 1.997092 1.971241 3.968333 1.000000 5.728442
2565.000000 31.000000 2.195505 2.048942 4.244447 2.000000 9.338810
2591.000000 26.000000 1.987540 2.147718 4.135259 3.000000 11.580442
2603.000000 38.000000 2.467877 2.014340 4.482217 5.000000 18.749293
2597.000000 30.000000 2.290364 2.172182 4.462546 6.000000 20.481212
2597.000000 30.000000 2.188811 2.183980 4.372791 7.000000 24.708055
2604.000000 35.000000 2.304159 2.089509 4.393668 1.000000 5.982746
2604.000000 35.000000 2.187906 1.814332 4.002238 2.000000 9.916719
2633.000000 42.000000 3.177026 1.873266 5.050292 5.000000 21.523387
2625.000000 34.000000 2.437143 2.142946 4.580089 6.000000 22.618394
2636.000000 32.000000 2.187245 2.217129 4.404373 1.000000 6.041313
2639.000000 35.000000 2.916785 2.001315 4.918100 3.000000 10.635286
2638.000000 34.000000 2.192424 1.959773 4.152198 4.000000 14.659608
2636.000000 32.000000 2.684272 1.857177 4.541449 4.000000 18.238213
