44.000000 33.000000 2.481135 2.124012 4.605146 1.000000 5.284630
44.000000 33.000000 2.390774 2.329801 4.720575 2.000000 9.605549
61.000000 31.000000 1.851400 2.351556 4.202956 5.000000 17.893738
64.000000 34.000000 2.542095 2.002325 4.544420 7.000000 23.266554
76.000000 32.000000 2.319054 2.333869 4.652924 1.000000 5.311707
69.000000 25.000000 1.979617 2.158527 4.138144 2.000000 8.847141
65.000000 21.000000 1.603477 2.265208 3.868685 3.000000 11.998208
77.000000 33.000000 2.666203 2.393613 5.059816 7.000000 19.751677
96.000000 31.000000 2.312166 1.795859 4.108025 5.000000 19.356782
93.000000 28.000000 2.063575 1.979760 4.043335 6.000000 21.907187
100.000000 31.000000 2.672532 2.151554 4.824086 3.000000 12.728902
105.000000 36.000000 2.579616 2.100230 4.679846 6.000000 18.585230
101.000000 25.000000 1.917345 2.660928 4.578273 1.000000 5.270609
108.000000 32.000000 2.003719 1.956687 3.960406 3.000000 10.077050
134.000000 34.000000 3.022311 2.149920 5.172231 7.000000 21.623865
132.000000 31.000000 2.271488 2.208464 4.479951 1.000000 5.348048
129.000000 28.000000 1.992438 2.363819 4.356257 2.000000 9.105069
137.000000 29.000000 1.990290 1.948205 3.938495 5.000000 14.582835
145.000000 37.000000 2.652141 1.992665 4.644806 7.000000 21.038468
160.000000 31.000000 2.218255 2.147439 4.365694 3.000000 12.644621
163.000000 34.000000 2.340811 2.157968 4.498779 7.000000 17.950113
162.000000 30.000000 2.170991 2.338642 4.509633 1.000000 5.400413
160.000000 28.000000 1.763683 1.989030 3.752714 2.000000 8.939164
191.000000 31.000000 1.971639 2.012865 3.984504 4.000000 12.999399
197.000000 37.000000 2.126922 1.887635 4.014556 7.000000 18.477379
197.000000 37.000000 3.325577 1.840480 5.166057 8.000000 22.789555
193.000000 31.000000 2.196105 2.228932 4.425037 1.000000 5.374077
189.000000 27.000000 1.793247 2.187145 3.980392 2.000000 8.801249
230.000000 41.000000 3.137680 1.990080 5.127760 5.000000 15.015477
223.000000 34.000000 2.727813 1.832974 4.560787 4.000000 17.207661
226.000000 33.000000 2.294924 2.070745 4.365669 1.000000 5.416667
223.000000 30.000000 2.089587 2.211985 4.301572 2.000000 9.136905
254.000000 31.000000 2.126241 2.097647 4.223888 3.000000 12.267552
253.000000 30.000000 1.928898 2.107006 4.035904 4.000000 16.059339
256.000000 30.000000 1.635499 2.231407 3.866906 1.000000 5.131773
261.000000 35.000000 2.655578 2.077017 4.732595 3.000000 9.442738
290.000000 36.000000 2.422382 2.057017 4.479399 5.000000 21.120170
281.000000 27.000000 2.208825 2.123452 4.332276 6.000000 21.904295
294.000000 38.000000 2.252677 2.001523 4.254200 1.000000 5.449864
296.000000 40.000000 2.786244 1.786754 4.572998 3.000000 9.664875
291.000000 30.000000 2.218028 2.145044 4.363072 3.000000 12.837031
290.000000 29.000000 2.491067 2.384085 4.875151 4.000000 16.780845
321.000000 30.000000 2.097739 2.173051 4.270791 5.000000 19.419726
319.000000 28.000000 2.227751 2.005643 4.233395 6.000000 22.500000
329.000000 35.000000 2.404313 2.132354 4.536667 1.000000 5.519126
326.000000 32.000000 2.209027 1.977850 4.186876 2.000000 9.188748
329.000000 33.000000 2.443505 2.304697 4.748203 4.000000 13.977057
326.000000 30.000000 1.743798 2.190910 3.934708 4.000000 17.194909
357.000000 31.000000 2.178919 1.981516 4.160435 3.000000 13.359604
368.000000 42.000000 3.439018 1.997923 5.436941 7.000000 21.724950
359.000000 30.000000 2.306050 2.317291 4.623341 1.000000 5.490143
359.000000 30.000000 2.406274 2.161531 4.567805 2.000000 9.658342
387.000000 30.000000 2.452835 2.018674 4.471509 7.000000 21.831426
385.000000 26.000000 1.701241 2.397464 4.098705 1.000000 5.225198
389.000000 30.000000 2.218757 2.177755 4.396512 3.000000 9.546895
382.000000 23.000000 1.837334 2.320454 4.157788 3.000000 12.240783
389.000000 30.000000 2.235283 2.180480 4.415763 6.000000 18.373730
417.000000 35.000000 2.578837 2.058443 4.637280 5.000000 21.088923
408.000000 26.000000 1.929504 2.105055 4.034559 6.000000 21.135674
420.000000 35.000000 2.389732 2.252977 4.642709 1.000000 5.500273
417.000000 32.000000 2.220871 1.823149 4.044020 2.000000 9.130297
419.000000 30.000000 2.244941 2.174486 4.419426 4.000000 13.501811
417.000000 28.000000 1.943232 2.360013 4.303246 4.000000 16.868963
458.000000 41.000000 2.951194 1.816791 4.767985 4.000000 15.608850
449.000000 32.000000 2.652602 2.062145 4.714747 4.000000 17.121318
447.000000 28.000000 2.161188 2.168030 4.329218 5.000000 20.408295
446.000000 27.000000 2.357331 2.151554 4.508885 6.000000 24.052096
482.000000 62.000000 6.881051 2.479229 9.360280 1.000000 7.587209
449.000000 29.000000 2.160591 2.231742 4.392334 2.000000 9.436933
478.000000 29.000000 2.131015 2.351757 4.482773 2.000000 13.262958
480.000000 31.000000 2.124974 2.017206 4.142180 4.000000 17.740921
483.000000 25.000000 1.884305 2.521763 4.406067 7.000000 22.906850
509.000000 31.000000 2.217962 1.973038 4.191001 5.000000 21.115750
499.000000 17.000000 2.140912 5.175780 7.316692 1.000000 6.794796
496.000000 14.000000 1.602158 4.323401 5.925559 2.000000 12.294555
519.000000 23.000000 2.404116 2.895385 5.299501 4.000000 16.640323
518.000000 19.000000 2.149699 3.977918 6.127617 1.000000 6.279294
520.000000 21.000000 2.259209 3.304876 5.564085 3.000000 11.781362
543.000000 25.000000 1.676248 3.005524 4.681772 1.000000 5.484787
551.000000 33.000000 3.371941 3.039511 6.411452 3.000000 11.123992
558.000000 38.000000 2.831795 2.569995 5.401790 6.000000 22.373656
574.000000 31.000000 2.027524 2.435832 4.463356 1.000000 5.445510
573.000000 30.000000 1.574934 2.222460 3.797393 2.000000 8.830392
570.000000 19.000000 1.330131 2.954443 4.284574 3.000000 11.428032
579.000000 9.000000 4.785737 1.457288 6.243025 7.000000 20.880166
578.000000 5.000000 2.747676 1.523262 4.270938 3.000000 10.884141
595.000000 22.000000 0.976729 3.972307 4.949036 6.000000 22.325201
602.000000 28.000000 1.752661 2.154661 3.907323 1.000000 5.270241
578.000000 4.000000 0.485016 3.185351 3.670366 2.000000 7.108688
602.000000 24.000000 1.913578 2.422963 4.336541 2.000000 9.058668
602.000000 24.000000 1.709319 2.322038 4.031357 3.000000 12.992722
604.000000 26.000000 1.725039 2.200271 3.925310 7.000000 17.302053
598.000000 20.000000 1.766874 2.891812 4.658687 5.000000 19.109063
642.000000 40.000000 2.793022 1.908492 4.701513 1.000000 5.594816
636.000000 34.000000 2.121236 1.810822 3.932058 2.000000 8.931452
631.000000 29.000000 2.073203 2.176094 4.249297 3.000000 12.006668
639.000000 37.000000 2.644656 2.172182 4.816838 6.000000 18.331070
636.000000 34.000000 2.259593 1.984110 4.243703 6.000000 21.533657
635.000000 33.000000 2.402415 1.986181 4.388596 7.000000 25.338881
661.000000 30.000000 2.296293 1.990294 4.286587 5.000000 18.148424
658.000000 27.000000 2.118757 2.157887 4.276644 6.000000 21.043259
668.000000 32.000000 2.293975 1.862434 4.156409 3.000000 12.582510
672.000000 36.000000 2.325942 1.987555 4.313497 6.000000 17.667633
669.000000 27.000000 1.839756 2.319335 4.159091 1.000000 5.354206
676.000000 34.000000 2.381656 2.332713 4.714369 3.000000 9.938030
695.000000 27.000000 2.255348 1.956854 4.212202 6.000000 22.658960
721.000000 52.000000 4.633168 2.152240 6.785408 1.000000 6.549269
705.000000 36.000000 2.188986 1.890043 4.079028 2.000000 9.515133
707.000000 31.000000 2.602701 2.355369 4.958070 4.000000 14.140307
713.000000 37.000000 2.912608 2.222965 5.135573 6.000000 20.923963
736.000000 31.000000 2.086136 2.192734 4.278870 3.000000 13.950664
738.000000 31.000000 3.133380 2.521608 5.654989 6.000000 22.841515
749.000000 28.000000 2.438377 3.010805 5.449182 1.000000 5.939188
740.000000 19.000000 2.100885 3.463540 5.564426 2.000000 10.097226
766.000000 30.000000 2.158911 2.247685 4.406595 7.000000 22.211982
765.000000 25.000000 2.104411 2.754275 4.858687 3.000000 12.581490
765.000000 25.000000 2.375664 2.780656 5.156320 4.000000 17.156957
774.000000 25.000000 2.217021 2.999489 5.216510 1.000000 5.878868
781.000000 32.000000 2.882145 2.211029 5.093174 3.000000 11.505110
798.000000 33.000000 2.802602 2.548464 5.351067 5.000000 21.074501
798.000000 24.000000 1.954041 2.705693 4.659734 1.000000 5.597057
803.000000 29.000000 2.419566 2.526571 4.946137 3.000000 10.467910
808.000000 27.000000 2.198451 2.309653 4.508104 5.000000 15.964197
804.000000 23.000000 1.738879 2.731750 4.470629 6.000000 18.818706
831.000000 33.000000 1.999869 2.312318 4.312186 1.000000 5.477823
827.000000 29.000000 1.923024 2.258470 4.181494 2.000000 9.013457
831.000000 28.000000 2.194775 2.337494 4.532269 4.000000 13.842134
838.000000 35.000000 3.187097 2.397292 5.584389 7.000000 20.914930
863.000000 36.000000 2.529877 2.193975 4.723852 3.000000 13.324996
860.000000 33.000000 2.327603 2.014571 4.342175 4.000000 16.691715
865.000000 34.000000 2.484612 2.216053 4.700665 1.000000 5.597613
866.000000 35.000000 2.199962 1.832974 4.032936 3.000000 9.749898
863.000000 32.000000 1.946987 2.001315 3.948303 6.000000 21.845202
855.000000 24.000000 1.985864 2.480572 4.466436 6.000000 22.437172
896.000000 33.000000 2.714394 2.326015 5.040408 5.000000 21.031772
889.000000 26.000000 1.945771 2.315696 4.261467 6.000000 22.313071
896.000000 31.000000 2.177092 2.285386 4.462479 1.000000 5.534562
904.000000 39.000000 3.107577 2.338306 5.445883 3.000000 11.028130
899.000000 33.000000 2.039927 1.873272 3.913200 4.000000 14.293863
906.000000 40.000000 2.967685 2.022071 4.989756 7.000000 20.697320
929.000000 33.000000 2.289329 2.198491 4.487820 1.000000 5.557715
920.000000 24.000000 1.787190 2.183140 3.970330 2.000000 8.748939
933.000000 34.000000 2.859899 1.948205 4.808104 9.000000 25.529711
927.000000 23.000000 1.730666 2.397191 4.127857 4.000000 13.695015
931.000000 27.000000 2.385704 3.063046 5.448750 7.000000 19.240075
958.000000 38.000000 2.507090 1.828935 4.336026 3.000000 13.133248
956.000000 36.000000 2.455652 1.985873 4.441524 4.000000 16.616507
960.000000 33.000000 2.204793 2.231909 4.436702 7.000000 22.786989
963.000000 34.000000 2.180400 2.257388 4.437788 1.000000 5.555450
961.000000 32.000000 2.335191 2.156161 4.491352 2.000000 9.526822
992.000000 34.000000 2.500549 1.975739 4.476288 6.000000 21.448144
985.000000 27.000000 2.258379 2.306194 4.564573 6.000000 22.592593
990.000000 29.000000 2.476420 2.328394 4.804814 3.000000 12.676714
992.000000 31.000000 1.985302 2.158897 4.144200 5.000000 17.411853
992.000000 29.000000 1.854546 2.396077 4.250623 1.000000 5.460830
997.000000 34.000000 2.111606 1.995414 4.107021 3.000000 9.834776
1015.000000 25.000000 1.936361 2.342140 4.278501 5.000000 17.682163
1027.000000 35.000000 2.386155 2.251261 4.637416 1.000000 5.646905
1036.000000 44.000000 3.422671 1.954813 5.377485 3.000000 11.200799
1033.000000 36.000000 2.323805 1.954603 4.278407 4.000000 15.081572
1025.000000 28.000000 2.119205 2.163230 4.282435 4.000000 16.679098
1062.000000 35.000000 2.379993 2.268432 4.648425 1.000000 5.619790
1059.000000 32.000000 2.610313 2.332229 4.942541 2.000000 9.821516
1066.000000 30.000000 2.920824 2.876005 5.796829 5.000000 16.526837
1063.000000 27.000000 2.594590 2.491507 5.086097 6.000000 20.239969
1085.000000 26.000000 2.319077 2.721578 5.040655 3.000000 13.114626
1089.000000 27.000000 2.103930 2.448052 4.551981 1.000000 5.545180
1095.000000 33.000000 2.746008 2.194369 4.940377 3.000000 10.441202
1089.000000 23.000000 2.418635 2.740544 5.159179 6.000000 23.546038
1111.000000 26.000000 1.860801 2.563180 4.423981 5.000000 18.512642
1107.000000 22.000000 1.707672 2.454420 4.162092 6.000000 21.164055
1122.000000 33.000000 2.229797 2.283833 4.513630 1.000000 5.527690
1124.000000 35.000000 2.660167 2.181154 4.841321 3.000000 10.015361
1117.000000 22.000000 1.819915 2.343056 4.162971 3.000000 12.767704
1127.000000 32.000000 2.688854 2.548464 5.237318 7.000000 20.309398
1151.000000 34.000000 2.511682 2.106137 4.617818 6.000000 21.375712
1149.000000 27.000000 1.688183 2.281196 3.969379 1.000000 5.319418
1151.000000 29.000000 1.685610 2.143515 3.829125 3.000000 9.208211
1155.000000 31.000000 2.422944 2.190477 4.613421 5.000000 13.927502
1152.000000 28.000000 2.087440 2.494534 4.581974 6.000000 17.357832
1193.000000 44.000000 2.988699 1.876845 4.865544 1.000000 5.771889
1179.000000 30.000000 2.096942 2.058954 4.155896 2.000000 8.742913
1182.000000 31.000000 2.155091 2.036886 4.191977 4.000000 13.096965
1189.000000 38.000000 2.705179 1.805006 4.510185 6.000000 19.384805
1183.000000 28.000000 2.300171 2.522259 4.822430 7.000000 21.304678
1213.000000 34.000000 2.605949 2.157401 4.763350 3.000000 12.489219
1213.000000 34.000000 2.680164 2.032083 4.712247 4.000000 16.847356
1209.000000 27.000000 1.759618 2.196886 3.956505 5.000000 19.432421
1221.000000 28.000000 2.666411 2.731589 5.398000 1.000000 5.949483
1229.000000 36.000000 2.591232 1.960631 4.551862 3.000000 11.562062
1238.000000 25.000000 2.144068 2.378023 4.522091 6.000000 22.407215
1240.000000 19.000000 1.460948 2.782409 4.243357 1.000000 5.467646
1246.000000 25.000000 2.028216 2.481641 4.509857 3.000000 10.149576
1261.000000 32.000000 2.465690 2.187192 4.652881 5.000000 17.956443
1259.000000 30.000000 2.238871 2.293725 4.532595 6.000000 21.505093
1274.000000 34.000000 2.410761 2.065630 4.476392 1.000000 5.506781
1272.000000 32.000000 2.755736 2.177787 4.933523 2.000000 9.702621
1278.000000 32.000000 2.862884 2.154190 5.017074 5.000000 15.562510
1274.000000 28.000000 2.208407 2.176094 4.384501 5.000000 18.458065
1300.000000 28.000000 2.343209 2.330957 4.674167 3.000000 13.267622
1303.000000 31.000000 2.440737 2.372124 4.812861 6.000000 18.686033
1316.000000 42.000000 3.228598 2.268434 5.497032 1.000000 6.071323
1301.000000 27.000000 2.378339 2.214443 4.592782 2.000000 9.191746
1302.000000 24.000000 2.107960 2.530360 4.638320 7.000000 22.691318
1327.000000 27.000000 2.025689 2.359459 4.385147 5.000000 19.138249
1332.000000 31.000000 2.286420 2.218683 4.505102 3.000000 12.596955
1332.000000 31.000000 2.160927 2.204851 4.365778 4.000000 16.697256
1341.000000 25.000000 1.835822 2.885154 4.720976 1.000000 5.703812
1341.000000 25.000000 2.162095 2.564245 4.726340 2.000000 10.106952
1364.000000 32.000000 2.810600 2.205496 5.016096 6.000000 20.905586
1364.000000 32.000000 2.675895 2.188612 4.864508 7.000000 25.515342
1370.000000 29.000000 2.179148 2.411638 4.590786 1.000000 5.625114
1369.000000 28.000000 2.106120 2.352759 4.458879 2.000000 9.647616
1365.000000 24.000000 1.786709 2.331568 4.118277 3.000000 13.061566
1363.000000 22.000000 1.762481 2.343698 4.106179 4.000000 16.402357
1399.000000 34.000000 2.345699 1.981155 4.326854 6.000000 21.859421
1394.000000 29.000000 2.291974 1.984451 4.276424 6.000000 23.580830
1398.000000 29.000000 2.171301 2.345757 4.517059 3.000000 13.367259
1399.000000 30.000000 2.195254 1.981790 4.177043 5.000000 17.913786
1409.000000 39.000000 2.939886 2.231778 5.171664 1.000000 5.948168
1399.000000 29.000000 2.127214 2.355952 4.483166 2.000000 9.484400
1429.000000 31.000000 2.448632 2.170903 4.619536 5.000000 21.507676
1420.000000 22.000000 1.765332 2.258955 4.024287 6.000000 21.781920
1435.000000 36.000000 3.187408 2.159807 5.347215 3.000000 14.362341
1431.000000 32.000000 2.302590 2.323394 4.625984 4.000000 17.843891
1440.000000 31.000000 2.627200 2.650323 5.277523 1.000000 5.975225
1446.000000 37.000000 3.191320 2.397405 5.588725 3.000000 11.634505
1470.000000 35.000000 3.742672 2.551969 6.294641 8.000000 25.352258
1466.000000 26.000000 2.323883 2.700494 5.024377 1.000000 5.770244
1468.000000 28.000000 2.250690 2.478156 4.728846 3.000000 10.447735
1469.000000 23.000000 1.988306 2.871093 4.859399 5.000000 15.055178
1495.000000 29.000000 1.957697 2.322306 4.280003 1.000000 5.459677
1493.000000 27.000000 2.057404 2.336920 4.394324 2.000000 9.287558
1499.000000 31.000000 2.540178 2.511403 5.051581 5.000000 15.066552
1496.000000 28.000000 1.868853 2.057092 3.925945 6.000000 18.342840
1499.000000 30.000000 2.470023 2.172418 4.642441 8.000000 23.579962
1525.000000 32.000000 2.579830 2.167346 4.747176 5.000000 13.289976
1523.000000 30.000000 2.328529 2.360013 4.688542 4.000000 17.153139
1523.000000 28.000000 1.779012 2.204423 3.983435 1.000000 5.456809
1524.000000 29.000000 1.869622 2.001315 3.870937 3.000000 9.038841
1563.000000 40.000000 2.928288 1.949573 4.877861 1.000000 5.812555
1557.000000 34.000000 2.329300 1.816791 4.146092 2.000000 9.321803
1557.000000 33.000000 1.955196 1.816139 3.771335 3.000000 13.060244
1559.000000 35.000000 1.955895 1.996824 3.952719 6.000000 17.312500
1599.000000 42.000000 2.922310 1.956584 4.878894 5.000000 15.798387
1588.000000 31.000000 2.311375 2.171611 4.482986 4.000000 16.595179
1593.000000 36.000000 2.471050 1.996588 4.467638 7.000000 22.903226
1594.000000 31.000000 2.388366 2.330206 4.718572 1.000000 5.775771
1591.000000 28.000000 2.020023 2.364644 4.384666 2.000000 9.587286
1622.000000 31.000000 2.699848 2.346940 5.046789 3.000000 13.805345
1631.000000 40.000000 3.031706 1.867958 4.899665 5.000000 21.261153
1631.000000 37.000000 3.039477 2.516862 5.556339 1.000000 6.170848
1667.000000 73.000000 7.811980 2.235606 10.047586 5.000000 19.422007
1626.000000 27.000000 2.513868 2.406667 4.920535 6.000000 23.404117
1648.000000 26.000000 2.161558 2.359592 4.521150 4.000000 19.348531
1645.000000 23.000000 2.022991 2.526211 4.549202 5.000000 22.491935
1665.000000 34.000000 3.139466 2.917728 6.057194 1.000000 6.356910
1655.000000 24.000000 1.777001 2.692626 4.469628 2.000000 10.131388
1686.000000 31.000000 2.237066 2.187505 4.424571 4.000000 14.054660
1687.000000 32.000000 2.393228 2.138610 4.531837 6.000000 18.542950
1715.000000 50.000000 5.319766 3.075251 8.395017 1.000000 7.293849
1684.000000 19.000000 1.632993 2.908578 4.541570 2.000000 9.524569
1716.000000 32.000000 2.540816 2.213027 4.753843 3.000000 13.279865
1716.000000 32.000000 2.175555 2.333171 4.508726 4.000000 17.559686
1716.000000 30.000000 2.272735 2.158560 4.431295 5.000000 21.761256
1711.000000 25.000000 1.971679 2.127403 4.099082 5.000000 23.581018
1732.000000 17.000000 2.201649 4.309446 6.511095 1.000000 6.472021
1729.000000 14.000000 1.663791 4.038247 5.702037 2.000000 11.443512
1748.000000 32.000000 1.868015 2.194076 4.062091 5.000000 21.441897
1738.000000 22.000000 1.703923 2.497866 4.201789 6.000000 21.682158
1757.000000 28.000000 2.433938 2.711019 5.144958 5.000000 16.114299
1748.000000 19.000000 1.546624 2.766390 4.313014 4.000000 17.524927
1748.000000 16.000000 1.192070 3.727471 4.919541 1.000000 5.836479
1752.000000 20.000000 1.627203 2.604171 4.231374 3.000000 10.466276
1784.000000 36.000000 2.709365 2.598796 5.308161 1.000000 5.984034
1779.000000 31.000000 2.668391 2.341465 5.009856 2.000000 10.161290
1785.000000 33.000000 2.495055 1.977582 4.472638 5.000000 15.975851
1779.000000 27.000000 1.777119 2.161933 3.939052 4.000000 17.835422
1804.000000 25.000000 2.097243 2.359149 4.456392 3.000000 12.943105
1806.000000 27.000000 1.934503 2.548464 4.482967 5.000000 17.741935
1808.000000 24.000000 1.907792 2.664159 4.571951 1.000000 5.664854
1811.000000 27.000000 2.123935 2.504433 4.628368 3.000000 9.973722
1838.000000 34.000000 2.608132 2.235596 4.843728 5.000000 21.261144
1839.000000 31.000000 1.725308 2.440697 4.166004 1.000000 5.474321
1838.000000 30.000000 2.170897 2.007231 4.178128 2.000000 9.201715
1840.000000 29.000000 2.561656 2.330425 4.892080 5.000000 13.697793
1845.000000 34.000000 2.296366 2.197769 4.494135 7.000000 19.664590
1872.000000 34.000000 2.340120 2.175394 4.515514 3.000000 13.080735
1882.000000 44.000000 3.271310 1.815480 5.086790 7.000000 20.746348
1881.000000 42.000000 2.615280 2.023434 4.638713 1.000000 5.637052
1874.000000 35.000000 2.628836 1.979198 4.608034 2.000000 9.290499
1877.000000 37.000000 3.503343 2.575763 6.079105 7.000000 23.676075
1903.000000 31.000000 2.541114 2.167731 4.708845 5.000000 20.733381
1904.000000 30.000000 2.334446 2.383387 4.717832 3.000000 12.805625
1908.000000 34.000000 2.383700 2.163230 4.546930 5.000000 18.279287
1912.000000 31.000000 2.253851 2.261367 4.515217 1.000000 5.554915
1915.000000 34.000000 2.744229 2.304506 5.048735 3.000000 10.228826
1935.000000 31.000000 2.679947 2.514152 5.194099 5.000000 19.873167
1943.000000 31.000000 1.753772 2.079295 3.833067 1.000000 5.204375
1938.000000 26.000000 1.908176 2.354009 4.262185 2.000000 8.518883
1943.000000 28.000000 2.221689 2.336251 4.557940 4.000000 13.512642
1947.000000 32.000000 2.888242 2.535098 5.423340 7.000000 19.442883
1966.000000 28.000000 2.130097 2.043391 4.173488 3.000000 10.610599
1968.000000 30.000000 2.079752 2.144660 4.224412 5.000000 14.836790
1971.000000 28.000000 1.290264 2.143554 3.433818 1.000000 5.035169
1984.000000 41.000000 2.531830 1.522515 4.054345 3.000000 9.629242
1971.000000 28.000000 2.056525 2.351245 4.407770 7.000000 19.665344
2006.000000 40.000000 3.177827 2.085766 5.263593 5.000000 18.042908
2010.000000 39.000000 1.894527 1.741719 3.636246 1.000000 5.194432
2012.000000 41.000000 2.529012 1.484590 4.013602 3.000000 9.120914
2020.000000 36.000000 2.327120 1.837943 4.165062 5.000000 14.513214
2015.000000 31.000000 2.009110 2.002292 4.011402 6.000000 16.662531
2048.000000 38.000000 2.335371 1.771406 4.106778 1.000000 5.497474
2044.000000 34.000000 2.067482 1.825450 3.892932 2.000000 8.920515
2051.000000 39.000000 2.643149 1.995429 4.638578 5.000000 14.248797
2044.000000 32.000000 2.373876 1.965099 4.338976 4.000000 16.321603
2077.000000 33.000000 2.324827 1.801251 4.126078 4.000000 13.237466
2074.000000 30.000000 2.080687 1.803595 3.884282 4.000000 16.172180
2076.000000 28.000000 1.971557 2.158560 4.130117 1.000000 5.477970
2078.000000 30.000000 2.168428 1.970928 4.139356 3.000000 9.492810
2078.000000 27.000000 1.861198 2.287243 4.148441 8.000000 21.473516
2102.000000 26.000000 1.759321 1.946104 3.705426 1.000000 5.255287
2103.000000 27.000000 1.645253 1.993275 3.638528 3.000000 8.772219
2110.000000 33.000000 2.331940 1.783290 4.115229 7.000000 21.443745
2102.000000 25.000000 1.688172 2.320333 4.008504 6.000000 21.746988
2110.000000 32.000000 2.237821 2.121830 4.359651 5.000000 13.793512
2115.000000 37.000000 2.574768 1.989030 4.563798 7.000000 19.743323
2141.000000 39.000000 2.173110 1.708189 3.881299 1.000000 5.319418
2131.000000 29.000000 1.823335 1.976702 3.800037 2.000000 8.210685
2141.000000 38.000000 2.736675 1.996588 4.733263 4.000000 14.196030
2133.000000 30.000000 1.701038 1.681420 3.382459 5.000000 15.654185
2141.000000 31.000000 2.420483 1.976702 4.397185 7.000000 22.514663
2159.000000 28.000000 1.936835 1.986629 3.923464 3.000000 10.738486
2165.000000 34.000000 2.282465 1.992070 4.274535 5.000000 16.044721
2181.000000 40.000000 2.518798 2.070745 4.589543 1.000000 5.643399
2175.000000 34.000000 2.568840 1.807644 4.376484 2.000000 9.259908
2161.000000 20.000000 1.691528 2.448902 4.140430 7.000000 22.141897
2192.000000 33.000000 2.466125 1.987723 4.453848 5.000000 17.268641
2193.000000 34.000000 2.899435 1.889490 4.788926 7.000000 21.971986
2203.000000 28.000000 2.147320 2.181296 4.328616 3.000000 12.527189
2206.000000 31.000000 2.405112 2.350942 4.756054 5.000000 17.631888
2214.000000 33.000000 2.509195 2.198882 4.708078 1.000000 5.665643
2208.000000 27.000000 2.145401 2.350681 4.496082 2.000000 9.347788
2234.000000 31.000000 2.646540 2.020093 4.666633 5.000000 19.876660
2233.000000 30.000000 2.420426 2.154669 4.575096 6.000000 23.732359
2237.000000 29.000000 2.156372 2.160890 4.317262 3.000000 12.652634
2237.000000 29.000000 2.222686 2.172418 4.395104 4.000000 16.701294
2240.000000 26.000000 1.847147 2.433373 4.280520 1.000000 5.451988
2241.000000 27.000000 1.976290 2.163230 4.139521 3.000000 9.507489
2271.000000 34.000000 2.684919 2.150600 4.835519 5.000000 21.440092
2265.000000 28.000000 2.215678 2.152838 4.368516 6.000000 23.177855
2272.000000 32.000000 2.257947 2.235666 4.493613 1.000000 5.532802
2272.000000 32.000000 2.542637 2.019472 4.562109 2.000000 9.685309
2271.000000 30.000000 1.911226 2.002641 3.913867 3.000000 13.473118
2271.000000 30.000000 2.062037 2.106484 4.168521 4.000000 17.260861
2300.000000 29.000000 2.218797 1.976702 4.195499 9.000000 24.573215
2296.000000 24.000000 1.662697 2.257019 3.919717 1.000000 5.317240
2298.000000 26.000000 1.889861 1.986890 3.876751 3.000000 9.047312
2302.000000 30.000000 2.396468 2.370299 4.766767 5.000000 13.786166
2298.000000 26.000000 1.954606 2.213015 4.167621 5.000000 16.594877
2330.000000 34.000000 2.588105 2.109214 4.697319 1.000000 5.627749
2329.000000 33.000000 2.296795 1.802940 4.099735 2.000000 9.556195
2324.000000 26.000000 1.862373 1.798942 3.661315 3.000000 12.167051
2332.000000 34.000000 2.340407 1.864022 4.204430 7.000000 18.211054
2333.000000 31.000000 2.348456 2.299089 4.647545 9.000000 22.803379
2361.000000 37.000000 2.469978 1.836288 4.306266 5.000000 21.167155
2356.000000 32.000000 2.227267 1.852843 4.080110 6.000000 22.926669
2361.000000 32.000000 2.097952 1.973852 4.071804 3.000000 13.539426
2367.000000 38.000000 2.554075 1.997077 4.551152 6.000000 19.414352
2361.000000 31.000000 2.275829 2.397869 4.673698 1.000000 5.628136
2370.000000 40.000000 2.850746 2.197143 5.047888 3.000000 11.180388
2384.000000 23.000000 1.827224 2.547466 4.374689 1.000000 5.467152
2399.000000 38.000000 2.693715 2.001368 4.695083 3.000000 11.037981
2397.000000 36.000000 2.692351 1.970492 4.662843 6.000000 23.815790
2397.000000 27.000000 2.066670 2.109450 4.176120 4.000000 14.883344
2400.000000 30.000000 2.712375 2.797037 5.509412 7.000000 20.068807
2424.000000 40.000000 3.044317 2.109214 5.153530 1.000000 5.864951
2424.000000 40.000000 2.783860 2.219819 5.003679 2.000000 10.553574
2430.000000 31.000000 2.518234 2.517571 5.035805 5.000000 16.871623
2433.000000 34.000000 2.894856 2.029501 4.924357 7.000000 22.466744
2456.000000 32.000000 2.420143 2.733324 5.153467 1.000000 5.853329
2449.000000 25.000000 1.945054 2.360013 4.305067 2.000000 9.570203
2453.000000 29.000000 2.492206 2.477431 4.969637 4.000000 14.724429
2449.000000 25.000000 2.157905 2.514156 4.672062 4.000000 17.834101
2477.000000 28.000000 2.226507 2.157887 4.384394 3.000000 12.985704
2479.000000 30.000000 1.842745 1.993475 3.836220 6.000000 17.568895
2483.000000 30.000000 2.407562 2.360013 4.767575 9.000000 23.422056
2478.000000 22.000000 1.602254 2.568362 4.170616 1.000000 5.399194
2479.000000 23.000000 1.796191 2.638592 4.434783 3.000000 9.412714
2507.000000 30.000000 2.106916 2.184033 4.290950 6.000000 20.204119
2505.000000 28.000000 2.264708 2.187232 4.451940 6.000000 23.560659
2518.000000 40.000000 2.633862 2.277194 4.911056 1.000000 5.689717
2510.000000 32.000000 2.174622 1.875700 4.050322 2.000000 9.144641
2505.000000 26.000000 1.965888 2.342347 4.308235 3.000000 12.182668
2510.000000 31.000000 2.158103 1.976750 4.134853 5.000000 17.275554
2485.000000 2.000000 3.113910 2.155323 5.269233 9.000000 25.451167
2545.000000 40.000000 2.962486 1.992991 4.955477 9.000000 21.991896
2543.000000 33.000000 2.320546 2.022736 4.343282 3.000000 12.988560
2543.000000 33.000000 2.175985 1.986484 4.162469 4.000000 16.920031
2543.000000 25.000000 1.595121 2.527772 4.122893 1.000000 5.344864
2544.000000 26.000000 1.674841 2.351491 4.026332 3.000000 9.257860
2576.000000 33.000000 2.078784 2.307117 4.385901 1.000000 5.592648
2589.000000 46.000000 3.391968 1.817245 5.209213 3.000000 11.578398
2576.000000 33.000000 2.521271 2.000041 4.521312 6.000000 21.446083
2575.000000 32.000000 2.417973 2.150886 4.568859 6.000000 25.196279
2586.000000 42.000000 3.357334 1.992665 5.349999 4.000000 15.942587
2575.000000 31.000000 2.367130 1.860184 4.227314 4.000000 16.910124
2608.000000 32.000000 2.437316 2.116712 4.554027 1.000000 5.572581
2629.000000 53.000000 5.652944 2.190982 7.843926 3.000000 13.518081
2614.000000 28.000000 2.802747 2.846344 5.649090 6.000000 25.416303
2603.000000 17.000000 1.747185 2.538540 4.285725 6.000000 23.783758
2615.000000 26.000000 2.216085 2.838058 5.054143 4.000000 16.046821
2621.000000 32.000000 3.071779 2.312451 5.384230 6.000000 22.816377
2639.000000 31.000000 2.475307 2.151790 4.627097 2.000000 9.581653
2640.000000 25.000000 1.897985 2.547916 4.445901 6.000000 23.193548
