40.000000 27.000000 1.809875 2.157431 3.967306 3.000000 12.530625
43.000000 30.000000 1.998278 2.222183 4.220462 5.000000 16.932533
53.000000 35.000000 2.823953 2.573066 5.397019 1.000000 6.233397
49.000000 31.000000 2.265208 1.999154 4.264362 2.000000 10.242413
50.000000 29.000000 2.446150 2.177194 4.623343 8.000000 24.166962
75.000000 35.000000 2.149694 1.825450 3.975144 5.000000 21.052419
71.000000 31.000000 2.325992 2.127238 4.453230 6.000000 23.377774
81.000000 32.000000 2.538609 2.099442 4.638051 4.000000 15.224254
82.000000 33.000000 2.418402 2.175322 4.593724 6.000000 19.874263
83.000000 30.000000 2.471389 2.660928 5.132317 1.000000 6.214842
79.000000 26.000000 2.332669 2.675326 5.007996 2.000000 10.403627
106.000000 27.000000 2.150748 2.693400 4.844148 3.000000 14.195968
106.000000 27.000000 2.179985 2.146915 4.326900 4.000000 18.462180
108.000000 27.000000 2.191255 2.102867 4.294122 7.000000 23.339712
114.000000 31.000000 2.664091 2.648781 5.312873 1.000000 6.296774
114.000000 31.000000 2.914478 2.526504 5.440982 2.000000 11.174694
136.000000 30.000000 2.592525 2.334869 4.927394 5.000000 22.543232
129.000000 23.000000 2.133996 2.526211 4.660206 6.000000 23.800241
142.000000 28.000000 2.130976 2.598636 4.729612 1.000000 6.084128
144.000000 30.000000 2.762829 2.546773 5.309602 3.000000 10.923754
140.000000 26.000000 2.371124 2.727964 5.099088 3.000000 14.740670
143.000000 29.000000 2.907179 2.645491 5.552670 6.000000 20.778592
173.000000 33.000000 3.111989 2.505342 5.617331 7.000000 24.685835
175.000000 33.000000 2.218085 2.303456 4.521541 1.000000 5.976648
171.000000 29.000000 2.255817 2.343782 4.599599 2.000000 9.858517
168.000000 24.000000 2.212431 2.723083 4.935515 3.000000 13.714718
174.000000 30.000000 2.645485 2.534032 5.179517 6.000000 20.152842
194.000000 26.000000 2.004811 2.341322 4.346133 5.000000 18.917051
191.000000 23.000000 1.761770 2.522259 4.284029 6.000000 21.972486
203.000000 32.000000 2.549671 2.170773 4.720445 3.000000 12.990705
203.000000 32.000000 2.318265 2.360013 4.678279 4.000000 17.358301
204.000000 29.000000 1.578243 2.298172 3.876416 1.000000 5.794464
213.000000 38.000000 2.302339 1.980385 4.282724 3.000000 10.398482
235.000000 32.000000 2.493220 2.353593 4.846813 5.000000 19.538317
234.000000 31.000000 2.549472 2.177387 4.726858 6.000000 23.526991
245.000000 41.000000 2.545977 1.846999 4.392976 1.000000 5.988146
241.000000 37.000000 2.207007 1.949835 4.156843 2.000000 9.664556
244.000000 31.000000 2.340058 2.160004 4.500062 4.000000 14.330160
247.000000 34.000000 2.284104 1.971623 4.255726 7.000000 19.267916
278.000000 37.000000 2.422243 2.121830 4.544073 3.000000 14.353957
278.000000 37.000000 2.873810 2.074410 4.948220 4.000000 18.751198
276.000000 32.000000 2.306391 2.172147 4.478538 5.000000 22.244318
287.000000 42.000000 3.475657 2.260507 5.736163 1.000000 6.592927
294.000000 49.000000 3.677127 2.117068 5.794194 3.000000 12.696369
311.000000 33.000000 2.561374 2.363819 4.925193 5.000000 23.005865
324.000000 37.000000 2.369582 2.283671 4.653253 1.000000 6.118894
326.000000 39.000000 4.930110 3.420096 8.350206 3.000000 12.169129
320.000000 26.000000 2.550360 2.888138 5.438497 3.000000 16.900321
316.000000 22.000000 1.919655 2.940037 4.859692 4.000000 20.268817
360.000000 36.000000 2.770815 2.585316 5.356131 1.000000 6.457067
359.000000 35.000000 2.261670 1.871402 4.133072 2.000000 10.644190
352.000000 26.000000 2.985308 3.850843 6.836151 3.000000 14.476716
373.000000 21.000000 1.665880 2.888511 4.554390 5.000000 17.918317
387.000000 28.000000 2.112332 2.161531 4.273863 4.000000 14.782401
391.000000 32.000000 1.831543 1.938948 3.770491 6.000000 19.983199
393.000000 33.000000 2.759298 2.813235 5.572533 1.000000 6.516438
386.000000 26.000000 2.191352 2.522524 4.713876 2.000000 10.413745
412.000000 26.000000 2.136841 2.354734 4.491575 3.000000 13.724995
414.000000 28.000000 2.294411 2.191105 4.485517 5.000000 18.529848
422.000000 29.000000 2.587227 2.967944 5.555171 1.000000 6.528785
421.000000 28.000000 2.342175 2.522259 4.864434 2.000000 11.124070
448.000000 36.000000 2.645397 2.191084 4.836480 6.000000 23.070522
441.000000 29.000000 2.446487 2.338175 4.784662 6.000000 24.270935
455.000000 34.000000 2.888119 2.335304 5.223424 5.000000 16.596619
449.000000 27.000000 1.965924 3.023806 4.989730 1.000000 6.275042
446.000000 24.000000 1.814026 2.486865 4.300891 2.000000 10.144957
475.000000 29.000000 1.949096 2.174960 4.124056 3.000000 13.570427
485.000000 39.000000 3.057474 2.020808 5.078282 7.000000 21.019024
478.000000 29.000000 1.837395 2.592012 4.429408 1.000000 5.991345
478.000000 29.000000 2.344853 2.184851 4.529704 2.000000 10.160399
506.000000 31.000000 2.092829 2.163230 4.256059 5.000000 20.595106
514.000000 36.000000 2.518511 2.276987 4.795497 1.000000 6.175115
518.000000 40.000000 2.898723 2.004176 4.902899 3.000000 10.967742
516.000000 38.000000 2.731409 2.133067 4.864476 4.000000 15.002481
511.000000 33.000000 2.398748 2.364888 4.763636 4.000000 18.039049
546.000000 32.000000 2.155596 2.461985 4.617582 1.000000 6.099872
545.000000 31.000000 2.507774 2.189754 4.697529 2.000000 10.228642
546.000000 30.000000 2.478224 2.713285 5.191509 6.000000 23.370037
541.000000 25.000000 2.127599 2.285740 4.413339 6.000000 24.851117
550.000000 32.000000 2.586783 2.281174 4.867957 5.000000 15.780296
547.000000 29.000000 2.308024 2.364921 4.672945 6.000000 19.089435
576.000000 31.000000 2.433893 2.179789 4.613682 4.000000 13.829316
571.000000 26.000000 1.748968 2.530243 4.279211 4.000000 16.709484
583.000000 37.000000 2.699212 2.437480 5.136693 1.000000 6.352232
574.000000 28.000000 1.859020 2.002624 3.861644 2.000000 9.508798
617.000000 43.000000 3.139301 1.654671 4.793972 5.000000 15.952854
614.000000 40.000000 2.502377 2.177387 4.679763 5.000000 19.244482
601.000000 25.000000 1.756945 2.156817 3.913762 5.000000 18.956782
605.000000 29.000000 2.443484 2.313452 4.756936 7.000000 24.671746
612.000000 29.000000 2.081403 2.739079 4.820482 1.000000 6.220312
615.000000 32.000000 2.832205 2.203827 5.036033 3.000000 10.959938
643.000000 31.000000 2.265056 2.469349 4.734406 1.000000 6.192652
643.000000 31.000000 2.071070 2.370627 4.441696 2.000000 10.360983
643.000000 28.000000 2.178534 2.345709 4.524243 3.000000 14.572068
643.000000 28.000000 1.963906 2.544103 4.508009 4.000000 18.716926
646.000000 29.000000 2.271653 2.346355 4.618008 9.000000 24.281525
681.000000 38.000000 2.940511 2.379653 5.320164 1.000000 6.478217
671.000000 28.000000 1.972041 2.175974 4.148014 2.000000 9.848545
674.000000 31.000000 2.326967 2.523134 4.850101 4.000000 14.718565
681.000000 38.000000 2.883225 1.983191 4.866416 6.000000 21.630453
673.000000 30.000000 2.126464 2.177387 4.303850 6.000000 22.498551
670.000000 27.000000 1.946120 2.296146 4.242265 6.000000 25.213500
705.000000 34.000000 2.340600 2.201681 4.542281 3.000000 13.850472
711.000000 40.000000 2.722712 1.963208 4.685919 5.000000 19.937036
675.000000 2.000000 2.519035 2.111795 4.630831 7.000000 23.475631
701.000000 27.000000 1.962316 2.441867 4.404183 5.000000 20.485643
716.000000 35.000000 2.800085 2.677838 5.477923 1.000000 6.586157
714.000000 33.000000 2.362008 2.505840 4.867848 2.000000 11.123121
734.000000 29.000000 2.347879 2.303956 4.651835 6.000000 24.094167
741.000000 27.000000 2.144296 2.514289 4.658585 3.000000 14.425841
748.000000 32.000000 2.439664 3.066344 5.506008 1.000000 6.595322
747.000000 31.000000 2.386746 2.359765 4.746510 2.000000 11.224713
772.000000 31.000000 2.367329 2.172390 4.539720 5.000000 22.450717
775.000000 28.000000 2.010796 2.328837 4.339633 4.000000 14.940577
772.000000 25.000000 2.051791 2.363066 4.414857 4.000000 18.202226
780.000000 32.000000 2.480607 2.841087 5.321694 1.000000 6.571774
773.000000 25.000000 2.149760 2.559053 4.708813 2.000000 10.396057
804.000000 31.000000 2.445292 2.360013 4.805305 3.000000 14.669105
807.000000 34.000000 2.590499 2.174320 4.764819 6.000000 20.135780
806.000000 26.000000 2.052916 2.833289 4.886205 1.000000 6.311592
809.000000 29.000000 2.416235 2.472439 4.888674 3.000000 11.135788
831.000000 27.000000 2.290089 2.272048 4.562137 6.000000 25.861359
835.000000 29.000000 1.871955 2.492361 4.364316 1.000000 6.060053
836.000000 30.000000 2.599334 2.154190 4.753524 3.000000 10.386039
842.000000 33.000000 3.218211 2.513662 5.731873 5.000000 16.709389
839.000000 30.000000 2.757352 2.358668 5.116020 6.000000 20.742422
871.000000 36.000000 2.356393 2.127090 4.483483 1.000000 6.162595
867.000000 32.000000 2.352020 2.166365 4.518385 2.000000 9.984851
873.000000 37.000000 3.779311 2.398761 6.178072 5.000000 16.193967
864.000000 28.000000 1.908204 2.331230 4.239433 4.000000 18.143170
865.000000 23.000000 1.976334 3.020920 4.997254 6.000000 22.936290
897.000000 30.000000 2.136542 2.338642 4.475184 3.000000 13.397790
902.000000 35.000000 2.706515 2.333316 5.039831 7.000000 19.229839
901.000000 30.000000 2.069172 2.229348 4.298520 1.000000 6.098310
901.000000 30.000000 2.168356 2.141517 4.309872 2.000000 10.058025
895.000000 22.000000 1.981317 3.088328 5.069645 5.000000 21.425280
923.000000 26.000000 1.761580 2.506071 4.267651 5.000000 19.086021
928.000000 27.000000 1.776258 2.179446 3.955705 1.000000 5.882852
933.000000 32.000000 2.353085 2.160004 4.513089 3.000000 10.262913
930.000000 29.000000 2.097792 1.993275 4.091066 4.000000 13.710673
931.000000 30.000000 2.075176 2.020932 4.096109 6.000000 17.750000
962.000000 34.000000 2.168434 1.788713 3.957147 1.000000 5.893464
963.000000 35.000000 2.629445 2.133067 4.762512 3.000000 9.874955
962.000000 32.000000 2.470660 2.163230 4.633890 5.000000 22.341339
956.000000 26.000000 1.825925 1.793960 3.619885 6.000000 23.425115
963.000000 30.000000 2.370854 2.167444 4.538298 4.000000 14.188202
965.000000 32.000000 2.446914 2.202786 4.649700 7.000000 19.119586
999.000000 37.000000 1.752742 1.952013 3.704755 1.000000 5.823023
991.000000 29.000000 2.006665 1.807970 3.814636 2.000000 8.893854
990.000000 27.000000 2.172185 2.523503 4.695688 3.000000 12.816112
1006.000000 43.000000 3.124132 1.986196 5.110328 7.000000 22.044143
990.000000 27.000000 1.896825 2.278758 4.175583 5.000000 20.307829
990.000000 27.000000 2.108575 2.302776 4.411351 6.000000 24.363230
1019.000000 29.000000 2.461556 2.332921 4.794477 5.000000 18.096774
1022.000000 31.000000 1.973212 1.948491 3.921702 3.000000 11.521647
1028.000000 37.000000 2.094966 1.829432 3.924398 5.000000 16.511828
1034.000000 35.000000 2.199295 1.918953 4.118249 1.000000 5.975756
1044.000000 45.000000 3.053801 1.749996 4.803797 3.000000 11.055145
1058.000000 36.000000 2.692326 1.661066 4.353392 5.000000 18.288635
1059.000000 37.000000 2.686442 2.111795 4.798238 7.000000 23.020364
1066.000000 32.000000 2.413352 2.047294 4.460646 1.000000 6.178955
1073.000000 39.000000 2.330215 1.980570 4.310785 3.000000 11.041144
1071.000000 27.000000 2.372470 2.498006 4.870476 4.000000 14.996657
1077.000000 33.000000 1.941513 2.008869 3.950382 7.000000 21.035484
1089.000000 23.000000 1.589079 2.463965 4.053044 1.000000 5.986895
1103.000000 37.000000 2.417080 1.932909 4.349988 3.000000 11.180310
1105.000000 34.000000 2.360722 2.163230 4.523952 7.000000 23.600358
1095.000000 24.000000 2.112309 2.629508 4.741816 7.000000 23.645161
1111.000000 38.000000 2.689298 1.993278 4.682576 5.000000 17.020052
1112.000000 39.000000 2.866155 2.291605 5.157759 7.000000 21.898441
1127.000000 38.000000 2.333625 2.106484 4.440109 1.000000 6.187512
1124.000000 35.000000 2.606181 1.797441 4.403622 2.000000 9.916940
1138.000000 35.000000 2.712590 2.189399 4.901989 5.000000 17.433344
1137.000000 34.000000 2.362593 2.170141 4.532735 6.000000 21.287619
1155.000000 31.000000 1.940689 2.203025 4.143714 4.000000 13.677806
1156.000000 32.000000 2.213940 2.174513 4.388452 6.000000 17.920757
1159.000000 32.000000 2.003649 2.138948 4.142597 1.000000 6.004399
1154.000000 27.000000 2.144797 2.218669 4.363466 2.000000 9.447286
1187.000000 33.000000 2.286349 2.020932 4.307281 3.000000 13.158602
1188.000000 34.000000 2.895844 2.339996 5.235840 5.000000 17.763009
1188.000000 33.000000 2.682668 1.995359 4.678027 6.000000 22.372642
1185.000000 30.000000 2.237504 2.098266 4.335771 6.000000 24.963755
1201.000000 42.000000 3.311892 2.154661 5.466554 1.000000 6.578285
1197.000000 38.000000 2.973521 1.819307 4.792829 2.000000 10.807296
1222.000000 35.000000 2.734266 2.197560 4.931826 5.000000 21.852750
1218.000000 31.000000 2.390829 2.004176 4.395005 6.000000 24.519880
1227.000000 30.000000 2.350865 2.113278 4.464143 4.000000 15.137289
1225.000000 28.000000 1.987630 2.453950 4.441580 4.000000 18.709677
1226.000000 25.000000 2.000979 2.494685 4.495664 1.000000 6.150983
1227.000000 26.000000 2.419285 2.887125 5.306410 3.000000 10.646758
1258.000000 32.000000 1.905498 2.057724 3.963222 1.000000 5.944543
1248.000000 22.000000 1.408284 2.186431 3.594714 2.000000 8.790903
1258.000000 31.000000 2.709326 2.521644 5.230970 4.000000 14.561642
1257.000000 30.000000 2.366866 2.572511 4.939377 5.000000 19.057200
1256.000000 29.000000 1.979060 2.150340 4.129401 6.000000 22.763839
1274.000000 26.000000 1.492019 1.975314 3.467333 3.000000 10.787697
1289.000000 41.000000 2.100640 1.737077 3.837718 5.000000 17.622499
1291.000000 33.000000 2.203171 2.049206 4.252377 1.000000 6.092110
1293.000000 35.000000 2.024079 1.840402 3.864481 3.000000 10.008838
1290.000000 32.000000 3.236794 2.534349 5.771143 7.000000 22.528082
1280.000000 22.000000 1.780323 2.500046 4.280369 7.000000 22.940447
1311.000000 37.000000 2.319611 1.796884 4.116495 5.000000 16.908278
1327.000000 36.000000 2.250775 2.225503 4.476278 1.000000 6.186836
1337.000000 46.000000 3.551720 1.908138 5.459858 3.000000 11.826689
1332.000000 39.000000 2.512020 1.834423 4.346443 4.000000 15.221170
1333.000000 40.000000 2.678947 2.000413 4.679360 6.000000 19.795523
1359.000000 32.000000 2.295257 2.292749 4.588005 1.000000 6.265655
1351.000000 24.000000 1.718515 2.218698 3.937214 2.000000 9.447891
1367.000000 30.000000 1.995229 2.523134 4.518363 5.000000 16.811272
1359.000000 22.000000 2.077141 2.921914 4.999055 5.000000 18.723627
1385.000000 34.000000 2.180984 1.949089 4.130072 3.000000 13.385081
1379.000000 28.000000 1.866209 2.005523 3.871733 4.000000 15.713557
1390.000000 31.000000 2.077161 2.344597 4.421758 1.000000 6.211162
1390.000000 31.000000 2.334255 1.981155 4.315410 2.000000 10.251002
1392.000000 25.000000 2.284107 2.315837 4.599944 9.000000 24.287634
1418.000000 33.000000 2.532343 1.981404 4.513747 5.000000 21.315412
1415.000000 30.000000 2.182355 2.182387 4.364742 6.000000 24.199718
1421.000000 31.000000 2.166376 2.415257 4.581633 1.000000 6.305684
1427.000000 37.000000 2.539555 1.933186 4.472741 3.000000 11.126283
1427.000000 37.000000 2.860455 1.971464 4.831920 4.000000 15.503192
1421.000000 31.000000 2.324253 2.209751 4.534004 4.000000 18.032258
1455.000000 34.000000 2.186510 2.212634 4.399144 1.000000 6.220196
1454.000000 33.000000 2.219327 2.341322 4.560649 2.000000 10.331070
1456.000000 29.000000 2.151649 2.364888 4.516536 5.000000 14.979159
1463.000000 36.000000 2.529859 2.093611 4.623469 7.000000 21.694425
1459.000000 32.000000 2.682454 2.442754 5.125208 8.000000 24.185443
1481.000000 27.000000 2.208523 2.360013 4.568536 3.000000 13.560578
1484.000000 30.000000 2.376793 2.321881 4.698675 5.000000 18.598352
1486.000000 31.000000 2.389033 2.185478 4.574511 1.000000 6.306644
1485.000000 30.000000 2.059021 2.161531 4.220552 2.000000 10.195780
1485.000000 29.000000 2.450209 2.168284 4.618493 7.000000 23.466910
1517.000000 36.000000 2.816273 2.176085 4.992358 6.000000 22.709019
1511.000000 30.000000 2.821149 2.363066 5.184215 6.000000 24.520082
1512.000000 27.000000 1.958538 2.005773 3.964311 3.000000 13.135525
1526.000000 41.000000 2.894313 2.173887 5.068200 7.000000 21.885856
1517.000000 31.000000 1.945021 2.142467 4.087488 1.000000 6.118888
1518.000000 32.000000 2.413800 2.185158 4.598957 3.000000 10.258241
1543.000000 31.000000 2.094449 1.823234 3.917683 5.000000 20.380327
1550.000000 33.000000 2.122441 1.982986 4.105427 1.000000 6.008876
1556.000000 39.000000 3.071088 1.987457 5.058545 3.000000 10.714286
1546.000000 28.000000 2.235785 2.108139 4.343924 3.000000 13.307423
1549.000000 31.000000 2.328779 2.330280 4.659059 5.000000 18.364819
1581.000000 35.000000 2.747845 2.323045 5.070890 5.000000 22.021451
1576.000000 30.000000 2.282799 1.997526 4.280325 6.000000 24.129219
1582.000000 32.000000 2.091826 1.898641 3.990468 1.000000 6.044086
1581.000000 31.000000 1.629405 1.999871 3.629275 2.000000 9.584931
1583.000000 27.000000 2.215071 2.483397 4.698468 5.000000 13.955081
1582.000000 26.000000 2.114287 2.353759 4.468046 5.000000 18.046904
1615.000000 34.000000 2.422988 1.946166 4.369155 3.000000 14.022003
1620.000000 39.000000 2.464081 1.810440 4.274521 7.000000 19.424965
1615.000000 33.000000 2.375646 2.023611 4.399257 1.000000 6.191436
1616.000000 34.000000 2.003474 1.980891 3.984366 3.000000 10.223896
1610.000000 27.000000 2.052314 2.500578 4.552892 5.000000 20.224211
1611.000000 28.000000 2.186035 2.179312 4.365347 7.000000 24.846686
1646.000000 31.000000 2.155902 2.157576 4.313478 1.000000 6.227254
1648.000000 33.000000 2.544146 2.189721 4.733867 3.000000 10.579347
1640.000000 25.000000 1.570664 2.187451 3.758115 5.000000 19.693657
1644.000000 29.000000 1.877521 2.172182 4.049704 7.000000 25.012262
1649.000000 33.000000 2.308825 2.179482 4.488307 5.000000 15.209217
1654.000000 38.000000 2.156354 1.933186 4.089540 7.000000 20.765882
1680.000000 34.000000 1.916672 2.155906 4.072578 1.000000 6.004726
1674.000000 28.000000 1.955246 2.065292 4.020539 2.000000 9.227729
1674.000000 26.000000 1.991774 2.486896 4.478670 3.000000 13.274569
1679.000000 31.000000 1.813185 2.128025 3.941210 6.000000 18.581825
1714.000000 40.000000 3.196371 2.000041 5.196412 4.000000 14.191153
1711.000000 37.000000 2.500318 2.001315 4.501633 5.000000 17.723607
1704.000000 30.000000 2.053191 2.096835 4.150025 5.000000 19.539028
1705.000000 31.000000 2.381924 2.345436 4.727360 7.000000 24.128160
1708.000000 28.000000 1.857864 2.068296 3.926160 1.000000 5.929599
1719.000000 39.000000 2.297866 1.845275 4.143141 3.000000 10.791139
1745.000000 37.000000 2.339144 2.086015 4.425159 1.000000 6.173888
1749.000000 41.000000 2.465058 1.835606 4.300664 3.000000 10.708150
1741.000000 27.000000 2.169960 2.512236 4.682196 5.000000 19.746801
1741.000000 27.000000 2.556178 2.523503 5.079681 6.000000 24.287983
1752.000000 33.000000 2.276628 2.009034 4.285661 5.000000 15.375072
1748.000000 29.000000 2.010497 2.130872 4.141369 5.000000 18.198758
1774.000000 29.000000 2.071441 2.339766 4.411207 1.000000 6.186295
1779.000000 34.000000 2.344913 2.000378 4.345291 3.000000 10.731118
1780.000000 31.000000 2.170745 2.333109 4.503854 5.000000 15.045821
1785.000000 36.000000 2.279681 2.156831 4.436512 7.000000 21.011982
1773.000000 21.000000 1.581952 2.160863 3.742815 6.000000 23.530832
1803.000000 29.000000 2.219368 2.257388 4.476755 1.000000 6.195392
1804.000000 30.000000 1.784936 2.036251 3.821187 3.000000 10.128816
1807.000000 28.000000 1.948667 2.204851 4.153518 5.000000 14.337913
1807.000000 28.000000 2.021607 2.007231 4.028839 6.000000 18.110288
1832.000000 29.000000 2.019124 2.290456 4.309579 1.000000 6.063139
1835.000000 32.000000 2.705070 2.168354 4.873424 3.000000 10.440042
1836.000000 32.000000 2.471520 1.997971 4.469491 5.000000 15.021747
1845.000000 41.000000 2.579999 1.847372 4.427371 7.000000 22.092139
1840.000000 33.000000 2.227085 2.001315 4.228400 8.000000 24.280050
1870.000000 38.000000 2.666310 2.168488 4.834799 1.000000 6.328684
1866.000000 34.000000 2.548073 1.999154 4.547227 2.000000 10.131107
1875.000000 40.000000 3.074921 2.129484 5.204405 5.000000 16.620584
1866.000000 31.000000 2.446757 2.505235 4.951991 4.000000 18.557969
1869.000000 33.000000 2.543687 2.102499 4.646185 7.000000 24.346906
1899.000000 33.000000 2.478755 2.172215 4.650970 5.000000 14.646175
1899.000000 33.000000 2.495265 2.186120 4.681385 6.000000 18.998350
1898.000000 28.000000 2.347052 2.502875 4.849926 1.000000 6.274022
1898.000000 28.000000 1.785433 2.213998 3.999431 2.000000 10.381138
1898.000000 23.000000 1.787399 2.696714 4.484113 5.000000 22.900624
1927.000000 29.000000 2.395030 2.517085 4.912116 1.000000 6.322236
1925.000000 27.000000 1.527890 2.168735 3.696625 2.000000 10.072186
1933.000000 35.000000 2.429994 2.048539 4.478533 5.000000 15.633447
1933.000000 35.000000 2.302142 1.995429 4.297571 6.000000 19.752995
1930.000000 31.000000 2.772045 2.356129 5.128175 7.000000 23.085253
1926.000000 27.000000 2.087894 2.271137 4.359031 7.000000 25.443771
1959.000000 34.000000 2.362772 1.812899 4.175672 4.000000 15.473118
1965.000000 40.000000 2.347729 1.800546 4.148275 7.000000 21.445954
1951.000000 24.000000 1.936991 2.474286 4.411277 1.000000 6.108996
1959.000000 32.000000 2.570842 2.397405 4.968247 3.000000 11.312119
1985.000000 34.000000 2.336609 2.348127 4.684735 1.000000 6.212427
1981.000000 30.000000 2.134432 2.025500 4.159932 2.000000 9.848728
1992.000000 33.000000 3.104145 2.361124 5.465269 5.000000 16.725271
1988.000000 29.000000 2.483704 2.547970 5.031674 6.000000 20.081050
1987.000000 28.000000 2.135913 2.002292 4.138205 7.000000 24.048287
2025.000000 44.000000 3.192697 1.987989 5.180686 5.000000 16.401557
2016.000000 35.000000 2.497574 2.030442 4.528016 5.000000 18.149905
2023.000000 38.000000 2.729743 2.342421 5.072163 1.000000 6.409858
2014.000000 29.000000 1.940371 2.186247 4.126618 2.000000 9.879032
2020.000000 28.000000 2.512456 2.712106 5.224563 7.000000 24.378793
2050.000000 36.000000 2.853307 1.995429 4.848736 3.000000 14.847950
2051.000000 37.000000 2.349083 1.976608 4.325691 5.000000 19.418034
2051.000000 28.000000 2.134967 2.523013 4.657979 1.000000 6.257331
2056.000000 33.000000 3.038485 2.546340 5.584825 3.000000 11.453053
2082.000000 32.000000 2.905052 2.302437 5.207489 7.000000 24.072388
2079.000000 28.000000 1.867127 2.146697 4.013823 1.000000 5.941980
2083.000000 32.000000 2.365918 2.332514 4.698432 3.000000 10.217742
2079.000000 23.000000 1.955562 2.568780 4.524341 3.000000 13.938400
2088.000000 32.000000 2.995823 2.899400 5.895222 7.000000 21.415256
2123.000000 44.000000 3.040130 2.136222 5.176352 1.000000 6.471464
2123.000000 44.000000 2.850597 1.839412 4.690009 2.000000 11.034421
2113.000000 34.000000 3.143316 2.368315 5.511630 7.000000 22.629865
2107.000000 28.000000 2.029852 2.135752 4.165605 6.000000 23.981855
2111.000000 28.000000 2.206825 2.360913 4.567738 3.000000 13.233397
2112.000000 29.000000 2.063323 2.221178 4.284500 5.000000 17.523542
2138.000000 27.000000 1.924867 2.171518 4.096385 5.000000 18.712702
2140.000000 29.000000 2.092603 2.346351 4.438954 7.000000 23.438457
2146.000000 23.000000 1.588846 2.680180 4.269026 1.000000 6.091366
2154.000000 31.000000 2.970454 2.340338 5.310792 3.000000 11.306119
2156.000000 33.000000 2.607852 2.244237 4.852089 5.000000 16.468771
2154.000000 31.000000 2.568491 2.355841 4.924332 5.000000 20.345381
2178.000000 32.000000 2.014262 2.285386 4.299648 1.000000 6.069152
2180.000000 34.000000 2.330576 1.957992 4.288568 3.000000 10.235371
2180.000000 26.000000 2.061090 2.548464 4.609554 4.000000 14.395161
2180.000000 26.000000 1.646013 2.714144 4.360157 5.000000 18.617103
2209.000000 31.000000 2.149719 2.125459 4.275178 1.000000 6.110459
2210.000000 32.000000 2.253894 2.019179 4.273073 3.000000 10.231214
2213.000000 33.000000 2.681614 2.149920 4.831534 5.000000 15.193548
2211.000000 31.000000 2.181449 1.947149 4.128598 6.000000 18.731183
2211.000000 31.000000 2.144358 2.354892 4.499250 7.000000 22.742842
2237.000000 28.000000 1.985093 2.066749 4.051841 1.000000 5.997650
2242.000000 33.000000 1.771328 2.177752 3.949080 3.000000 10.239367
2250.000000 40.000000 3.528228 2.359243 5.887471 5.000000 16.305552
2251.000000 41.000000 3.428390 2.161607 5.589997 7.000000 21.907527
2243.000000 30.000000 2.115244 2.179446 4.294690 7.000000 23.005507
2268.000000 31.000000 2.052880 1.931290 3.984170 1.000000 5.916925
2266.000000 29.000000 1.854860 2.151069 4.005929 2.000000 9.454017
2288.000000 46.000000 3.571991 1.801797 5.373788 5.000000 18.443847
2275.000000 33.000000 2.287353 2.033333 4.320686 6.000000 18.957305
2278.000000 28.000000 3.078926 3.021178 6.100105 8.000000 24.937389
2300.000000 34.000000 2.278206 1.824190 4.102396 5.000000 13.545400
2295.000000 29.000000 2.140185 2.042522 4.182707 4.000000 16.294305
2296.000000 28.000000 1.995424 2.135170 4.130594 1.000000 5.965647
2297.000000 29.000000 1.862069 1.811902 3.673971 3.000000 9.584280
2336.000000 40.000000 2.408065 2.100850 4.508915 1.000000 6.193930
2328.000000 32.000000 2.093210 1.888140 3.981350 2.000000 9.588503
2335.000000 38.000000 2.392499 1.819307 4.211807 4.000000 14.519992
2333.000000 36.000000 2.347847 1.829983 4.177830 5.000000 17.763705
2335.000000 35.000000 2.556043 1.855212 4.411255 7.000000 22.566820
2363.000000 35.000000 2.450979 2.030442 4.481421 3.000000 13.730636
2364.000000 36.000000 2.733462 1.824321 4.557783 5.000000 18.213400
2371.000000 35.000000 2.609282 2.523013 5.132295 1.000000 6.492758
2375.000000 39.000000 3.247676 2.012822 5.260499 3.000000 11.668203
2398.000000 35.000000 2.430989 2.139376 4.570365 7.000000 23.663718
2390.000000 27.000000 2.152814 2.292970 4.445783 6.000000 24.196207
2395.000000 24.000000 2.010247 2.645379 4.655625 1.000000 6.237486
2397.000000 26.000000 2.123034 2.349425 4.472459 3.000000 10.654484
2402.000000 27.000000 2.587455 2.635319 5.222774 5.000000 16.290323
2408.000000 33.000000 3.025820 2.701150 5.726970 7.000000 23.451181
2426.000000 31.000000 2.181798 2.283642 4.465440 1.000000 6.139229
2426.000000 31.000000 2.245592 2.302826 4.548418 2.000000 10.303336
2429.000000 32.000000 2.153380 2.155751 4.309131 5.000000 15.053763
2425.000000 28.000000 2.391094 2.184171 4.575265 4.000000 17.966684
2458.000000 32.000000 2.282653 2.253155 4.535808 1.000000 6.193171
2461.000000 35.000000 2.571371 1.987457 4.558828 3.000000 10.657075
2465.000000 39.000000 3.067731 2.307602 5.375332 5.000000 16.372897
2456.000000 30.000000 2.484266 2.203827 4.688093 4.000000 18.004812
2489.000000 31.000000 2.063844 2.129181 4.193025 1.000000 5.993042
2490.000000 32.000000 2.580147 2.333319 4.913466 3.000000 10.167460
2498.000000 37.000000 3.091575 2.214318 5.305892 5.000000 16.486175
2486.000000 25.000000 1.836024 2.336384 4.172408 4.000000 17.208589
2493.000000 28.000000 2.743667 2.684925 5.428592 8.000000 24.383302
2523.000000 34.000000 2.088492 2.134300 4.222792 1.000000 5.970864
2528.000000 39.000000 2.810503 1.836452 4.646955 3.000000 10.549283
2522.000000 32.000000 2.471038 2.160257 4.631295 3.000000 13.827957
2517.000000 27.000000 2.128052 2.544752 4.672804 4.000000 16.823017
2526.000000 28.000000 2.010597 2.706816 4.717413 8.000000 24.757158
2552.000000 30.000000 2.537665 2.513314 5.050979 5.000000 20.740087
2552.000000 30.000000 2.542778 2.163230 4.706008 6.000000 25.215950
2556.000000 33.000000 1.906487 2.160257 4.066743 1.000000 5.949937
2557.000000 34.000000 1.971755 1.995414 3.967169 3.000000 9.919875
2562.000000 34.000000 2.671517 2.163230 4.834747 5.000000 15.017437
2566.000000 38.000000 3.156913 2.322263 5.479175 7.000000 21.093275
2596.000000 40.000000 3.114400 1.981231 5.095630 1.000000 6.388935
2591.000000 35.000000 2.522572 2.122892 4.645465 2.000000 10.381632
2594.000000 37.000000 2.870825 1.983535 4.854359 4.000000 15.341256
2593.000000 36.000000 2.357522 1.966688 4.324210 5.000000 19.406414
2590.000000 28.000000 2.037811 2.254918 4.292729 5.000000 22.207842
2622.000000 31.000000 2.319749 2.330957 4.650706 3.000000 14.561465
2626.000000 30.000000 2.260360 2.517085 4.777445 1.000000 6.352223
2625.000000 29.000000 2.441209 2.354364 4.795572 2.000000 10.785861
