4.205810 3.716272 4.311947 5.610578 5.204079 5.234160 4.185423
4.311947 4.185423 5.234160 4.382158 4.722609 5.335181 4.739649
5.234160 4.739649 5.335181 4.389737 4.508785 5.002112 4.541509
5.335181 4.541509 5.002112 4.280288 5.247568 4.588094 4.334377
5.002112 4.334377 4.588094 4.503452 4.431659 4.291730 4.322844
4.588094 4.322844 4.291730 4.295542 4.531591 5.066630 4.346970
4.291730 4.346970 5.066630 4.194358 4.035738 4.811570 5.191168
5.066630 5.191168 4.811570 4.651417 4.593829 5.147515 4.642989
4.811570 4.642989 5.147515 4.314578 4.925936 4.300716 4.046314
5.147515 4.046314 4.300716 4.514347 3.827192 3.868297 4.083956
4.300716 4.083956 3.868297 4.835989 4.294703 4.417106 4.248167
3.868297 4.248167 4.417106 4.440659 4.099501 4.621160 3.991665
4.417106 3.991665 4.621160 3.835918 4.079507 4.954277 4.310423
4.621160 4.310423 4.954277 4.041101 4.212403 4.466410 4.237436
4.954277 4.237436 4.466410 4.348474 4.490492 4.219242 4.567678
4.466410 4.567678 4.219242 4.484580 5.258114 4.116880 3.960342
4.219242 3.960342 4.116880 3.985229 4.690640 4.839016 3.981344
4.116880 3.981344 4.839016 4.296245 4.288358 3.968657 4.252141
4.839016 4.252141 3.968657 4.735135 4.840441 4.461449 4.856395
3.968657 4.856395 4.461449 5.034470 4.654777 4.081677 3.977977
4.461449 3.977977 4.081677 4.501011 4.644238 4.182831 4.183350
4.081677 4.183350 4.182831 4.196433 3.969372 3.981509 3.892692
4.182831 3.892692 3.981509 4.701819 4.299322 4.091493 4.120858
4.183350 3.969372 4.196433 4.462036 0.000000 4.450123 4.841547
3.981509 4.120858 4.091493 4.716614 4.815451 4.269634 4.300844
4.091493 4.300844 4.269634 4.141909 4.475134 4.282083 4.349512
4.269634 4.349512 4.282083 3.716718 4.467762 4.858381 4.298982
4.282083 4.298982 4.858381 4.461402 4.016263 4.837276 4.478967
4.858381 4.478967 4.837276 4.529268 4.609620 4.474289 5.309784
4.837276 5.309784 4.474289 4.849230 4.215686 4.252090 6.526753
4.474289 6.526753 4.252090 5.607018 5.168576 4.114586 4.144291
4.252090 4.144291 4.114586 4.086748 4.260946 3.610555 3.820173
4.114586 3.820173 3.610555 4.334989 3.989816 4.127525 3.734050
3.610555 3.734050 4.127525 3.983174 4.060897 3.923304 4.177031
4.127525 4.177031 3.923304 4.205078 4.418596 4.250046 3.749635
3.923304 3.749635 4.250046 4.457674 4.350540 4.513290 4.164195
4.250046 4.164195 4.513290 4.275340 0.000000 5.050770 4.172638
4.513290 4.172638 5.050770 3.830500 4.101607 4.487340 5.295829
5.050770 5.295829 4.487340 4.996915 4.754903 3.960926 4.340924
4.487340 4.340924 3.960926 4.263453 4.177231 4.017428 4.045430
3.960926 4.045430 4.017428 4.168736 4.803344 4.033407 3.974281
4.017428 3.974281 4.033407 3.485820 4.156246 4.030421 4.135365
4.033407 4.135365 4.030421 4.452429 4.220334 4.022361 3.843791
4.030421 3.843791 4.022361 4.328977 4.313435 3.860731 5.307876
4.022361 5.307876 3.860731 4.696856 5.217402 4.363413 3.722429
3.860731 3.722429 4.363413 4.286916 3.820943 4.425487 4.708142
4.363413 4.708142 4.425487 4.649210 4.330122 4.082032 4.514795
4.425487 4.514795 4.082032 4.861021 4.616427 4.425066 3.959811
4.082032 3.959811 4.425066 4.852595 4.505489 4.279288 4.154629
4.425066 4.154629 4.279288 4.130648 4.077778 5.138128 5.455665
4.279288 5.455665 5.138128 5.604125 5.104866 4.526470 3.775602
5.138128 3.775602 4.526470 3.397817 3.495491 3.955983 3.996339
4.526470 3.996339 3.955983 4.709692 4.026490 3.816814 3.723302
3.955983 3.723302 3.816814 3.938846 4.145206 3.821622 4.021049
3.816814 4.021049 3.821622 4.474529 4.007724 6.240443 3.945749
3.821622 3.945749 6.240443 4.006811 3.579992 4.860237 4.889100
6.240443 4.889100 4.860237 4.480742 4.242202 3.976337 4.555627
4.860237 4.555627 3.976337 4.475751 4.489000 3.749745 4.163820
3.976337 4.163820 3.749745 4.735868 4.674283 4.020922 4.185368
3.749745 4.185368 4.020922 4.497545 4.273600 4.662265 4.054775
4.020922 4.054775 4.662265 3.623883 3.976270 4.120467 4.300666
4.662265 4.300666 4.120467 4.327189 5.424429 3.703634 4.324857
4.120467 4.324857 3.703634 4.369997 4.296619 4.219825 4.388038
3.703634 4.388038 4.219825 4.991929 4.724967 3.868980 3.785233
4.219825 3.785233 3.868980 4.129060 4.695964 3.926756 4.282255
3.868980 4.282255 3.926756 4.312364 4.255779 3.766322 4.217810
3.926756 4.217810 3.766322 8.012505 4.138504 3.571159 4.170702
3.766322 4.170702 3.571159 4.637247 0.000000 3.904305 4.568225
3.571159 4.568225 3.904305 3.994339 5.856309 4.065871 4.343861
3.904305 4.343861 4.065871 4.843315 4.348328 3.724983 3.681803
4.065871 3.681803 3.724983 3.739417 3.798007 3.490664 4.660462
3.724983 4.660462 3.490664 4.609239 5.334956 3.541717 3.752144
3.490664 3.752144 3.541717 4.337571 3.901927 3.727573 4.371690
3.541717 4.371690 3.727573 4.894939 4.619918 3.768184 3.790194
3.727573 3.790194 3.768184 4.672301 4.664355 3.761457 3.983113
3.768184 3.983113 3.761457 4.141230 4.559453 3.539058 4.016350
3.761457 4.016350 3.539058 4.195344 4.279125 3.902404 4.299564
3.539058 4.299564 3.902404 0.000000 5.739267 4.329764 4.750833
3.902404 4.750833 4.329764 3.982482 4.327035 4.200790 3.913499
4.329764 3.913499 4.200790 4.203723 3.809275 4.677922 4.851031
4.200790 4.851031 4.677922 4.498437 4.124386 4.284091 5.205956
