2.573066 2.675326 2.660928 2.693400 2.146915 2.648781 2.526504
2.660928 2.526504 2.648781 2.727964 2.645491 2.598636 2.546773
2.648781 2.546773 2.598636 2.723083 2.534032 2.303456 2.343782
2.598636 2.343782 2.303456 2.170773 2.360013 2.298172 1.980385
2.303456 1.980385 2.298172 2.160004 1.971623 1.846999 1.949835
2.298172 1.949835 1.846999 2.121830 2.074410 2.260507 2.117068
1.846999 2.117068 2.260507 2.888138 2.940037 2.283671 3.420096
2.260507 3.420096 2.283671 3.850843 4.399154 2.585316 1.871402
2.283671 1.871402 2.585316 2.161531 1.938948 2.813235 2.522524
2.585316 2.522524 2.813235 2.354734 2.191105 2.967944 2.522259
2.813235 2.522259 2.967944 2.335304 2.356724 3.023806 2.486865
2.967944 2.486865 3.023806 2.174960 2.020808 2.592012 2.184851
3.023806 2.184851 2.592012 2.133067 2.364888 2.276987 2.004176
2.592012 2.004176 2.276987 2.281174 2.364921 2.461985 2.189754
2.276987 2.189754 2.461985 2.179789 2.530243 2.437480 2.002624
2.461985 2.002624 2.437480 1.654671 2.177387 2.739079 2.203827
2.437480 2.203827 2.739079 2.345709 2.544103 2.469349 2.370627
2.739079 2.370627 2.469349 2.523134 1.983191 2.379653 2.175974
2.469349 2.175974 2.379653 2.201681 1.963208 2.677838 2.505840
2.379653 2.505840 2.677838 2.514289 2.185912 3.066344 2.359765
2.677838 2.359765 3.066344 2.328837 2.363066 2.841087 2.559053
3.066344 2.559053 2.841087 2.360013 2.174320 2.833289 2.472439
2.841087 2.472439 2.833289 2.513662 2.358668 2.492361 2.154190
2.833289 2.154190 2.492361 2.398761 2.331230 2.127090 2.166365
2.492361 2.166365 2.127090 2.338642 2.333316 2.229348 2.141517
2.127090 2.141517 2.229348 1.993275 2.020932 2.179446 2.160004
2.229348 2.160004 2.179446 2.167444 2.202786 1.788713 2.133067
2.179446 2.133067 1.788713 2.523503 1.986196 1.952013 1.807970
1.788713 1.807970 1.952013 1.948491 1.829432 1.918953 1.749996
1.952013 1.749996 1.918953 2.498006 2.008869 2.047294 1.980570
1.918953 1.980570 2.047294 1.993278 2.291605 2.463965 1.932909
2.047294 1.932909 2.463965 2.189399 2.170141 2.106484 1.797441
2.463965 1.797441 2.106484 2.203025 2.174513 2.138948 2.218669
2.106484 2.218669 2.138948 2.020932 2.339996 2.154661 1.819307
2.138948 1.819307 2.154661 2.113278 2.453950 2.494685 2.887125
2.154661 2.887125 2.494685 2.521644 2.572511 2.057724 2.186431
2.494685 2.186431 2.057724 1.975314 1.737077 2.049206 1.840402
2.057724 1.840402 2.049206 1.834423 2.000413 2.225503 1.908138
2.049206 1.908138 2.225503 2.523134 2.921914 2.292749 2.218698
2.225503 2.218698 2.292749 1.949089 2.005523 2.344597 1.981155
2.292749 1.981155 2.344597 1.971464 2.209751 2.415257 1.933186
2.344597 1.933186 2.415257 2.364888 2.093611 2.212634 2.341322
2.415257 2.341322 2.212634 2.360013 2.321881 2.185478 2.161531
2.212634 2.161531 2.185478 2.005773 2.173887 2.142467 2.185158
2.185478 2.185158 2.142467 2.108139 2.330280 1.982986 1.987457
2.142467 1.987457 1.982986 2.483397 2.353759 1.898641 1.999871
1.982986 1.999871 1.898641 1.946166 1.810440 2.023611 1.980891
1.898641 1.980891 2.023611 2.179482 1.933186 2.157576 2.189721
2.023611 2.189721 2.157576 2.486896 2.128025 2.155906 2.065292
2.157576 2.065292 2.155906 2.000041 2.001315 2.068296 1.845275
2.155906 1.845275 2.068296 2.009034 2.130872 2.086015 1.835606
2.068296 1.835606 2.086015 2.333109 2.156831 2.339766 2.000378
2.086015 2.000378 2.339766 2.204851 2.007231 2.257388 2.036251
2.339766 2.036251 2.257388 1.997971 1.847372 2.290456 2.168354
2.257388 2.168354 2.290456 2.129484 2.505235 2.168488 1.999154
2.290456 1.999154 2.168488 2.172215 2.186120 2.502875 2.213998
2.168488 2.213998 2.502875 2.048539 1.995429 2.517085 2.168735
2.502875 2.168735 2.517085 1.812899 1.800546 2.474286 2.397405
2.517085 2.397405 2.474286 2.361124 2.547970 2.348127 2.025500
2.474286 2.025500 2.348127 1.987989 2.030442 2.342421 2.186247
2.348127 2.186247 2.342421 1.995429 1.976608 2.523013 2.546340
2.342421 2.546340 2.523013 2.568780 2.899400 2.146697 2.332514
2.523013 2.332514 2.146697 2.360913 2.221178 2.136222 1.839412
2.146697 1.839412 2.136222 2.244237 2.355841 2.680180 2.340338
2.136222 2.340338 2.680180 2.548464 2.714144 2.285386 1.957992
2.680180 1.957992 2.285386 2.149920 1.947149 2.125459 2.019179
2.285386 2.019179 2.125459 2.359243 2.161607 2.066749 2.177752
2.125459 2.177752 2.066749 1.801797 2.033333 1.931290 2.151069
2.066749 2.151069 1.931290 1.824190 2.042522 2.135170 1.811902
1.931290 1.811902 2.135170 1.819307 1.829983 2.100850 1.888140
2.135170 1.888140 2.100850 2.030442 1.824321 2.523013 2.012822
2.100850 2.012822 2.523013 2.635319 2.701150 2.645379 2.349425
2.523013 2.349425 2.645379 2.155751 2.184171 2.283642 2.302826
2.645379 2.302826 2.283642 2.307602 2.203827 2.253155 1.987457
2.283642 1.987457 2.253155 2.214318 2.336384 2.129181 2.333319
2.253155 2.333319 2.129181 2.160257 2.544752 2.134300 1.836452
2.129181 1.836452 2.134300 2.163230 2.322263 2.160257 1.995414
2.134300 1.995414 2.160257 1.983535 1.966688 1.981231 2.122892
2.160257 2.122892 1.981231 2.330957 2.210495 2.517085 2.354364
