5.052529 4.176366 4.979699 4.484217 3.794796 5.074180 4.489336
4.979699 4.489336 5.074180 4.365230 4.263132 4.719270 4.368037
5.074180 4.368037 4.719270 3.611473 4.508397 6.830383 4.148029
4.719270 4.148029 6.830383 4.714412 3.987510 5.104570 4.975349
6.830383 4.975349 5.104570 4.721704 5.005469 4.794446 4.916826
5.104570 4.916826 4.794446 5.192020 4.824306 4.890516 4.497028
4.794446 4.497028 4.890516 4.227663 4.566768 4.405568 4.345991
4.890516 4.345991 4.405568 4.082587 4.471348 4.490868 3.979815
4.405568 3.979815 4.490868 4.664524 4.069583 4.452370 4.091300
4.490868 4.091300 4.452370 4.111396 4.389449 4.213244 3.652771
4.452370 3.652771 4.213244 4.190758 3.942406 4.293540 4.372610
4.213244 4.372610 4.293540 6.803421 4.375829 4.228056 4.376550
3.652771 3.942406 4.190758 4.342951 0.000000 4.355340 4.364434
4.293540 4.376550 4.228056 5.055350 3.920098 4.763512 4.324450
4.228056 4.324450 4.763512 4.824991 4.359573 5.010779 4.683506
4.763512 4.683506 5.010779 4.682214 4.566067 4.275341 4.966276
5.010779 4.966276 4.275341 5.158991 4.617369 4.644965 4.788244
4.275341 4.788244 4.644965 4.394454 4.762490 4.642484 3.920508
4.644965 3.920508 4.642484 4.822544 4.100749 4.880810 4.110763
4.642484 4.110763 4.880810 4.818356 4.409913 4.343743 4.306845
4.880810 4.306845 4.343743 4.336477 4.668918 4.511249 4.057511
4.343743 4.057511 4.511249 4.484633 4.293689 3.785039 4.124364
4.511249 4.124364 3.785039 4.688562 4.355960 4.833690 4.675244
3.785039 4.675244 4.833690 5.199507 6.850527 4.538352 5.065812
4.833690 5.065812 4.538352 5.919875 5.603511 4.287137 3.955888
4.538352 3.955888 4.287137 4.458885 4.130587 4.245869 3.994128
4.287137 3.994128 4.245869 4.444734 3.913857 3.655220 4.112080
3.655220 3.007742 3.156856 7.227214 3.667845 4.282456 4.045782
3.156856 4.045782 4.282456 4.188028 4.291977 6.310134 6.439302
4.282456 6.439302 6.310134 6.078810 6.939840 5.166424 4.505772
6.310134 4.505772 5.166424 4.817060 5.269774 4.497750 4.666620
5.166424 4.666620 4.497750 5.378169 4.453888 4.726565 3.956902
4.497750 3.956902 4.726565 5.394100 4.779350 4.615509 4.305548
4.726565 4.305548 4.615509 4.598643 4.907096 4.600588 4.546024
4.615509 4.546024 4.600588 4.985940 4.517621 4.901385 4.138418
4.600588 4.138418 4.901385 4.299371 5.208153 6.303108 4.529543
4.901385 4.529543 6.303108 4.487348 0.000000 5.213212 5.766253
6.303108 5.766253 5.213212 4.899354 5.758185 4.778929 4.423878
5.213212 4.423878 4.778929 4.472427 4.696788 4.375683 4.139838
4.778929 4.139838 4.375683 4.637332 5.108558 5.073340 4.230170
4.375683 4.230170 5.073340 6.500412 3.944837 4.305178 4.225845
5.073340 4.225845 4.305178 6.243449 4.195585 4.154965 3.815702
4.305178 3.815702 4.154965 4.380081 4.415716 4.362084 5.027434
4.154965 5.027434 4.362084 4.341136 4.612876 4.247868 4.623366
4.362084 4.623366 4.247868 4.256659 0.000000 3.722082 4.121915
4.247868 4.121915 3.722082 4.695159 4.329918 4.427649 4.183207
3.722082 4.183207 4.427649 4.307714 4.950806 4.594494 4.848196
4.427649 4.848196 4.594494 4.504518 4.278296 4.102523 4.494958
4.594494 4.494958 4.102523 3.789799 4.136023 4.074624 4.148625
4.848196 4.278296 4.504518 4.030159 0.000000 5.027087 0.000000
4.102523 4.148625 4.074624 4.278604 4.585146 3.896804 4.028484
4.074624 4.028484 3.896804 4.700862 4.406119 4.170017 4.193095
3.896804 4.193095 4.170017 4.461854 4.448138 4.438723 4.493041
4.170017 4.493041 4.438723 5.843392 4.719778 4.653205 4.182374
4.438723 4.182374 4.653205 4.843011 4.452086 4.704811 4.518132
4.653205 4.518132 4.704811 4.624756 4.368130 4.479535 4.328112
4.704811 4.328112 4.479535 4.570485 4.113978 4.736393 4.335196
4.479535 4.335196 4.736393 4.294353 5.069637 4.621235 4.115675
4.736393 4.115675 4.621235 4.113625 4.867890 4.643132 4.535352
4.621235 4.535352 4.643132 4.960387 5.010636 5.033990 4.340007
4.643132 4.340007 5.033990 5.030569 4.444323 5.138597 4.047818
5.033990 4.047818 5.138597 4.299586 4.001347 4.638217 4.669561
5.138597 4.669561 4.638217 4.475104 5.241678 4.079166 4.131459
4.638217 4.131459 4.079166 4.486701 0.000000 4.402297 3.949552
4.079166 3.949552 4.402297 3.825943 4.131735 4.930112 4.002746
4.402297 4.002746 4.930112 4.199570 4.115867 4.867188 3.944118
4.930112 3.944118 4.867188 4.475959 4.855635 5.729245 4.359538
4.867188 4.359538 5.729245 4.558368 5.525653 5.559319 5.428712
5.729245 5.428712 5.559319 4.902197 5.371434 5.354313 4.203489
5.559319 4.203489 5.354313 5.452916 4.088433 4.891644 5.060901
5.354313 5.060901 4.891644 4.320187 3.753880 4.469089 4.137392
4.891644 4.137392 4.469089 3.999037 4.198496 4.113158 3.628848
4.469089 3.628848 4.113158 4.134383 3.948593 5.145214 4.473143
4.113158 4.473143 5.145214 4.393979 4.485469 4.554498 3.821173
5.145214 3.821173 4.554498 3.658323 3.955499 4.019154 4.013808
4.554498 4.013808 4.019154 3.884171 4.486971 4.208821 3.824659
4.019154 3.824659 4.208821 4.476043 4.656837 3.968333 4.244447
4.208821 4.244447 3.968333 4.135259 4.482217 4.393668 4.002238
3.968333 4.002238 4.393668 4.152198 4.541449 4.404373 4.918100
