2.329196 2.287469 2.802640 2.215543 2.057891 2.783987 1.859081
2.802640 1.859081 2.783987 2.465220 2.526347 2.314053 2.302645
2.783987 2.302645 2.314053 2.176406 2.149497 2.261482 2.068186
2.314053 2.068186 2.261482 2.345402 2.019343 2.815177 2.432817
2.261482 2.432817 2.815177 2.257764 2.233531 2.644236 2.030526
2.815177 2.030526 2.644236 2.708888 2.733647 1.881242 2.040873
2.644236 2.040873 1.881242 2.046693 1.969664 2.070130 1.693438
1.881242 1.693438 2.070130 2.063966 2.064826 1.769864 1.864022
2.070130 1.864022 1.769864 2.121830 1.762325 2.108254 1.813731
1.769864 1.813731 2.108254 2.130968 1.976750 2.034360 2.028683
2.108254 2.028683 2.034360 2.002292 2.179446 2.498924 2.350512
2.034360 2.350512 2.498924 2.351245 2.308056 2.660928 2.202048
2.028683 2.179446 2.002292 2.095624 1.832316 1.855212 2.141601
2.498924 2.202048 2.660928 2.155180 2.172182 2.433125 2.497805
2.660928 2.497805 2.433125 2.176972 2.342347 3.214886 2.664469
2.433125 2.664469 3.214886 2.003362 2.112210 2.644735 2.706642
3.214886 2.706642 2.644735 3.100485 2.942622 2.326141 2.555918
2.644735 2.555918 2.326141 3.065108 2.699204 2.302904 2.172182
2.326141 2.172182 2.302904 2.184033 2.243963 2.301874 1.900950
2.302904 1.900950 2.301874 1.957532 2.341322 2.268749 2.030373
2.301874 2.030373 2.268749 2.025564 2.134012 2.625912 2.206449
2.268749 2.206449 2.625912 2.375128 2.367837 2.830158 2.573439
2.625912 2.573439 2.830158 2.258637 2.325368 2.439224 2.227705
2.830158 2.227705 2.439224 2.211029 2.370627 2.457280 1.988904
2.439224 1.988904 2.457280 1.946166 1.706355 2.017245 2.009551
2.457280 2.009551 2.017245 2.051485 1.812990 2.604826 2.151790
2.017245 2.151790 2.604826 2.500619 1.987457 2.517085 2.140905
2.604826 2.140905 2.517085 1.987723 2.216598 2.476681 2.161531
2.517085 2.161531 2.476681 2.389422 1.987989 2.256055 1.861277
2.476681 1.861277 2.256055 2.379953 2.204299 2.396428 2.413759
2.256055 2.413759 2.396428 1.991244 2.002774 2.618085 2.017675
2.396428 2.017675 2.618085 2.175386 1.998538 2.108215 2.003886
2.618085 2.003886 2.108215 1.961992 2.361937 2.263985 1.999154
2.108215 1.999154 2.263985 1.956609 1.860184 1.990100 3.075278
2.263985 3.075278 1.990100 2.426793 2.330923 2.263111 1.944531
1.990100 1.944531 2.263111 2.184573 1.855212 2.252152 2.032417
2.263111 2.032417 2.252152 1.977582 1.987989 2.066315 1.977582
2.252152 1.977582 2.066315 2.289230 1.987554 2.430798 1.984454
2.066315 1.984454 2.430798 2.149094 1.978016 2.211698 2.158724
2.430798 2.158724 2.211698 2.335070 2.202781 1.919692 2.208337
2.211698 2.208337 1.919692 2.198174 1.987554 3.157795 2.713421
1.919692 2.713421 3.157795 2.189566 3.092378 4.080586 2.562851
4.080586 2.994514 3.321480 2.542022 3.851094 4.579829 2.310575
3.321480 2.310575 4.579829 1.797441 1.863446 3.628379 3.073417
4.579829 3.073417 3.628379 3.046178 2.480572 2.898704 3.124605
3.628379 3.124605 2.898704 2.514273 2.343809 2.335044 2.339670
2.898704 2.339670 2.335044 2.029007 2.065600 2.160240 1.836636
2.335044 1.836636 2.160240 2.037339 2.180114 2.260331 1.837602
2.160240 1.837602 2.260331 2.756383 2.911305 2.429807 2.226668
2.260331 2.226668 2.429807 1.987989 1.871480 2.202693 2.308257
2.429807 2.308257 2.202693 2.175513 2.011398 2.158425 2.265440
2.202693 2.265440 2.158425 2.069216 2.342140 2.552148 2.186630
2.158425 2.186630 2.552148 2.040493 2.528740 2.363819 2.005467
2.552148 2.005467 2.363819 2.367837 2.021815 2.179446 2.027385
2.363819 2.027385 2.179446 1.974456 2.011695 2.147394 1.949835
2.179446 1.949835 2.147394 2.002226 1.835452 1.969598 1.816791
2.147394 1.816791 1.969598 2.024084 2.019793 2.152432 1.822893
1.969598 1.822893 2.152432 1.841952 1.694091 2.224598 2.008302
2.152432 2.008302 2.224598 2.021611 2.194245 1.911798 1.811902
2.224598 1.811902 1.911798 2.369208 2.360619 2.081537 2.004130
1.911798 2.004130 2.081537 1.830736 1.996335 2.123154 1.837602
2.081537 1.837602 2.123154 1.806808 2.042692 2.142186 2.109551
2.123154 2.109551 2.142186 2.393028 1.974661 2.402337 1.930971
2.142186 1.930971 2.402337 1.995099 1.980570 2.216305 1.992424
2.402337 1.992424 2.216305 2.187200 2.002292 2.049193 2.188000
2.216305 2.188000 2.049193 2.567782 2.547099 2.013492 1.809872
2.049193 1.809872 2.013492 2.134012 1.818276 2.217391 1.948604
2.188000 2.547099 2.567782 2.515563 2.172182 2.548358 2.492388
2.013492 1.948604 2.217391 2.157282 1.832316 2.023319 2.146915
2.217391 2.146915 2.023319 2.172418 1.858010 1.962309 1.895254
2.023319 1.895254 1.962309 1.837780 1.987457 2.081423 1.832974
1.962309 1.832974 2.081423 1.787020 1.836187 1.686220 1.929290
2.081423 1.929290 1.686220 1.755463 1.918457 2.057218 2.013910
1.686220 2.013910 2.057218 2.176094 2.222833 2.262751 1.798942
2.057218 1.798942 2.262751 2.181296 1.849027 1.920233 1.634286
2.262751 1.634286 1.920233 1.988390 1.976702 1.925085 1.694241
1.920233 1.694241 1.925085 1.822512 1.871193 1.888307 1.668162
1.925085 1.668162 1.888307 1.998677 1.812965 1.591990 1.812899
1.888307 1.812899 1.591990 2.002292 1.894250 1.942505 1.880895
1.591990 1.880895 1.942505 2.309243 2.064844 2.054735 1.694091
1.942505 1.694091 2.054735 2.186601 2.208937 2.152240 2.148996
2.054735 2.148996 2.152240 2.526571 2.159807 1.956198 2.059719
2.152240 2.059719 1.956198 1.820553 2.132421 2.272355 2.182560
