2.124012 2.158527 2.333869 2.151554 2.100230 2.660928 1.956687
2.333869 1.956687 2.660928 1.948205 1.992665 2.208464 2.363819
2.660928 2.363819 2.208464 2.147439 2.157968 2.338642 1.989030
2.208464 1.989030 2.338642 2.012865 1.887635 2.228932 2.187145
2.338642 2.187145 2.228932 1.990080 1.832974 2.070745 2.211985
2.228932 2.211985 2.070745 2.097647 2.107006 2.231407 2.077017
2.070745 2.077017 2.231407 2.145044 2.384085 2.001523 1.786754
2.231407 1.786754 2.001523 2.304697 2.190910 2.132354 1.977850
2.001523 1.977850 2.132354 1.981516 1.997923 2.317291 2.161531
2.132354 2.161531 2.317291 2.320454 2.180480 2.397464 2.177755
2.317291 2.177755 2.397464 2.174486 2.360013 2.252977 1.823149
2.397464 1.823149 2.252977 1.816791 2.062145 2.479229 2.231742
2.252977 2.231742 2.479229 2.351757 2.017206 5.175780 4.323401
2.479229 4.323401 5.175780 2.895385 2.977873 3.977918 3.304876
5.175780 3.304876 3.977918 2.851534 2.569995 3.005524 3.039511
3.977918 3.039511 3.005524 2.954443 3.436546 2.435832 2.222460
3.005524 2.222460 2.435832 1.523262 3.972307 2.154661 3.185351
2.435832 3.185351 2.154661 2.422963 2.322038 1.908492 1.810822
2.154661 1.810822 1.908492 1.862434 1.987555 2.319335 2.332713
3.185351 2.322038 2.422963 1.984110 1.986181 2.176094 2.172182
1.908492 2.332713 2.319335 2.355369 2.222965 2.152240 1.890043
2.319335 1.890043 2.152240 2.192734 1.790694 3.010805 3.463540
2.152240 3.463540 3.010805 2.754275 2.780656 2.999489 2.211029
3.010805 2.211029 2.999489 2.309653 2.731750 2.705693 2.526571
2.999489 2.526571 2.705693 2.337494 2.397292 2.312318 2.258470
2.705693 2.258470 2.312318 2.193975 2.014571 2.216053 1.832974
2.312318 1.832974 2.216053 1.873272 2.022071 2.285386 2.338306
2.216053 2.338306 2.285386 2.397191 3.063046 2.198491 2.183140
2.285386 2.183140 2.198491 1.828935 1.985873 2.257388 2.156161
2.198491 2.156161 2.257388 2.328394 2.158897 2.396077 1.995414
2.257388 1.995414 2.396077 1.954603 2.163230 2.251261 1.954813
2.396077 1.954813 2.251261 2.876005 2.491507 2.268432 2.332229
2.251261 2.332229 2.268432 2.721578 2.177612 2.448052 2.194369
2.268432 2.194369 2.448052 2.343056 2.548464 2.283833 2.181154
2.448052 2.181154 2.283833 2.190477 2.494534 2.281196 2.143515
2.283833 2.143515 2.281196 2.036886 1.805006 1.876845 2.058954
2.281196 2.058954 1.876845 2.157401 2.032083 2.731589 1.960631
1.876845 1.960631 2.731589 2.187192 2.293725 2.782409 2.481641
2.731589 2.481641 2.782409 2.154190 2.176094 2.065630 2.177787
2.782409 2.177787 2.065630 2.330957 2.372124 2.268434 2.214443
2.065630 2.214443 2.268434 2.218683 2.204851 2.885154 2.564245
2.268434 2.564245 2.885154 2.331568 2.343698 2.411638 2.352759
2.885154 2.352759 2.411638 2.345757 1.981790 2.231778 2.355952
2.411638 2.355952 2.231778 2.159807 2.323394 2.650323 2.397405
2.231778 2.397405 2.650323 2.871093 2.775237 2.700494 2.478156
2.650323 2.478156 2.700494 2.511403 2.057092 2.322306 2.336920
2.700494 2.336920 2.322306 2.167346 2.360013 2.204423 2.001315
2.322306 2.001315 2.204423 1.816139 1.996824 1.949573 1.816791
2.204423 1.816791 1.949573 1.956584 2.171611 2.330206 2.364644
1.949573 2.364644 2.330206 2.346940 1.867958 2.516862 2.235606
2.516862 2.692626 2.917728 2.187505 2.138610 3.075251 2.908578
2.917728 2.908578 3.075251 2.213027 2.333171 4.309446 4.038247
3.075251 4.038247 4.309446 2.711019 2.766390 3.727471 2.604171
4.309446 2.604171 3.727471 1.977582 2.161933 2.598796 2.341465
3.727471 2.341465 2.598796 2.359149 2.548464 2.664159 2.504433
2.598796 2.504433 2.664159 2.330425 2.197769 2.440697 2.007231
2.664159 2.007231 2.440697 2.175394 1.815480 2.023434 1.979198
2.440697 1.979198 2.023434 2.383387 2.163230 2.261367 2.304506
2.023434 2.304506 2.261367 2.336251 2.535098 2.079295 2.354009
2.261367 2.354009 2.079295 2.043391 2.144660 2.143554 1.522515
2.079295 1.522515 2.143554 1.837943 2.002292 1.741719 1.484590
2.143554 1.484590 1.741719 1.995429 1.965099 1.771406 1.825450
1.741719 1.825450 1.771406 1.801251 1.803595 2.158560 1.970928
1.771406 1.970928 2.158560 2.121830 1.989030 1.946104 1.993275
2.158560 1.993275 1.946104 1.996588 1.681420 1.708189 1.976702
1.946104 1.976702 1.708189 1.986629 1.992070 2.070745 1.807644
1.708189 1.807644 2.070745 2.181296 2.350942 2.198882 2.350681
2.070745 2.350681 2.198882 2.160890 2.172418 2.433373 2.163230
2.198882 2.163230 2.433373 2.002641 2.106484 2.235666 2.019472
2.433373 2.019472 2.235666 2.370299 2.213015 2.257019 1.986890
2.235666 1.986890 2.257019 1.798942 1.864022 2.109214 1.802940
2.257019 1.802940 2.109214 1.973852 1.997077 2.397869 2.197143
2.109214 2.197143 2.397869 2.109450 2.797037 2.547466 2.001368
2.397869 2.001368 2.547466 2.517571 2.029501 2.109214 2.219819
2.547466 2.219819 2.109214 2.477431 2.514156 2.733324 2.360013
2.109214 2.360013 2.733324 2.157887 1.993475 2.568362 2.638592
2.733324 2.638592 2.568362 2.342347 1.976750 2.277194 1.875700
2.568362 1.875700 2.277194 2.022736 1.986484 2.527772 2.351491
2.277194 2.351491 2.527772 1.992665 1.860184 2.307117 1.817245
2.527772 1.817245 2.307117 2.838058 2.312451 2.116712 2.190982
