2.285359 2.105570 2.074707 1.984615 1.838879 2.203371 1.971078
2.074707 1.971078 2.203371 2.199421 2.019703 2.700363 2.496978
2.203371 2.496978 2.700363 2.539863 2.121830 2.830872 2.539735
2.700363 2.539735 2.830872 2.127144 2.194605 2.500891 2.350512
2.830872 2.350512 2.500891 2.167731 1.998538 2.232029 2.335235
2.500891 2.335235 2.232029 2.003331 2.185062 2.252977 2.020174
2.232029 2.020174 2.252977 2.168284 2.001866 2.465684 2.363613
2.252977 2.363613 2.465684 2.697611 2.523689 2.511638 2.350302
2.465684 2.350302 2.511638 2.517248 2.159994 2.585558 2.350229
2.511638 2.350229 2.585558 2.012822 2.175886 2.111998 2.229979
2.585558 2.229979 2.111998 1.973411 2.134835 2.103417 1.786864
2.111998 1.786864 2.103417 2.211824 2.020720 2.252977 2.163230
2.103417 2.163230 2.252977 2.172510 1.908650 2.396987 2.138923
2.252977 2.138923 2.396987 2.157887 2.135135 2.587661 2.272369
2.396987 2.272369 2.587661 2.160004 2.008301 2.254867 2.183195
2.587661 2.183195 2.254867 2.530360 2.008106 1.995429 1.983423
2.254867 1.983423 1.995429 1.811902 2.001866 2.109362 2.009523
1.995429 2.009523 2.109362 1.961155 1.825028 2.734219 2.185980
2.109362 2.185980 2.734219 2.152703 1.997077 1.955151 1.955830
2.734219 1.955830 1.955151 2.492520 2.360794 2.289615 2.124964
1.955151 2.124964 2.289615 1.987723 1.960349 1.925085 2.161531
2.289615 2.161531 1.925085 2.010107 2.022071 2.077502 2.014413
1.925085 2.014413 2.077502 1.825241 1.844719 2.174779 1.816139
2.161531 2.022071 2.010107 2.008482 1.789466 1.855212 2.325368
2.077502 1.816139 2.174779 1.987989 1.997077 2.113596 2.009523
2.174779 2.009523 2.113596 2.032438 2.129341 1.942122 2.189088
2.113596 2.189088 1.942122 1.986484 2.365655 2.252366 1.942684
1.942122 1.942684 2.252366 2.195741 2.022736 2.734079 2.179482
2.252366 2.179482 2.734079 2.177295 2.357453 2.502875 2.184304
2.734079 2.184304 2.502875 2.805409 2.375658 2.309932 2.148145
2.502875 2.148145 2.309932 3.292334 3.094156 2.078932 2.173153
2.309932 2.173153 2.078932 1.997526 1.991434 2.106043 1.821285
2.078932 1.821285 2.106043 2.018562 2.012822 1.772695 1.875259
2.106043 1.875259 1.772695 1.786138 1.832316 1.967047 1.974381
1.772695 1.974381 1.967047 1.854212 2.184471 2.105492 1.846761
1.967047 1.846761 2.105492 1.793143 1.861277 2.103249 1.988787
2.105492 1.988787 2.103249 2.021815 2.163197 2.484322 2.012822
2.103249 2.012822 2.484322 2.184171 1.987457 2.625901 2.359578
2.484322 2.359578 2.625901 2.516993 2.712796 2.304070 2.015184
2.625901 2.015184 2.304070 2.160193 2.127882 2.057970 1.823554
2.304070 1.823554 2.057970 1.996846 2.037294 2.109214 1.925725
2.057970 1.925725 2.109214 1.857917 2.179993 2.043026 1.995429
2.109214 1.995429 2.043026 1.817195 2.160519 1.812965 2.030526
2.043026 2.030526 1.812965 2.007818 1.837602 2.227513 1.823816
1.812965 1.823816 2.227513 2.512236 2.573955 1.828327 1.808029
2.227513 1.808029 1.828327 1.859103 1.795882 2.352286 1.981155
1.828327 1.981155 2.352286 2.387483 2.363819 2.096625 2.363819
2.352286 2.363819 2.096625 2.199387 2.204726 2.027402 2.003900
2.096625 2.003900 2.027402 2.189421 1.794601 2.233187 2.034248
2.027402 2.034248 2.233187 2.170523 1.995429 2.238607 2.066262
2.233187 2.066262 2.238607 2.867808 2.568815 2.806402 2.180807
2.238607 2.180807 2.806402 1.812899 1.812899 2.474599 1.993278
2.806402 1.993278 2.474599 1.842865 1.929020 1.952853 1.792429
2.474599 1.792429 1.952853 1.810181 1.637234 1.920233 1.810822
1.952853 1.810822 1.920233 2.120071 1.811325 1.676314 1.946104
1.920233 1.946104 1.676314 1.925257 1.989030 3.242520 2.955031
1.676314 2.955031 3.242520 2.537514 2.360211 2.515057 2.185158
3.242520 2.185158 2.515057 2.327561 2.154518 1.945154 2.050592
2.515057 2.050592 1.945154 1.990354 1.993278 1.769916 1.980614
1.945154 1.980614 1.769916 2.151190 1.849027 1.995429 2.032854
1.769916 2.032854 1.995429 2.186630 1.808068 2.306732 2.180807
1.995429 2.180807 2.306732 1.987055 2.179482 2.100026 1.978702
2.306732 1.978702 2.100026 2.152692 2.153468 1.807306 1.985613
2.100026 1.985613 1.807306 2.331959 2.230790 2.091711 2.030442
1.807306 2.030442 2.091711 1.987457 1.810817 1.919174 1.862806
2.091711 1.862806 1.919174 2.101958 1.987723 1.886534 1.810822
1.919174 1.810822 1.886534 2.021749 2.010080 1.888307 1.812899
1.886534 1.812899 1.888307 2.329086 1.819992 1.718540 1.812899
1.888307 1.812899 1.718540 2.332538 2.015686 2.044746 1.796884
1.718540 1.796884 2.044746 1.973038 2.135645 1.895907 2.142551
2.044746 2.142551 1.895907 1.922826 1.692749 1.946104 1.588384
1.895907 1.588384 1.946104 2.318760 2.293762 1.745075 1.824321
1.946104 1.824321 1.745075 1.852539 1.637234 1.654348 1.824321
1.745075 1.824321 1.654348 2.322607 1.904153 1.750793 1.919921
1.654348 1.919921 1.750793 1.996824 1.820092 1.940274 1.690594
1.750793 1.690594 1.940274 1.824190 2.032214 1.940970 1.836187
1.940274 1.836187 1.940970 1.984110 2.003837 1.777575 1.683383
1.940970 1.683383 1.777575 1.975763 2.324064 1.939491 1.997077
1.777575 1.997077 1.939491 2.322647 2.430763 2.338642 2.001315
1.939491 2.001315 2.338642 1.866904 1.900804 2.126173 1.946738
2.338642 1.946738 2.126173 2.363819 2.310469 2.206365 2.396898
