2.506337 2.336083 2.651042 1.997923 1.987723 2.657674 2.391894
2.651042 2.391894 2.657674 2.332551 1.950671 2.474835 2.507802
2.657674 2.507802 2.474835 2.175692 2.136404 2.486396 2.169230
2.474835 2.169230 2.486396 2.170724 2.014248 3.176556 3.662390
2.486396 3.662390 3.176556 2.569342 2.745145 2.775762 2.229094
3.176556 2.229094 2.775762 2.528613 2.342140 2.642541 1.995429
2.775762 1.995429 2.642541 1.989030 2.340942 2.689953 2.137214
2.642541 2.137214 2.689953 2.171547 1.970928 2.316566 1.977582
2.689953 1.977582 2.316566 1.974661 1.863446 2.435832 1.961660
2.316566 1.961660 2.435832 1.985016 2.010294 2.103417 2.192734
2.435832 2.192734 2.103417 1.810181 1.807650 2.124360 2.000821
2.103417 2.000821 2.124360 2.200835 2.171425 2.102008 2.015184
2.192734 1.807650 1.810181 2.153143 1.815665 2.208948 1.922826
2.124360 2.015184 2.102008 2.189207 2.015149 2.285386 1.829648
2.102008 1.829648 2.285386 2.171425 2.004176 2.434807 2.322920
2.285386 2.322920 2.434807 2.360013 2.355900 2.478179 2.353420
2.434807 2.353420 2.478179 2.317291 2.514156 2.157576 2.011979
2.478179 2.011979 2.157576 2.653367 2.106484 2.265345 2.286335
2.157576 2.286335 2.265345 2.096863 1.916372 2.488125 2.032380
2.265345 2.032380 2.488125 2.062028 1.995414 2.453350 2.352759
2.488125 2.352759 2.453350 2.140650 2.161531 2.305352 1.835122
2.453350 1.835122 2.305352 2.177387 1.987989 2.312041 1.983494
2.305352 1.983494 2.312041 2.144985 1.983535 1.762666 1.952366
2.312041 1.952366 1.762666 2.378892 2.194652 2.434708 2.405264
1.762666 2.405264 2.434708 2.690009 2.388519 2.300848 2.173294
2.434708 2.173294 2.300848 2.002292 1.665640 2.292749 2.036532
2.300848 2.036532 2.292749 2.025500 1.788308 1.895924 2.152240
1.895924 1.832246 1.886997 1.455822 1.570828 1.505283 1.574922
1.886997 1.574922 1.505283 1.921789 2.082534 2.089787 2.150313
1.505283 2.150313 2.089787 3.203804 3.198272 3.319797 2.960940
2.089787 2.960940 3.319797 2.127103 2.307901 2.597525 2.468847
3.319797 2.468847 2.597525 2.363819 2.334321 2.200872 2.324606
2.597525 2.324606 2.200872 1.955168 1.926303 2.241906 2.303990
2.200872 2.303990 2.241906 1.993275 2.189846 2.255683 2.338683
2.241906 2.338683 2.255683 2.341322 2.282553 2.239914 2.193594
2.255683 2.193594 2.239914 2.123342 2.022071 2.518506 2.365603
2.239914 2.365603 2.518506 2.560537 2.014340 3.560187 2.724588
2.518506 2.724588 3.560187 2.891538 2.896040 2.654410 2.382964
3.560187 2.382964 2.654410 2.196534 2.255347 2.420415 2.207138
2.654410 2.207138 2.420415 2.120936 1.984454 2.187771 2.106484
2.420415 2.106484 2.187771 2.179260 1.952719 2.695255 2.344931
2.187771 2.344931 2.695255 1.987055 2.191403 2.161892 1.977395
2.695255 1.977395 2.161892 2.041435 1.802111 2.118088 1.807970
2.161892 1.807970 2.118088 2.394459 2.382095 2.204971 1.993278
2.118088 1.993278 2.204971 2.315910 2.340841 2.123452 1.969664
2.204971 1.969664 2.123452 2.144801 1.987723 1.982986 1.618875
2.123452 1.618875 1.982986 1.993504 2.164399 2.137150 2.318840
1.982986 2.318840 2.137150 2.302361 2.305932 2.484565 2.175881
2.137150 2.175881 2.484565 2.316076 2.188875 1.946124 2.132120
2.318840 2.305932 2.302361 2.183223 1.951120 2.162552 2.138610
2.484565 2.132120 1.946124 1.996588 1.988787 2.013904 1.978702
1.946124 1.978702 2.013904 2.054158 1.874196 1.879198 1.816791
2.013904 1.816791 1.879198 2.149920 1.995522 2.252977 1.836482
1.879198 1.836482 2.252977 1.997077 2.353759 2.261367 2.160257
2.252977 2.160257 2.261367 2.015184 2.191951 2.410987 2.158756
2.261367 2.158756 2.410987 2.177387 2.200835 2.278528 2.387520
2.410987 2.387520 2.278528 2.357899 1.995429 2.442576 2.002278
2.278528 2.002278 2.442576 2.123892 2.129103 2.525523 2.114749
2.442576 2.114749 2.525523 1.928183 2.173294 2.287743 2.209641
2.525523 2.209641 2.287743 2.322647 2.032083 2.427437 2.175974
2.287743 2.175974 2.427437 2.384008 1.965980 2.680520 2.331886
2.427437 2.331886 2.680520 1.819872 2.009101 2.775091 2.173294
2.680520 2.173294 2.775091 2.339885 2.181890 2.426278 2.162576
2.775091 2.162576 2.426278 2.028534 2.204437 2.098993 1.908565
2.426278 1.908565 2.098993 2.158425 1.805006 2.237189 1.986422
2.098993 1.986422 2.237189 1.837943 1.996824 2.593974 2.204851
2.237189 2.204851 2.593974 1.981276 1.823816 2.445262 2.342284
2.593974 2.342284 2.445262 1.978016 2.307882 3.166272 2.712659
2.445262 2.712659 3.166272 2.666789 2.693406 3.029277 2.475312
3.166272 2.475312 3.029277 2.146235 2.154518 2.777512 2.548464
3.029277 2.548464 2.777512 2.628849 2.367742 2.681620 2.148591
2.777512 2.148591 2.681620 2.009978 2.020932 2.316566 2.188513
2.681620 2.188513 2.316566 1.797780 1.832974 2.089280 1.985005
2.316566 1.985005 2.089280 2.145308 2.174779 2.643147 2.339996
2.089280 2.339996 2.643147 1.834423 2.025500 2.310610 2.184033
2.643147 2.184033 2.310610 1.812899 1.986484 2.106894 1.883095
2.310610 1.883095 2.106894 1.824190 1.835606 1.971241 2.048942
2.106894 2.048942 1.971241 2.147718 2.014340 2.089509 1.814332
1.971241 1.814332 2.089509 1.959773 1.857177 2.217129 2.001315
