5.016704 4.533474 4.750731 4.839591 4.827396 4.685495 5.070664
4.750731 5.070664 4.685495 4.484737 5.743330 4.491981 4.266749
4.685495 4.266749 4.491981 3.947065 5.423356 5.269942 4.580219
4.491981 4.580219 5.269942 5.115119 4.344662 4.763410 4.420100
5.269942 4.420100 4.763410 4.243039 4.536685 4.096062 5.568908
4.763410 5.568908 4.096062 5.382885 5.418867 3.900333 4.145090
4.096062 4.145090 3.900333 5.672292 4.114581 3.644966 4.315566
3.900333 4.315566 3.644966 4.539531 4.138491 4.131022 3.979145
3.644966 3.979145 4.131022 4.027324 4.739601 4.118603 4.150661
4.131022 4.150661 4.118603 5.028121 3.931521 4.945716 4.351348
4.118603 4.351348 4.945716 4.147180 3.836552 4.950003 4.680227
4.945716 4.680227 4.950003 7.305331 4.647719 5.011660 4.550628
4.351348 3.836552 4.147180 4.235084 0.000000 4.357966 4.242044
4.950003 4.550628 5.011660 4.800770 4.492019 5.964681 4.670434
5.011660 4.670434 5.964681 4.559429 4.778668 5.437806 4.018118
5.964681 4.018118 5.437806 4.368375 4.704907 5.107683 5.884829
5.437806 5.884829 5.107683 4.900073 4.619639 4.513895 5.945893
5.107683 5.945893 4.513895 5.100841 5.475288 4.224223 4.414134
4.513895 4.414134 4.224223 4.184699 4.878089 4.201929 4.315458
4.224223 4.315458 4.201929 4.276260 4.134813 4.835468 4.181260
4.201929 4.181260 4.835468 4.591964 5.514647 5.401172 4.606289
4.835468 4.606289 5.401172 5.149885 4.870069 4.809338 4.598097
5.401172 4.598097 4.809338 5.590935 4.559149 4.698499 4.766902
4.809338 4.766902 4.698499 4.363645 4.932451 4.278574 3.550971
4.698499 3.550971 4.278574 4.441632 4.567478 4.982572 4.238681
4.278574 4.238681 4.982572 4.839823 4.658636 4.599502 4.684894
4.982572 4.684894 4.599502 4.902447 4.109246 4.765363 4.280809
4.599502 4.280809 4.765363 4.269044 4.570471 4.139999 4.467121
4.765363 4.467121 4.139999 3.942274 4.477792 4.972544 4.727849
4.139999 4.727849 4.972544 4.590870 5.205605 4.675108 4.194975
4.972544 4.194975 4.675108 4.610153 4.340534 4.325068 4.196688
4.675108 4.196688 4.325068 4.190093 4.831697 4.393324 4.343493
4.325068 4.343493 4.393324 4.751287 4.643822 4.944805 3.920007
4.393324 3.920007 4.944805 3.987377 4.481970 4.206833 4.700816
4.944805 4.700816 4.206833 4.348278 4.757564 4.322799 4.211552
4.206833 4.211552 4.322799 4.735763 3.828058 4.222165 4.086513
4.322799 4.086513 4.222165 4.705877 4.721857 4.442542 4.323978
4.222165 4.323978 4.442542 4.360416 5.059405 4.471941 4.142637
4.442542 4.142637 4.471941 4.181730 4.127914 4.258961 4.564481
4.471941 4.564481 4.258961 6.810852 4.570662 5.941929 4.249272
4.258961 4.249272 5.941929 5.108789 4.536472 6.567488 5.246685
5.941929 5.246685 6.567488 4.713919 6.446658 6.302669 6.498886
6.302669 6.475950 6.898358 4.201015 6.439023 6.877604 3.671335
6.898358 3.671335 6.877604 4.098242 3.538207 6.054265 5.647693
6.877604 5.647693 6.054265 5.476229 4.815867 4.757068 4.722212
6.054265 4.722212 4.757068 4.318919 4.477440 4.216048 4.042608
4.757068 4.042608 4.216048 4.904519 4.612164 4.189681 4.408796
4.216048 4.408796 4.189681 4.033578 4.347526 4.484792 5.684978
4.189681 5.684978 4.484792 5.207050 4.559408 4.472260 3.966177
4.484792 3.966177 4.472260 3.804325 4.181663 4.439425 4.260869
4.472260 4.260869 4.439425 4.713663 3.825943 4.696698 4.413795
4.439425 4.413795 4.696698 4.197606 4.545756 4.372699 4.707975
4.696698 4.707975 4.372699 4.257051 4.489251 4.190715 4.437794
4.372699 4.437794 4.190715 5.102521 3.983165 4.170081 3.853987
4.190715 3.853987 4.170081 4.180940 4.015889 3.831425 3.858238
4.170081 3.858238 3.831425 3.797693 4.257334 4.223953 3.941111
3.831425 3.941111 4.223953 4.202007 4.235627 4.275808 3.731882
4.223953 3.731882 4.275808 4.578653 4.147001 3.887204 4.252676
4.275808 4.252676 3.887204 3.793017 4.113273 4.082006 4.753543
3.887204 4.753543 4.082006 4.970123 4.793592 4.115426 3.844572
4.082006 3.844572 4.115426 6.228955 4.396450 4.302354 4.046984
4.115426 4.046984 4.302354 3.975206 4.895068 4.420519 4.603224
4.302354 4.603224 4.420519 6.083891 4.955131 4.277706 4.013202
4.420519 4.013202 4.277706 4.241412 4.049719 4.319450 4.215752
4.277706 4.215752 4.319450 4.479147 4.983286 3.788626 5.321873
4.319450 5.321873 3.788626 5.320620 4.714915 4.173289 3.968398
3.788626 3.968398 4.173289 3.998738 4.635356 4.154815 3.978905
5.321873 4.714915 5.320620 4.055220 0.000000 4.676340 4.637375
4.173289 3.978905 4.154815 3.934518 4.018990 3.997275 3.993433
4.154815 3.993433 3.997275 4.700097 3.945683 3.922575 3.845079
3.997275 3.845079 3.922575 4.740527 5.912227 3.687865 3.531159
3.922575 3.531159 3.687865 4.315999 3.843158 4.255629 3.719209
3.687865 3.719209 4.255629 3.613358 5.723440 4.095876 4.684455
4.255629 4.684455 4.095876 4.208686 4.906450 3.591428 4.225390
4.095876 4.225390 3.591428 4.732878 4.405880 3.722792 4.053097
3.591428 4.053097 3.722792 4.669638 3.816415 3.714099 3.693957
3.722792 3.693957 3.714099 3.709689 4.346685 3.663178 3.781933
3.714099 3.781933 3.663178 4.610885 4.274035 3.758298 3.704575
3.663178 3.704575 3.758298 4.156128 4.056721 3.774101 4.533677
3.758298 4.533677 3.774101 4.744912 4.307500 4.362101 4.557468
3.774101 4.557468 4.362101 5.221338 4.839793 4.153882 4.741770
4.362101 4.741770 4.153882 5.405541 4.677065 4.515720 3.928573
4.153882 3.928573 4.515720 4.348166 3.969744 3.957650 4.193344
