5.397019 5.007996 5.132317 4.844148 4.326900 5.312873 5.440982
5.132317 5.440982 5.312873 5.099088 5.552670 4.729612 5.309602
5.312873 5.309602 4.729612 4.935515 5.179517 4.521541 4.599599
4.729612 4.599599 4.521541 4.720445 4.678279 3.876416 4.282724
4.521541 4.282724 3.876416 4.500062 4.255726 4.392976 4.156843
3.876416 4.156843 4.392976 4.544073 4.948220 5.736163 5.794194
4.392976 5.794194 5.736163 5.438497 4.859692 4.653253 8.350206
5.736163 8.350206 4.653253 6.836151 0.000000 5.356131 4.133072
4.653253 4.133072 5.356131 4.273863 3.770491 5.572533 4.713876
5.356131 4.713876 5.572533 4.491575 4.485517 5.555171 4.864434
5.572533 4.864434 5.555171 5.223424 0.000000 4.989730 4.300891
5.555171 4.300891 4.989730 4.124056 5.078282 4.429408 4.529704
4.989730 4.529704 4.429408 4.864476 4.763636 4.795497 4.902899
4.429408 4.902899 4.795497 4.867957 4.672945 4.617582 4.697529
4.795497 4.697529 4.617582 4.613682 4.279211 5.136693 3.861644
4.617582 3.861644 5.136693 4.793972 4.679763 4.820482 5.036033
5.136693 5.036033 4.820482 4.524243 4.508009 4.734406 4.441696
4.820482 4.441696 4.734406 4.850101 4.866416 5.320164 4.148014
4.734406 4.148014 5.320164 4.542281 4.685919 5.477923 4.867848
5.320164 4.867848 5.477923 4.658585 0.000000 5.506008 4.746510
5.477923 4.746510 5.506008 4.339633 4.414857 5.321694 4.708813
5.506008 4.708813 5.321694 4.805305 4.764819 4.886205 4.888674
5.321694 4.888674 4.886205 5.731873 5.116020 4.364316 4.753524
4.886205 4.753524 4.364316 6.178072 4.239433 4.483483 4.518385
4.364316 4.518385 4.483483 4.475184 5.039831 4.298520 4.309872
4.483483 4.309872 4.298520 4.091066 4.096109 3.955705 4.513089
4.298520 4.513089 3.955705 4.538298 4.649700 3.957147 4.762512
3.955705 4.762512 3.957147 4.695688 5.110328 3.704755 3.814636
3.957147 3.814636 3.704755 3.921702 3.924398 4.118249 4.803797
3.704755 4.803797 4.118249 4.870476 3.950382 4.460646 4.310785
4.118249 4.310785 4.460646 4.682576 5.157759 4.053044 4.349988
4.460646 4.349988 4.053044 4.901989 4.532735 4.440109 4.403622
4.053044 4.403622 4.440109 4.143714 4.388452 4.142597 4.363466
4.440109 4.363466 4.142597 4.307281 5.235840 5.466554 4.792829
4.142597 4.792829 5.466554 4.464143 4.441580 4.495664 5.306410
5.466554 5.306410 4.495664 5.230970 4.939377 3.963222 3.594714
4.495664 3.594714 3.963222 3.467333 3.837718 4.252377 3.864481
3.963222 3.864481 4.252377 4.346443 4.679360 4.476278 5.459858
4.252377 5.459858 4.476278 4.518363 4.999055 4.588005 3.937214
4.476278 3.937214 4.588005 4.130072 3.871733 4.421758 4.315410
4.588005 4.315410 4.421758 4.831920 4.534004 4.581633 4.472741
4.421758 4.472741 4.581633 4.516536 4.623469 4.399144 4.560649
4.581633 4.560649 4.399144 4.568536 4.698675 4.574511 4.220552
4.399144 4.220552 4.574511 3.964311 5.068200 4.087488 4.598957
4.574511 4.598957 4.087488 4.343924 4.659059 4.105427 5.058545
4.087488 5.058545 4.105427 4.698468 4.468046 3.990468 3.629275
4.105427 3.629275 3.990468 4.369155 4.274521 4.399257 3.984366
3.990468 3.984366 4.399257 4.488307 4.089540 4.313478 4.733867
4.399257 4.733867 4.313478 4.478670 3.941210 4.072578 4.020539
4.313478 4.020539 4.072578 5.196412 4.501633 3.926160 4.143141
4.072578 4.143141 3.926160 4.285661 4.141369 4.425159 4.300664
3.926160 4.300664 4.425159 4.503854 4.436512 4.411207 4.345291
4.425159 4.345291 4.411207 4.153518 4.028839 4.476755 3.821187
4.411207 3.821187 4.476755 4.469491 4.427371 4.309579 4.873424
4.476755 4.873424 4.309579 5.204405 4.951991 4.834799 4.547227
4.309579 4.547227 4.834799 4.650970 4.681385 4.849926 3.999431
4.834799 3.999431 4.849926 4.478533 4.297571 4.912116 3.696625
4.849926 3.696625 4.912116 4.175672 4.148275 4.411277 4.968247
4.912116 4.968247 4.411277 5.465269 5.031674 4.684735 4.159932
4.411277 4.159932 4.684735 5.180686 4.528016 5.072163 4.126618
4.684735 4.126618 5.072163 4.848736 4.325691 4.657979 5.584825
5.072163 5.584825 4.657979 4.524341 5.895222 4.013823 4.698432
4.657979 4.698432 4.013823 4.567738 4.284500 5.176352 4.690009
4.013823 4.690009 5.176352 4.852089 4.924332 4.269026 5.310792
5.176352 5.310792 4.269026 4.609554 4.360157 4.299648 4.288568
4.269026 4.288568 4.299648 4.831534 4.128598 4.275178 4.273073
4.299648 4.273073 4.275178 5.887471 5.589997 4.051841 3.949080
4.275178 3.949080 4.051841 5.373788 4.320686 3.984170 4.005929
4.051841 4.005929 3.984170 4.102396 4.182707 4.130594 3.673971
3.984170 3.673971 4.130594 4.211807 4.177830 4.508915 3.981350
4.130594 3.981350 4.508915 4.481421 4.557783 5.132295 5.260499
4.508915 5.260499 5.132295 5.222774 5.726970 4.655625 4.472459
5.132295 4.472459 4.655625 4.309131 4.575265 4.465440 4.548418
4.655625 4.548418 4.465440 5.375332 4.688093 4.535808 4.558828
4.465440 4.558828 4.535808 5.305892 4.172408 4.193025 4.913466
4.535808 4.913466 4.193025 4.631295 4.672804 4.222792 4.646955
4.193025 4.646955 4.222792 4.834747 5.479175 4.066743 3.967169
4.222792 3.967169 4.066743 4.854359 4.324210 5.095630 4.645465
4.066743 4.645465 5.095630 4.650706 0.000000 4.777445 4.795572
