4.605146 4.138144 4.652924 4.824086 4.679846 4.578273 3.960406
4.652924 3.960406 4.578273 3.938495 4.644806 4.479951 4.356257
4.578273 4.356257 4.479951 4.365694 4.498779 4.509633 3.752714
4.479951 3.752714 4.509633 3.984504 4.014556 4.425037 3.980392
4.509633 3.980392 4.425037 5.127760 4.560787 4.365669 4.301572
4.425037 4.301572 4.365669 4.223888 4.035904 3.866906 4.732595
4.365669 4.732595 3.866906 4.363072 4.875151 4.254200 4.572998
3.866906 4.572998 4.254200 4.748203 3.934708 4.536667 4.186876
4.254200 4.186876 4.536667 4.160435 5.436941 4.623341 4.567805
4.536667 4.567805 4.623341 4.157788 4.415763 4.098705 4.396512
4.623341 4.396512 4.098705 4.419426 4.303246 4.642709 4.044020
4.098705 4.044020 4.642709 4.767985 4.714747 9.360280 4.392334
4.642709 4.392334 9.360280 4.482773 4.142180 7.316692 5.925559
9.360280 5.925559 7.316692 5.299501 0.000000 6.127617 5.564085
7.316692 5.564085 6.127617 0.000000 5.401790 4.681772 6.411452
6.127617 6.411452 4.681772 4.284574 0.000000 4.463356 3.797393
4.681772 3.797393 4.463356 4.270938 4.949036 3.907323 3.670366
4.463356 3.670366 3.907323 4.336541 4.031357 4.701513 3.932058
3.907323 3.932058 4.701513 4.156409 4.313497 4.159091 4.714369
3.670366 4.031357 4.336541 4.243703 4.388596 4.249297 4.816838
4.701513 4.714369 4.159091 4.958070 5.135573 6.785408 4.079028
4.159091 4.079028 6.785408 4.278870 0.000000 5.449182 5.564426
6.785408 5.564426 5.449182 4.858687 5.156320 5.216510 5.093174
5.449182 5.093174 5.216510 4.508104 4.470629 4.659734 4.946137
5.216510 4.946137 4.659734 4.532269 5.584389 4.312186 4.181494
4.659734 4.181494 4.312186 4.723852 4.342175 4.700665 4.032936
4.312186 4.032936 4.700665 3.913200 4.989756 4.462479 5.445883
4.700665 5.445883 4.462479 4.127857 5.448750 4.487820 3.970330
4.462479 3.970330 4.487820 4.336026 4.441524 4.437788 4.491352
4.487820 4.491352 4.437788 4.804814 4.144200 4.250623 4.107021
4.437788 4.107021 4.250623 4.278407 4.282435 4.637416 5.377485
4.250623 5.377485 4.637416 5.796829 5.086097 4.648425 4.942541
4.637416 4.942541 4.648425 5.040655 0.000000 4.551981 4.940377
4.648425 4.940377 4.551981 4.162971 5.237318 4.513630 4.841321
4.551981 4.841321 4.513630 4.613421 4.581974 3.969379 3.829125
4.513630 3.829125 3.969379 4.191977 4.510185 4.865544 4.155896
3.969379 4.155896 4.865544 4.763350 4.712247 5.398000 4.551862
4.865544 4.551862 5.398000 4.652881 4.532595 4.243357 4.509857
5.398000 4.509857 4.243357 5.017074 4.384501 4.476392 4.933523
4.243357 4.933523 4.476392 4.674167 4.812861 5.497032 4.592782
4.476392 4.592782 5.497032 4.505102 4.365778 4.720976 4.726340
5.497032 4.726340 4.720976 4.118277 4.106179 4.590786 4.458879
4.720976 4.458879 4.590786 4.517059 4.177043 5.171664 4.483166
4.590786 4.483166 5.171664 5.347215 4.625984 5.277523 5.588725
5.171664 5.588725 5.277523 4.859399 0.000000 5.024377 4.728846
5.277523 4.728846 5.024377 5.051581 3.925945 4.280003 4.394324
5.024377 4.394324 4.280003 4.747176 4.688542 3.983435 3.870937
4.280003 3.870937 3.983435 3.771335 3.952719 4.877861 4.146092
3.983435 4.146092 4.877861 4.878894 4.482986 4.718572 4.384666
4.877861 4.384666 4.718572 5.046789 4.899665 5.556339 10.047586
5.556339 4.469628 6.057194 4.424571 4.531837 8.395017 4.541570
6.057194 4.541570 8.395017 4.753843 4.508726 6.511095 5.702037
8.395017 5.702037 6.511095 5.144958 4.313014 4.919541 4.231374
6.511095 4.231374 4.919541 4.472638 3.939052 5.308161 5.009856
4.919541 5.009856 5.308161 4.456392 4.482967 4.571951 4.628368
5.308161 4.628368 4.571951 4.892080 4.494135 4.166004 4.178128
4.571951 4.178128 4.166004 4.515514 5.086790 4.638713 4.608034
4.166004 4.608034 4.638713 4.717832 4.546930 4.515217 5.048735
4.638713 5.048735 4.515217 4.557940 5.423340 3.833067 4.262185
4.515217 4.262185 3.833067 4.173488 4.224412 3.433818 4.054345
3.833067 4.054345 3.433818 4.165062 4.011402 3.636246 4.013602
3.433818 4.013602 3.636246 4.638578 4.338976 4.106778 3.892932
3.636246 3.892932 4.106778 4.126078 3.884282 4.130117 4.139356
4.106778 4.139356 4.130117 4.359651 4.563798 3.705426 3.638528
4.130117 3.638528 3.705426 4.733263 3.382459 3.881299 3.800037
3.705426 3.800037 3.881299 3.923464 4.274535 4.589543 4.376484
3.881299 4.376484 4.589543 4.328616 4.756054 4.708078 4.496082
4.589543 4.496082 4.708078 4.317262 4.395104 4.280520 4.139521
4.708078 4.139521 4.280520 3.913867 4.168521 4.493613 4.562109
4.280520 4.562109 4.493613 4.766767 4.167621 3.919717 3.876751
4.493613 3.876751 3.919717 3.661315 4.204430 4.697319 4.099735
3.919717 4.099735 4.697319 4.071804 4.551152 4.673698 5.047888
4.697319 5.047888 4.673698 4.176120 5.509412 4.374689 4.695083
4.673698 4.695083 4.374689 5.035805 4.924357 5.153530 5.003679
4.374689 5.003679 5.153530 4.969637 4.672062 5.153467 4.305067
5.153530 4.305067 5.153467 4.384394 3.836220 4.170616 4.434783
5.153467 4.434783 4.170616 4.308235 4.134853 4.911056 4.050322
4.170616 4.050322 4.911056 4.343282 4.162469 4.122893 4.026332
4.911056 4.026332 4.122893 5.349999 4.227314 4.385901 5.209213
4.122893 5.209213 4.385901 5.054143 5.384230 4.554027 7.843926
