2.124012 2.158527 2.333869
2.329801 2.393613 2.265208
2.333869 1.956687 2.660928
2.158527 2.100230 2.151554
2.265208 1.979760 1.795859
2.660928 2.363819 2.208464
1.956687 1.992665 1.948205
2.208464 1.989030 2.338642
2.363819 2.157968 2.147439
2.338642 2.187145 2.228932
1.989030 1.887635 2.012865
2.228932 2.211985 2.070745
2.187145 1.832974 1.990080
2.070745 2.077017 2.231407
2.211985 2.107006 2.097647
2.097647 2.123452 2.057017
2.231407 1.786754 2.001523
2.077017 2.384085 2.145044
2.001523 1.977850 2.132354
1.786754 2.190910 2.304697
2.145044 2.005643 2.173051
2.132354 2.161531 2.317291
1.977850 1.997923 1.981516
2.317291 2.177755 2.397464
2.161531 2.180480 2.320454
2.397464 1.823149 2.252977
2.177755 2.360013 2.174486
2.320454 2.105055 2.058443
2.252977 2.231742 2.479229
1.823149 2.062145 1.816791
2.174486 2.151554 2.168030
2.479229 4.323401 5.175780
2.231742 2.017206 2.351757
5.175780 3.304876 3.977918
3.977918 3.039511 3.005524
3.005524 2.222460 2.435832
2.435832 3.185351 2.154661
2.222460 3.972307 1.523262
1.523262 2.891812 2.200271
2.154661 1.810822 1.908492
3.185351 2.322038 2.422963
2.422963 2.172182 2.176094
2.322038 1.986181 1.984110
1.908492 2.332713 2.319335
1.810822 1.987555 1.862434
2.176094 2.157887 1.990294
2.319335 1.890043 2.152240
2.332713 2.222965 2.355369
2.152240 3.463540 3.010805
3.010805 2.211029 2.999489
3.463540 2.780656 2.754275
2.999489 2.526571 2.705693
2.211029 2.731750 2.309653
2.705693 2.258470 2.312318
2.526571 2.397292 2.337494
2.312318 1.832974 2.216053
2.258470 2.014571 2.193975
2.337494 2.480572 2.001315
2.193975 2.315696 2.326015
2.216053 2.338306 2.285386
1.832974 2.022071 1.873272
2.285386 2.183140 2.198491
2.338306 3.063046 2.397191
2.198491 2.156161 2.257388
2.183140 1.985873 1.828935
1.828935 2.306194 1.975739
2.257388 1.995414 2.396077
2.156161 2.158897 2.328394
2.396077 1.954813 2.251261
1.995414 2.163230 1.954603
2.251261 2.332229 2.268432
1.954813 2.491507 2.876005
2.268432 2.194369 2.448052
2.721578 2.454420 2.563180
2.448052 2.181154 2.283833
2.194369 2.548464 2.343056
2.283833 2.143515 2.281196
2.181154 2.494534 2.190477
2.281196 2.058954 1.876845
2.143515 1.805006 2.036886
1.876845 1.960631 2.731589
2.058954 2.032083 2.157401
2.731589 2.481641 2.782409
1.960631 2.293725 2.187192
2.782409 2.177787 2.065630
2.481641 2.176094 2.154190
2.065630 2.214443 2.268434
2.177787 2.372124 2.330957
2.268434 2.564245 2.885154
2.214443 2.204851 2.218683
2.218683 2.188612 2.205496
2.885154 2.352759 2.411638
2.564245 2.343698 2.331568
2.411638 2.355952 2.231778
2.352759 1.981790 2.345757
2.331568 1.984451 1.981155
2.345757 2.258955 2.170903
2.231778 2.397405 2.650323
2.355952 2.323394 2.159807
2.650323 2.478156 2.700494
2.700494 2.336920 2.322306
2.478156 2.057092 2.511403
2.322306 2.001315 2.204423
2.336920 2.360013 2.167346
2.204423 1.816791 1.949573
2.001315 1.996824 1.816139
1.949573 2.364644 2.330206
1.816791 2.171611 1.956584
2.330206 2.235606 2.516862
2.364644 1.867958 2.346940
2.346940 2.526211 2.359592
2.516862 2.692626 2.917728
2.917728 2.908578 3.075251
2.692626 2.138610 2.187505
2.187505 2.127403 2.158560
3.075251 4.038247 4.309446
2.908578 2.333171 2.213027
2.213027 2.497866 2.194076
4.309446 2.604171 3.727471
4.038247 2.766390 2.711019
3.727471 2.341465 2.598796
2.604171 2.161933 1.977582
2.598796 2.504433 2.664159
2.341465 2.548464 2.359149
2.664159 2.007231 2.440697
2.504433 2.197769 2.330425
2.440697 1.979198 2.023434
2.007231 1.815480 2.175394
2.023434 2.304506 2.261367
1.979198 2.163230 2.383387
2.261367 2.354009 2.079295
2.304506 2.535098 2.336251
2.079295 1.522515 2.143554
2.354009 2.144660 2.043391
2.143554 1.484590 1.741719
1.522515 2.002292 1.837943
1.741719 1.825450 1.771406
1.484590 1.965099 1.995429
1.771406 1.970928 2.158560
1.825450 1.803595 1.801251
1.801251 2.320333 1.783290
2.158560 1.993275 1.946104
1.970928 1.989030 2.121830
1.946104 1.976702 1.708189
1.993275 1.681420 1.996588
1.708189 1.807644 2.070745
1.976702 1.992070 1.986629
1.986629 1.889490 1.987723
2.070745 2.350681 2.198882
1.807644 2.350942 2.181296
2.181296 2.154669 2.020093
2.198882 2.163230 2.433373
2.350681 2.172418 2.160890
2.160890 2.152838 2.150600
2.433373 2.019472 2.235666
2.163230 2.106484 2.002641
2.235666 1.986890 2.257019
2.019472 2.213015 2.370299
2.257019 1.802940 2.109214
1.986890 1.864022 1.798942
2.109214 2.197143 2.397869
1.802940 1.997077 1.973852
1.798942 1.852843 1.836288
2.397869 2.001368 2.547466
2.197143 2.797037 2.109450
2.547466 2.219819 2.109214
2.001368 2.029501 2.517571
2.109214 2.360013 2.733324
2.219819 2.514156 2.477431
2.733324 2.638592 2.568362
2.360013 1.993475 2.157887
2.157887 2.187232 2.184033
2.568362 1.875700 2.277194
2.638592 1.976750 2.342347
2.277194 2.351491 2.527772
1.875700 1.986484 2.022736
2.022736 2.150886 2.000041
2.527772 1.817245 2.307117
2.351491 1.860184 1.992665
2.307117 2.190982 2.116712
1.817245 2.312451 2.838058
1.992665 2.538540 2.846344
