5.016704 4.533474 4.750731
4.472239 3.990517 4.546784
4.540564 4.321645 4.639844
5.235891 5.759435 4.440486
4.750731 5.070664 4.685495
4.533474 4.827396 4.839591
4.685495 4.266749 4.491981
5.070664 5.743330 4.484737
4.491981 4.580219 5.269942
4.266749 5.423356 3.947065
5.269942 4.420100 4.763410
4.580219 4.344662 5.115119
3.947065 4.454037 4.542477
5.115119 4.232019 5.032830
4.763410 5.568908 4.096062
4.420100 4.536685 4.243039
4.096062 4.145090 3.900333
5.568908 5.418867 5.382885
4.243039 3.623060 4.686587
3.900333 4.315566 3.644966
4.145090 4.114581 5.672292
3.644966 3.979145 4.131022
4.315566 4.138491 4.539531
4.131022 4.150661 4.118603
3.979145 4.739601 4.027324
4.539531 4.560030 4.076467
4.027324 4.617674 4.284950
4.118603 4.351348 4.945716
4.150661 3.931521 5.028121
4.945716 4.680227 4.950003
4.351348 3.836552 4.147180
4.147180 4.242044 4.357966
4.950003 4.550628 5.011660
4.680227 4.647719 7.305331
5.011660 4.670434 5.964681
4.550628 4.492019 4.800770
5.964681 4.018118 5.437806
4.670434 4.778668 4.559429
4.559429 4.443549 4.476555
5.437806 5.884829 5.107683
4.018118 4.704907 4.368375
4.368375 3.985289 3.632952
5.107683 5.945893 4.513895
5.884829 4.619639 4.900073
4.513895 4.414134 4.224223
5.945893 5.475288 5.100841
4.224223 4.315458 4.201929
4.414134 4.878089 4.184699
5.100841 4.727695 5.249300
4.184699 4.148128 4.137386
4.201929 4.181260 4.835468
4.315458 4.134813 4.276260
4.835468 4.606289 5.401172
4.181260 5.514647 4.591964
5.401172 4.598097 4.809338
4.606289 4.870069 5.149885
4.809338 4.766902 4.698499
4.598097 4.559149 5.590935
5.590935 4.789735 5.428765
4.698499 3.550971 4.278574
4.766902 4.932451 4.363645
4.278574 4.238681 4.982572
3.550971 4.567478 4.441632
4.363645 4.662655 4.618832
4.982572 4.684894 4.599502
4.238681 4.658636 4.839823
4.839823 4.096752 5.181430
4.599502 4.280809 4.765363
4.684894 4.109246 4.902447
4.765363 4.467121 4.139999
4.280809 4.570471 4.269044
4.139999 4.727849 4.972544
4.467121 4.477792 3.942274
4.972544 4.194975 4.675108
4.727849 5.205605 4.590870
3.942274 4.420523 4.272206
4.675108 4.196688 4.325068
4.194975 4.340534 4.610153
4.325068 4.343493 4.393324
4.196688 4.831697 4.190093
4.393324 3.920007 4.944805
4.343493 4.643822 4.751287
4.944805 4.700816 4.206833
3.920007 4.481970 3.987377
4.206833 4.211552 4.322799
4.700816 4.757564 4.348278
4.348278 5.186811 4.835287
4.322799 4.086513 4.222165
4.211552 3.828058 4.735763
4.222165 4.323978 4.442542
4.086513 4.721857 4.705877
4.735763 4.060679 4.009365
4.442542 4.142637 4.471941
4.323978 5.059405 4.360416
4.360416 4.290887 4.972642
4.471941 4.564481 4.258961
4.142637 4.127914 4.181730
4.258961 4.249272 5.941929
4.564481 4.570662 6.810852
5.941929 5.246685 6.567488
4.249272 4.536472 5.108789
5.108789 4.292259 4.883991
6.567488 6.498886 6.302669
5.246685 6.446658 4.713919
6.302669 6.475950 6.898358
6.898358 3.671335 6.877604
6.475950 6.439023 4.201015
6.877604 5.647693 6.054265
3.671335 3.538207 4.098242
6.054265 4.722212 4.757068
5.647693 4.815867 5.476229
4.757068 4.042608 4.216048
4.722212 4.477440 4.318919
4.318919 4.256263 4.378080
4.216048 4.408796 4.189681
4.042608 4.612164 4.904519
4.189681 5.684978 4.484792
4.408796 4.347526 4.033578
4.484792 3.966177 4.472260
5.684978 4.559408 5.207050
4.472260 4.260869 4.439425
3.966177 4.181663 3.804325
3.804325 4.018027 4.142877
4.439425 4.413795 4.696698
4.260869 3.825943 4.713663
4.696698 4.707975 4.372699
4.413795 4.545756 4.197606
4.372699 4.437794 4.190715
4.707975 4.489251 4.257051
4.190715 3.853987 4.170081
4.437794 3.983165 5.102521
4.170081 3.858238 3.831425
3.853987 4.015889 4.180940
5.102521 4.578164 5.446909
4.180940 4.102254 3.798467
3.831425 3.941111 4.223953
3.858238 4.257334 3.797693
3.797693 3.923375 4.354120
4.223953 3.731882 4.275808
3.941111 4.235627 4.202007
4.275808 4.252676 3.887204
3.731882 4.147001 4.578653
3.887204 4.753543 4.082006
4.252676 4.113273 3.793017
4.082006 3.844572 4.115426
4.753543 4.793592 4.970123
3.793017 4.067767 4.495599
4.115426 4.046984 4.302354
3.844572 4.396450 6.228955
4.970123 3.964269 4.849994
4.302354 4.603224 4.420519
4.046984 4.895068 3.975206
4.420519 4.013202 4.277706
4.603224 4.955131 6.083891
4.277706 4.215752 4.319450
4.013202 4.049719 4.241412
6.083891 4.877340 4.694591
4.319450 5.321873 3.788626
4.215752 4.983286 4.479147
4.241412 4.190250 4.413088
4.479147 4.629089 4.340871
3.788626 3.968398 4.173289
5.321873 4.714915 5.320620
4.173289 3.978905 4.154815
3.968398 4.635356 3.998738
5.320620 4.637375 4.676340
4.154815 3.993433 3.997275
3.978905 4.018990 3.934518
3.998738 3.875950 4.155698
3.934518 3.750626 4.157256
3.997275 3.845079 3.922575
3.993433 3.945683 4.700097
4.700097 4.639489 4.574182
3.922575 3.531159 3.687865
3.845079 5.912227 4.740527
3.687865 3.719209 4.255629
3.531159 3.843158 4.315999
4.740527 4.388093 4.388974
4.255629 4.684455 4.095876
3.719209 5.723440 3.613358
3.613358 4.240196 4.266418
4.095876 4.225390 3.591428
4.684455 4.906450 4.208686
3.591428 4.053097 3.722792
4.225390 4.405880 4.732878
4.208686 4.527885 4.352259
3.722792 3.693957 3.714099
4.053097 3.816415 4.669638
3.714099 3.781933 3.663178
3.693957 4.346685 3.709689
3.663178 3.704575 3.758298
3.781933 4.274035 4.610885
3.709689 3.747098 4.172348
3.758298 4.533677 3.774101
3.704575 4.056721 4.156128
3.774101 4.557468 4.362101
4.533677 4.307500 4.744912
4.362101 4.741770 4.153882
4.557468 4.839793 5.221338
4.153882 3.928573 4.515720
4.741770 4.677065 5.405541
4.515720 4.193344 3.957650
3.928573 3.969744 4.348166
