2.157431 2.127238 1.825450
2.573066 2.675326 2.660928
1.999154 2.175322 2.099442
2.660928 2.526504 2.648781
2.675326 2.146915 2.693400
2.693400 2.526211 2.334869
2.648781 2.546773 2.598636
2.526504 2.645491 2.727964
2.598636 2.343782 2.303456
2.546773 2.534032 2.723083
2.303456 1.980385 2.298172
2.343782 2.360013 2.170773
2.723083 2.522259 2.341322
2.170773 2.177387 2.353593
2.298172 1.949835 1.846999
1.980385 1.971623 2.160004
1.846999 2.117068 2.260507
1.949835 2.074410 2.121830
2.260507 3.420096 2.283671
2.117068 2.940037 2.888138
2.283671 1.871402 2.585316
2.585316 2.522524 2.813235
1.871402 1.938948 2.161531
2.813235 2.522259 2.967944
2.522524 2.191105 2.354734
2.354734 2.338175 2.191084
2.967944 2.486865 3.023806
3.023806 2.184851 2.592012
2.486865 2.020808 2.174960
2.592012 2.004176 2.276987
2.184851 2.364888 2.133067
2.276987 2.189754 2.461985
2.004176 2.364921 2.281174
2.133067 2.285740 2.713285
2.461985 2.002624 2.437480
2.189754 2.530243 2.179789
2.179789 2.313452 2.156817
2.437480 2.203827 2.739079
2.002624 2.177387 1.654671
2.739079 2.370627 2.469349
2.203827 2.544103 2.345709
2.469349 2.175974 2.379653
2.370627 1.983191 2.523134
2.345709 2.296146 2.177387
2.379653 2.505840 2.677838
2.175974 1.963208 2.201681
2.677838 2.359765 3.066344
3.066344 2.559053 2.841087
2.359765 2.363066 2.328837
2.841087 2.472439 2.833289
2.559053 2.174320 2.360013
2.833289 2.154190 2.492361
2.472439 2.358668 2.513662
2.492361 2.166365 2.127090
2.154190 2.331230 2.398761
2.127090 2.141517 2.229348
2.166365 2.333316 2.338642
2.229348 2.160004 2.179446
2.141517 2.020932 1.993275
2.179446 2.133067 1.788713
2.160004 2.202786 2.167444
1.993275 1.793960 2.163230
1.788713 1.807970 1.952013
2.133067 1.986196 2.523503
2.167444 2.302776 2.278758
1.952013 1.749996 1.918953
1.807970 1.829432 1.948491
1.948491 2.111795 1.661066
1.918953 1.980570 2.047294
1.749996 2.008869 2.498006
2.047294 1.932909 2.463965
1.980570 2.291605 1.993278
2.498006 2.629508 2.163230
2.463965 1.797441 2.106484
1.932909 2.170141 2.189399
2.106484 2.218669 2.138948
1.797441 2.174513 2.203025
2.203025 2.098266 1.995359
2.138948 1.819307 2.154661
2.218669 2.339996 2.020932
2.020932 2.004176 2.197560
2.154661 2.887125 2.494685
1.819307 2.453950 2.113278
2.494685 2.186431 2.057724
2.887125 2.572511 2.521644
2.057724 1.840402 2.049206
2.186431 1.737077 1.975314
2.521644 2.500046 2.534349
2.049206 1.908138 2.225503
1.840402 2.000413 1.834423
2.225503 2.218698 2.292749
1.908138 2.921914 2.523134
2.292749 1.981155 2.344597
2.218698 2.005523 1.949089
1.949089 2.182387 1.981404
2.344597 1.933186 2.415257
1.981155 2.209751 1.971464
2.415257 2.341322 2.212634
1.933186 2.093611 2.364888
2.212634 2.161531 2.185478
2.341322 2.321881 2.360013
2.360013 2.363066 2.176085
2.185478 2.185158 2.142467
2.161531 2.173887 2.005773
2.142467 1.987457 1.982986
2.185158 2.330280 2.108139
1.982986 1.999871 1.898641
1.987457 2.353759 2.483397
2.108139 1.997526 2.323045
1.898641 1.980891 2.023611
1.999871 1.810440 1.946166
2.483397 2.179312 2.500578
1.946166 2.172182 2.187451
2.023611 2.189721 2.157576
1.980891 1.933186 2.179482
2.157576 2.065292 2.155906
2.189721 2.128025 2.486896
2.155906 1.845275 2.068296
2.065292 2.001315 2.000041
2.486896 2.345436 2.096835
2.000041 2.523503 2.512236
2.068296 1.835606 2.086015
1.845275 2.130872 2.009034
2.086015 2.000378 2.339766
1.835606 2.156831 2.333109
2.339766 2.036251 2.257388
2.000378 2.007231 2.204851
2.257388 2.168354 2.290456
2.036251 1.847372 1.997971
2.290456 1.999154 2.168488
2.168354 2.505235 2.129484
2.168488 2.213998 2.502875
1.999154 2.186120 2.172215
2.172215 2.271137 2.356129
2.502875 2.168735 2.517085
2.213998 1.995429 2.048539
2.517085 2.397405 2.474286
2.168735 1.800546 1.812899
2.474286 2.025500 2.348127
2.397405 2.547970 2.361124
2.348127 2.186247 2.342421
2.025500 2.030442 1.987989
2.342421 2.546340 2.523013
2.186247 1.976608 1.995429
2.523013 2.332514 2.146697
2.546340 2.899400 2.568780
2.146697 1.839412 2.136222
2.332514 2.221178 2.360913
2.568780 2.135752 2.368315
2.136222 2.340338 2.680180
1.839412 2.355841 2.244237
2.360913 2.346351 2.171518
2.680180 1.957992 2.285386
2.340338 2.714144 2.548464
2.285386 2.019179 2.125459
1.957992 1.947149 2.149920
2.125459 2.177752 2.066749
2.019179 2.161607 2.359243
2.066749 2.151069 1.931290
2.177752 2.033333 1.801797
1.931290 1.811902 2.135170
2.151069 2.042522 1.824190
2.135170 1.888140 2.100850
1.811902 1.829983 1.819307
2.100850 2.012822 2.523013
1.888140 1.824321 2.030442
2.030442 2.292970 2.139376
2.523013 2.349425 2.645379
2.012822 2.701150 2.635319
2.645379 2.302826 2.283642
2.349425 2.184171 2.155751
2.283642 1.987457 2.253155
2.302826 2.203827 2.307602
2.253155 2.333319 2.129181
1.987457 2.336384 2.214318
2.129181 1.836452 2.134300
2.333319 2.544752 2.160257
2.134300 1.995414 2.160257
1.836452 2.322263 2.163230
2.160257 2.163230 2.513314
2.160257 2.122892 1.981231
1.995414 1.966688 1.983535
1.981231 2.354364 2.517085
