4.605146 4.138144 4.652924
4.720575 5.059816 3.868685
4.652924 3.960406 4.578273
4.138144 4.679846 4.824086
3.868685 4.043335 4.108025
4.578273 4.356257 4.479951
3.960406 4.644806 3.938495
4.479951 3.752714 4.509633
4.356257 4.498779 4.365694
4.509633 3.980392 4.425037
3.752714 4.014556 3.984504
4.425037 4.301572 4.365669
3.980392 4.560787 5.127760
4.365669 4.732595 3.866906
4.301572 4.035904 4.223888
4.223888 4.332276 4.479399
3.866906 4.572998 4.254200
4.732595 4.875151 4.363072
4.254200 4.186876 4.536667
4.572998 3.934708 4.748203
4.363072 4.233395 4.270791
4.536667 4.567805 4.623341
4.186876 5.436941 4.160435
4.623341 4.396512 4.098705
4.567805 4.415763 4.157788
4.098705 4.044020 4.642709
4.396512 4.303246 4.419426
4.157788 4.034559 4.637280
4.642709 4.392334 9.360280
4.044020 4.714747 4.767985
4.419426 4.508885 4.329218
9.360280 5.925559 7.316692
4.392334 4.142180 4.482773
7.316692 5.564085 6.127617
6.127617 6.411452 4.681772
4.681772 3.797393 4.463356
4.463356 3.670366 3.907323
3.797393 4.949036 4.270938
4.270938 4.658687 3.925310
3.907323 3.932058 4.701513
3.670366 4.031357 4.336541
4.336541 4.816838 4.249297
4.031357 4.388596 4.243703
4.701513 4.714369 4.159091
3.932058 4.313497 4.156409
4.249297 4.276644 4.286587
4.159091 4.079028 6.785408
4.714369 5.135573 4.958070
6.785408 5.564426 5.449182
5.449182 5.093174 5.216510
5.564426 5.156320 4.858687
5.216510 4.946137 4.659734
5.093174 4.470629 4.508104
4.659734 4.181494 4.312186
4.946137 5.584389 4.532269
4.312186 4.032936 4.700665
4.181494 4.342175 4.723852
4.532269 4.466436 3.948303
4.723852 4.261467 5.040408
4.700665 5.445883 4.462479
4.032936 4.989756 3.913200
4.462479 3.970330 4.487820
5.445883 5.448750 4.127857
4.487820 4.491352 4.437788
3.970330 4.441524 4.336026
4.336026 4.564573 4.476288
4.437788 4.107021 4.250623
4.491352 4.144200 4.804814
4.250623 5.377485 4.637416
4.107021 4.282435 4.278407
4.637416 4.942541 4.648425
5.377485 5.086097 5.796829
4.648425 4.940377 4.551981
5.040655 4.162092 4.423981
4.551981 4.841321 4.513630
4.940377 5.237318 4.162971
4.513630 3.829125 3.969379
4.841321 4.581974 4.613421
3.969379 4.155896 4.865544
3.829125 4.510185 4.191977
4.865544 4.551862 5.398000
4.155896 4.712247 4.763350
5.398000 4.509857 4.243357
4.551862 4.532595 4.652881
4.243357 4.933523 4.476392
4.509857 4.384501 5.017074
4.476392 4.592782 5.497032
4.933523 4.812861 4.674167
5.497032 4.726340 4.720976
4.592782 4.365778 4.505102
4.505102 4.864508 5.016096
4.720976 4.458879 4.590786
4.726340 4.106179 4.118277
4.590786 4.483166 5.171664
4.458879 4.177043 4.517059
4.118277 4.276424 4.326854
4.517059 4.024287 4.619536
5.171664 5.588725 5.277523
4.483166 4.625984 5.347215
5.277523 4.728846 5.024377
5.024377 4.394324 4.280003
4.728846 3.925945 5.051581
4.280003 3.870937 3.983435
4.394324 4.688542 4.747176
3.983435 4.146092 4.877861
3.870937 3.952719 3.771335
4.877861 4.384666 4.718572
4.146092 4.482986 4.878894
4.718572 10.047586 5.556339
4.384666 4.899665 5.046789
5.046789 4.549202 4.521150
5.556339 4.469628 6.057194
6.057194 4.541570 8.395017
4.469628 4.531837 4.424571
4.424571 4.099082 4.431295
8.395017 5.702037 6.511095
4.541570 4.508726 4.753843
4.753843 4.201789 4.062091
6.511095 4.231374 4.919541
5.702037 4.313014 5.144958
4.919541 5.009856 5.308161
4.231374 3.939052 4.472638
5.308161 4.628368 4.571951
5.009856 4.482967 4.456392
4.571951 4.178128 4.166004
4.628368 4.494135 4.892080
4.166004 4.608034 4.638713
4.178128 5.086790 4.515514
4.638713 5.048735 4.515217
4.608034 4.546930 4.717832
4.515217 4.262185 3.833067
5.048735 5.423340 4.557940
3.833067 4.054345 3.433818
4.262185 4.224412 4.173488
3.433818 4.013602 3.636246
4.054345 4.011402 4.165062
3.636246 3.892932 4.106778
4.013602 4.338976 4.638578
4.106778 4.139356 4.130117
3.892932 3.884282 4.126078
4.126078 4.008504 4.115229
4.130117 3.638528 3.705426
4.139356 4.563798 4.359651
3.705426 3.800037 3.881299
3.638528 3.382459 4.733263
3.881299 4.376484 4.589543
3.800037 4.274535 3.923464
3.923464 4.788926 4.453848
4.589543 4.496082 4.708078
4.376484 4.756054 4.328616
4.328616 4.575096 4.666633
4.708078 4.139521 4.280520
4.496082 4.395104 4.317262
4.317262 4.368516 4.835519
4.280520 4.562109 4.493613
4.139521 4.168521 3.913867
4.493613 3.876751 3.919717
4.562109 4.167621 4.766767
3.919717 4.099735 4.697319
3.876751 4.204430 3.661315
4.697319 5.047888 4.673698
4.099735 4.551152 4.071804
3.661315 4.080110 4.306266
4.673698 4.695083 4.374689
5.047888 5.509412 4.176120
4.374689 5.003679 5.153530
4.695083 4.924357 5.035805
5.153530 4.305067 5.153467
5.003679 4.672062 4.969637
5.153467 4.434783 4.170616
4.305067 3.836220 4.384394
4.384394 4.451940 4.290950
4.170616 4.050322 4.911056
4.434783 4.134853 4.308235
4.911056 4.026332 4.122893
4.050322 4.162469 4.343282
4.343282 4.568859 4.521312
4.122893 5.209213 4.385901
4.026332 4.227314 5.349999
4.385901 7.843926 4.554027
5.209213 5.384230 5.054143
5.349999 4.285725 5.649090
