2.285359 2.105570 2.074707
2.161531 1.963208 1.973038
2.074707 1.971078 2.203371
2.105570 1.838879 1.984615
1.973038 2.115955 2.126674
2.203371 2.496978 2.700363
1.971078 2.019703 2.199421
2.199421 2.332551 2.021611
2.700363 2.539735 2.830872
2.496978 2.121830 2.539863
2.539863 2.152902 2.215262
2.830872 2.350512 2.500891
2.539735 2.194605 2.127144
2.500891 2.335235 2.232029
2.350512 1.998538 2.167731
2.167731 2.157282 2.234549
2.232029 2.020174 2.252977
2.335235 2.185062 2.003331
2.252977 2.363613 2.465684
2.020174 2.001866 2.168284
2.168284 2.154518 1.866944
2.465684 2.350302 2.511638
2.363613 2.523689 2.697611
2.511638 2.350229 2.585558
2.350302 2.159994 2.517248
2.585558 2.229979 2.111998
2.350229 2.175886 2.012822
2.111998 1.786864 2.103417
2.229979 2.134835 1.973411
1.973411 2.459232 2.360013
2.103417 2.163230 2.252977
1.786864 2.020720 2.211824
2.252977 2.138923 2.396987
2.163230 1.908650 2.172510
2.211824 2.325773 2.161885
2.172510 1.837780 1.821866
2.396987 2.272369 2.587661
2.138923 2.135135 2.157887
2.157887 1.944997 2.159807
2.587661 2.183195 2.254867
2.272369 2.008301 2.160004
2.254867 1.983423 1.995429
2.183195 2.008106 2.530360
1.995429 2.009523 2.109362
1.983423 2.001866 1.811902
2.530360 2.100358 2.342347
2.109362 2.185980 2.734219
2.009523 1.825028 1.961155
1.811902 1.971822 2.000378
1.961155 2.127599 2.010107
2.734219 1.955830 1.955151
2.185980 1.997077 2.152703
1.955151 2.124964 2.289615
1.955830 2.360794 2.492520
2.289615 2.161531 1.925085
2.124964 1.960349 1.987723
2.492520 2.645223 2.357816
1.925085 2.014413 2.077502
2.161531 2.022071 2.010107
2.010107 2.325368 1.855212
2.077502 1.816139 2.174779
2.014413 1.844719 1.825241
1.825241 2.286690 2.340841
2.174779 2.009523 2.113596
1.816139 1.997077 1.987989
2.113596 2.189088 1.942122
2.009523 2.129341 2.032438
1.942122 1.942684 2.252366
2.189088 2.365655 1.986484
1.986484 1.790214 1.807970
2.252366 2.179482 2.734079
1.942684 2.022736 2.195741
2.195741 2.180754 2.180062
2.734079 2.184304 2.502875
2.179482 2.357453 2.177295
2.502875 2.148145 2.309932
2.184304 2.375658 2.805409
2.309932 2.173153 2.078932
2.148145 3.094156 3.292334
2.805409 2.389689 2.354892
2.078932 1.821285 2.106043
2.173153 1.991434 1.997526
3.292334 2.889857 2.693648
1.997526 2.151306 1.973411
2.106043 1.875259 1.772695
1.821285 2.012822 2.018562
1.772695 1.974381 1.967047
1.875259 1.832316 1.786138
2.018562 2.274877 2.034113
1.967047 1.846761 2.105492
1.974381 2.184471 1.854212
2.105492 1.988787 2.103249
1.846761 1.861277 1.793143
2.103249 2.012822 2.484322
2.484322 2.359578 2.625901
2.012822 1.987457 2.184171
2.184171 1.834642 1.821285
2.625901 2.015184 2.304070
2.359578 2.712796 2.516993
2.304070 1.823554 2.057970
2.015184 2.127882 2.160193
2.057970 1.925725 2.109214
1.823554 2.037294 1.996846
2.109214 1.995429 2.043026
1.925725 2.179993 1.857917
2.043026 2.030526 1.812965
1.995429 2.160519 1.817195
1.812965 1.823816 2.227513
2.030526 1.837602 2.007818
2.007818 2.123452 2.025360
2.227513 1.808029 1.828327
1.823816 2.573955 2.512236
1.828327 1.981155 2.352286
1.808029 1.795882 1.859103
2.352286 2.363819 2.096625
1.981155 2.363819 2.387483
2.096625 2.003900 2.027402
2.363819 2.204726 2.199387
2.027402 2.034248 2.233187
2.003900 1.794601 2.189421
2.199387 2.300271 2.512236
2.233187 2.066262 2.238607
2.034248 1.995429 2.170523
2.238607 2.180807 2.806402
2.066262 2.568815 2.867808
2.170523 2.302094 1.826964
2.806402 1.993278 2.474599
2.180807 1.812899 1.812899
2.474599 1.792429 1.952853
1.993278 1.929020 1.842865
1.952853 1.810822 1.920233
1.792429 1.637234 1.810181
1.842865 2.321266 2.363288
1.810181 2.184171 1.982933
1.920233 1.946104 1.676314
1.810822 1.811325 2.120071
1.676314 2.955031 3.242520
1.946104 1.989030 1.925257
1.925257 1.976702 1.851848
3.242520 2.185158 2.515057
2.955031 2.360211 2.537514
2.515057 2.050592 1.945154
2.185158 2.154518 2.327561
1.945154 1.980614 1.769916
2.050592 1.993278 1.990354
1.990354 2.154518 2.521427
1.769916 2.032854 1.995429
1.980614 1.849027 2.151190
1.995429 2.180807 2.306732
2.032854 1.808068 2.186630
2.151190 2.343002 2.191436
2.306732 1.978702 2.100026
2.180807 2.179482 1.987055
2.100026 1.985613 1.807306
1.978702 2.153468 2.152692
1.807306 2.030442 2.091711
1.985613 2.230790 2.331959
2.331959 2.306658 2.509153
2.091711 1.862806 1.919174
2.030442 1.810817 1.987457
1.919174 1.810822 1.886534
1.862806 1.987723 2.101958
1.886534 1.812899 1.888307
1.810822 2.010080 2.021749
2.101958 2.157968 2.177387
1.888307 1.812899 1.718540
1.718540 1.796884 2.044746
1.812899 2.015686 2.332538
2.329086 2.321978 2.324143
2.044746 2.142551 1.895907
1.796884 2.135645 1.973038
2.332538 2.147439 1.816139
1.895907 1.588384 1.946104
2.142551 1.692749 1.922826
1.922826 1.984454 1.789616
1.946104 1.824321 1.745075
1.588384 2.293762 2.318760
1.745075 1.824321 1.654348
1.824321 1.637234 1.852539
1.852539 2.113973 2.178773
1.654348 1.919921 1.750793
1.824321 1.904153 2.322607
2.322607 2.641392 2.159609
1.750793 1.690594 1.940274
1.919921 1.820092 1.996824
1.940274 1.836187 1.940970
1.690594 2.032214 1.824190
1.940970 1.683383 1.777575
1.836187 2.003837 1.984110
1.777575 1.997077 1.939491
1.984110 2.202976 1.995429
1.939491 2.001315 2.338642
1.997077 2.430763 2.322647
2.338642 1.946738 2.126173
2.001315 1.900804 1.866904
2.322647 2.259001 1.632731
2.126173 2.396898 2.206365
1.946738 2.310469 2.363819
