5.052529 4.176366 4.979699
4.221500 4.993034 4.811837
4.811837 4.403857 4.301775
4.979699 4.489336 5.074180
4.176366 3.794796 4.484217
5.074180 4.368037 4.719270
4.489336 4.263132 4.365230
4.365230 4.343673 4.080364
4.719270 4.148029 6.830383
4.368037 4.508397 3.611473
3.611473 4.310956 4.347746
6.830383 4.975349 5.104570
4.148029 3.987510 4.714412
5.104570 4.916826 4.794446
4.975349 5.005469 4.721704
4.721704 4.228390 4.287082
4.794446 4.497028 4.890516
4.916826 4.824306 5.192020
4.890516 4.345991 4.405568
4.497028 4.566768 4.227663
4.405568 3.979815 4.490868
4.345991 4.471348 4.082587
4.490868 4.091300 4.452370
3.979815 4.069583 4.664524
4.082587 3.696063 4.169673
4.664524 4.402021 5.013624
4.452370 3.652771 4.213244
4.091300 4.389449 4.111396
4.213244 4.372610 4.293540
3.652771 3.942406 4.190758
4.190758 4.364434 4.355340
4.293540 4.376550 4.228056
4.372610 4.375829 6.803421
4.228056 4.324450 4.763512
4.376550 3.920098 5.055350
5.055350 5.237161 4.291574
4.763512 4.683506 5.010779
4.324450 4.359573 4.824991
5.010779 4.966276 4.275341
4.683506 4.566067 4.682214
4.682214 4.351758 4.504404
4.275341 4.788244 4.644965
4.966276 4.617369 5.158991
4.644965 3.920508 4.642484
4.788244 4.762490 4.394454
4.642484 4.110763 4.880810
3.920508 4.100749 4.822544
4.822544 4.668040 4.428737
4.880810 4.306845 4.343743
4.110763 4.409913 4.818356
4.343743 4.057511 4.511249
4.306845 4.668918 4.336477
4.511249 4.124364 3.785039
4.057511 4.293689 4.484633
4.336477 4.366659 4.437519
3.785039 4.675244 4.833690
4.124364 4.355960 4.688562
4.833690 5.065812 4.538352
4.675244 6.850527 5.199507
5.199507 4.823721 5.509129
4.538352 3.955888 4.287137
5.065812 5.603511 5.919875
4.287137 3.994128 4.245869
3.955888 4.130587 4.458885
4.458885 5.168942 5.033855
4.245869 4.112080 3.655220
3.994128 3.913857 4.444734
3.655220 3.007742 3.156856
3.156856 4.045782 4.282456
3.007742 3.667845 7.227214
4.282456 6.439302 6.310134
4.045782 4.291977 4.188028
6.310134 4.505772 5.166424
6.439302 6.939840 6.078810
5.166424 4.666620 4.497750
4.505772 5.269774 4.817060
4.497750 3.956902 4.726565
4.666620 4.453888 5.378169
4.726565 4.305548 4.615509
3.956902 4.779350 5.394100
4.615509 4.546024 4.600588
4.305548 4.907096 4.598643
4.600588 4.138418 4.901385
4.546024 4.517621 4.985940
4.901385 4.529543 6.303108
4.138418 5.208153 4.299371
4.299371 4.308961 3.919594
6.303108 5.766253 5.213212
4.487348 4.572347 4.159270
5.213212 4.423878 4.778929
5.766253 5.758185 4.899354
4.778929 4.139838 4.375683
4.423878 4.696788 4.472427
4.375683 4.230170 5.073340
4.139838 5.108558 4.637332
5.073340 4.225845 4.305178
4.230170 3.944837 6.500412
4.305178 3.815702 4.154965
4.225845 4.195585 6.243449
4.154965 5.027434 4.362084
3.815702 4.415716 4.380081
4.380081 4.468519 4.097897
4.362084 4.623366 4.247868
5.027434 4.612876 4.341136
4.247868 4.121915 3.722082
3.722082 4.183207 4.427649
4.121915 4.329918 4.695159
4.427649 4.848196 4.594494
4.183207 4.950806 4.307714
4.594494 4.494958 4.102523
4.848196 4.278296 4.504518
4.102523 4.148625 4.074624
4.494958 4.136023 3.789799
4.074624 4.028484 3.896804
4.148625 4.585146 4.278604
3.789799 4.383214 4.203112
3.896804 4.193095 4.170017
4.028484 4.406119 4.700862
4.700862 4.187220 4.198429
4.170017 4.493041 4.438723
4.193095 4.448138 4.461854
4.438723 4.182374 4.653205
4.493041 4.719778 5.843392
4.653205 4.518132 4.704811
4.182374 4.452086 4.843011
4.704811 4.328112 4.479535
4.518132 4.368130 4.624756
4.624756 4.346968 4.590654
4.479535 4.335196 4.736393
4.328112 4.113978 4.570485
4.736393 4.115675 4.621235
4.335196 5.069637 4.294353
4.621235 4.535352 4.643132
4.115675 4.867890 4.113625
4.643132 4.340007 5.033990
4.535352 5.010636 4.960387
5.033990 4.047818 5.138597
4.340007 4.444323 5.030569
5.030569 4.037629 4.366017
5.138597 4.669561 4.638217
4.047818 4.001347 4.299586
4.638217 4.131459 4.079166
4.669561 5.241678 4.475104
4.079166 3.949552 4.402297
4.402297 4.002746 4.930112
3.949552 4.131735 3.825943
4.930112 3.944118 4.867188
4.002746 4.115867 4.199570
4.867188 4.359538 5.729245
3.944118 4.855635 4.475959
5.729245 5.428712 5.559319
4.359538 5.525653 4.558368
5.559319 4.203489 5.354313
5.428712 5.371434 4.902197
5.354313 5.060901 4.891644
4.203489 4.088433 5.452916
4.891644 4.137392 4.469089
5.060901 3.753880 4.320187
4.469089 3.628848 4.113158
4.137392 4.198496 3.999037
4.320187 4.228395 4.819260
4.113158 4.473143 5.145214
3.628848 3.948593 4.134383
4.134383 4.233985 4.300155
5.145214 3.821173 4.554498
4.473143 4.485469 4.393979
4.554498 4.013808 4.019154
3.821173 3.955499 3.658323
4.019154 3.824659 4.208821
4.013808 4.486971 3.884171
4.208821 4.244447 3.968333
3.824659 4.656837 4.476043
3.884171 4.140080 3.887989
4.476043 4.372791 4.462546
3.968333 4.002238 4.393668
4.244447 4.482217 4.135259
4.135259 4.580089 5.050292
4.393668 4.918100 4.404373
4.002238 4.541449 4.152198
