2.329196 2.287469 2.802640
3.021206 2.149220 2.139013
3.337074 2.259821 2.243120
5.235891 2.598214 2.397101
2.802640 1.859081 2.783987
2.287469 2.057891 2.215543
2.783987 2.302645 2.314053
1.859081 2.526347 2.465220
2.314053 2.068186 2.261482
2.302645 2.149497 2.176406
2.261482 2.432817 2.815177
2.068186 2.019343 2.345402
2.176406 1.964478 2.011015
2.345402 2.488662 2.549354
2.815177 2.030526 2.644236
2.432817 2.233531 2.257764
2.644236 2.040873 1.881242
2.030526 2.733647 2.708888
2.257764 2.173887 2.170523
1.881242 1.693438 2.070130
2.040873 1.969664 2.046693
2.070130 1.864022 1.769864
1.693438 2.064826 2.063966
1.769864 1.813731 2.108254
1.864022 1.762325 2.121830
2.063966 2.339720 2.013103
2.121830 2.020912 2.103059
2.108254 2.028683 2.034360
1.813731 1.976750 2.130968
2.034360 2.350512 2.498924
2.028683 2.179446 2.002292
2.002292 2.141601 1.855212
2.498924 2.202048 2.660928
2.350512 2.308056 2.351245
2.660928 2.497805 2.433125
2.202048 2.172182 2.155180
2.433125 2.664469 3.214886
2.497805 2.342347 2.176972
2.176972 2.507768 1.974170
3.214886 2.706642 2.644735
2.664469 2.112210 2.003362
2.003362 2.157128 2.152022
2.644735 2.555918 2.326141
2.706642 2.942622 3.100485
2.326141 2.172182 2.302904
2.555918 2.699204 3.065108
2.302904 1.900950 2.301874
2.172182 2.243963 2.184033
3.065108 2.560156 2.586870
2.184033 1.985873 2.192897
2.301874 2.030373 2.268749
1.900950 2.341322 1.957532
2.268749 2.206449 2.625912
2.030373 2.134012 2.025564
2.625912 2.573439 2.830158
2.206449 2.367837 2.375128
2.830158 2.227705 2.439224
2.573439 2.325368 2.258637
2.258637 2.831493 2.730129
2.439224 1.988904 2.457280
2.227705 2.370627 2.211029
2.457280 2.009551 2.017245
1.988904 1.706355 1.946166
2.211029 2.165724 2.041435
2.017245 2.151790 2.604826
2.009551 1.812990 2.051485
2.051485 2.165450 2.550827
2.604826 2.140905 2.517085
2.151790 1.987457 2.500619
2.517085 2.161531 2.476681
2.140905 2.216598 1.987723
2.476681 1.861277 2.256055
2.161531 1.987989 2.389422
2.256055 2.413759 2.396428
1.861277 2.204299 2.379953
2.389422 1.988390 1.889451
2.396428 2.017675 2.618085
2.413759 2.002774 1.991244
2.618085 2.003886 2.108215
2.017675 1.998538 2.175386
2.108215 1.999154 2.263985
2.003886 2.361937 1.961992
2.263985 3.075278 1.990100
1.999154 1.860184 1.956609
1.990100 1.944531 2.263111
3.075278 2.330923 2.426793
2.426793 2.355672 1.864022
2.263111 2.032417 2.252152
1.944531 1.855212 2.184573
2.252152 1.977582 2.066315
2.032417 1.987989 1.977582
2.184573 2.325773 2.389016
2.066315 1.984454 2.430798
1.977582 1.987554 2.289230
2.289230 2.151554 2.176972
2.430798 2.158724 2.211698
1.984454 1.978016 2.149094
2.211698 2.208337 1.919692
2.158724 2.202781 2.335070
1.919692 2.713421 3.157795
2.208337 1.987554 2.198174
2.198174 2.497578 2.505486
3.157795 2.562851 4.080586
2.713421 3.092378 2.189566
4.080586 2.994514 3.321480
3.321480 2.310575 4.579829
2.994514 3.851094 2.542022
4.579829 3.073417 3.628379
2.310575 1.863446 1.797441
3.628379 3.124605 2.898704
3.073417 2.480572 3.046178
2.898704 2.339670 2.335044
3.124605 2.343809 2.514273
2.514273 2.159807 1.996588
2.335044 1.836636 2.160240
2.339670 2.065600 2.029007
2.160240 1.837602 2.260331
1.836636 2.180114 2.037339
2.260331 2.226668 2.429807
1.837602 2.911305 2.756383
2.429807 2.308257 2.202693
2.226668 1.871480 1.987989
1.987989 1.798100 1.842937
2.202693 2.265440 2.158425
2.308257 2.011398 2.175513
2.158425 2.186630 2.552148
2.265440 2.342140 2.069216
2.552148 2.005467 2.363819
2.186630 2.528740 2.040493
2.363819 2.027385 2.179446
2.005467 2.021815 2.367837
2.179446 1.949835 2.147394
2.027385 2.011695 1.974456
2.367837 2.687209 2.553381
1.974456 2.183314 1.824190
2.147394 1.816791 1.969598
1.949835 1.835452 2.002226
2.002226 2.160446 1.623950
1.969598 1.822893 2.152432
1.816791 2.019793 2.024084
2.152432 2.008302 2.224598
1.822893 1.694091 1.841952
2.224598 1.811902 1.911798
2.008302 2.194245 2.021611
1.911798 2.004130 2.081537
1.811902 2.360619 2.369208
2.021611 1.852545 1.953894
2.081537 1.837602 2.123154
2.004130 1.996335 1.830736
2.369208 2.164371 2.602667
2.123154 2.109551 2.142186
1.837602 2.042692 1.806808
2.142186 1.930971 2.402337
2.109551 1.974661 2.393028
2.402337 1.992424 2.216305
1.930971 1.980570 1.995099
2.393028 3.218647 2.908630
2.216305 2.188000 2.049193
1.992424 2.002292 2.187200
1.995099 2.274589 2.026048
2.187200 2.287021 2.158527
2.049193 1.809872 2.013492
2.188000 2.547099 2.567782
2.013492 1.948604 2.217391
1.809872 1.818276 2.134012
2.567782 2.492388 2.548358
2.217391 2.146915 2.023319
1.948604 1.832316 2.157282
2.134012 2.101379 1.857177
2.157282 2.112020 1.844092
2.023319 1.895254 1.962309
2.146915 1.858010 2.172418
2.172418 2.497576 2.024443
1.962309 1.832974 2.081423
1.895254 1.987457 1.837780
2.081423 1.929290 1.686220
1.832974 1.836187 1.787020
1.837780 2.498055 2.433434
1.686220 2.013910 2.057218
1.929290 1.918457 1.755463
1.755463 1.809670 1.850627
2.057218 1.798942 2.262751
2.013910 2.222833 2.176094
2.262751 1.634286 1.920233
1.798942 1.849027 2.181296
2.176094 2.165940 2.021273
1.920233 1.694241 1.925085
1.634286 1.976702 1.988390
1.925085 1.668162 1.888307
1.694241 1.871193 1.822512
1.888307 1.812899 1.591990
1.668162 1.812965 1.998677
1.822512 1.812965 1.771560
1.591990 1.880895 1.942505
1.812899 1.894250 2.002292
1.942505 1.694091 2.054735
1.880895 2.064844 2.309243
2.054735 2.148996 2.152240
1.694091 2.208937 2.186601
2.152240 2.059719 1.956198
2.148996 2.159807 2.526571
1.956198 2.182560 2.272355
2.059719 2.132421 1.820553
