2.506337 2.336083 2.651042
2.146915 1.842937 2.340181
2.340181 2.471330 2.361937
2.651042 2.391894 2.657674
2.336083 1.987723 1.997923
2.657674 2.507802 2.474835
2.391894 1.950671 2.332551
2.332551 2.321978 1.996003
2.474835 2.169230 2.486396
2.507802 2.136404 2.175692
2.175692 1.946630 1.824190
2.486396 3.662390 3.176556
2.169230 2.014248 2.170724
3.176556 2.229094 2.775762
3.662390 2.745145 2.569342
2.569342 2.313900 2.391664
2.775762 1.995429 2.642541
2.229094 2.342140 2.528613
2.642541 2.137214 2.689953
1.995429 2.340942 1.989030
2.689953 1.977582 2.316566
2.137214 1.970928 2.171547
2.316566 1.961660 2.435832
1.977582 1.863446 1.974661
2.171547 1.976702 2.058788
1.974661 2.149220 2.501649
2.435832 2.192734 2.103417
1.961660 2.010294 1.985016
2.103417 2.000821 2.124360
2.192734 1.807650 1.810181
1.810181 1.922826 2.208948
2.124360 2.015184 2.102008
2.000821 2.171425 2.200835
2.102008 1.829648 2.285386
2.015184 2.015149 2.189207
2.189207 2.619179 2.362232
2.285386 2.322920 2.434807
1.829648 2.004176 2.171425
2.434807 2.353420 2.478179
2.322920 2.355900 2.360013
2.360013 2.252201 2.360660
2.478179 2.011979 2.157576
2.353420 2.514156 2.317291
2.157576 2.286335 2.265345
2.011979 2.106484 2.653367
2.265345 2.032380 2.488125
2.286335 1.916372 2.096863
2.096863 2.324741 2.322594
2.488125 2.352759 2.453350
2.032380 1.995414 2.062028
2.453350 1.835122 2.305352
2.352759 2.161531 2.140650
2.305352 1.983494 2.312041
1.835122 1.987989 2.177387
2.140650 2.342265 1.794254
2.312041 1.952366 1.762666
1.983494 1.983535 2.144985
1.762666 2.405264 2.434708
1.952366 2.194652 2.378892
2.378892 2.869698 2.361056
2.434708 2.173294 2.300848
2.405264 2.388519 2.690009
2.300848 2.036532 2.292749
2.173294 1.665640 2.002292
2.002292 2.304334 2.144828
2.292749 2.152240 1.895924
2.036532 1.788308 2.025500
1.895924 1.832246 1.886997
1.886997 1.574922 1.505283
1.832246 1.570828 1.455822
1.505283 2.150313 2.089787
1.574922 2.082534 1.921789
2.089787 2.960940 3.319797
2.150313 3.198272 3.203804
3.319797 2.468847 2.597525
2.960940 2.307901 2.127103
2.597525 2.324606 2.200872
2.468847 2.334321 2.363819
2.200872 2.303990 2.241906
2.324606 1.926303 1.955168
2.241906 2.338683 2.255683
2.303990 2.189846 1.993275
2.255683 2.193594 2.239914
2.338683 2.282553 2.341322
2.239914 2.365603 2.518506
2.193594 2.022071 2.123342
2.123342 2.114252 2.007211
2.518506 2.724588 3.560187
2.560537 2.262480 2.043145
3.560187 2.382964 2.654410
2.724588 2.896040 2.891538
2.654410 2.207138 2.420415
2.382964 2.255347 2.196534
2.420415 2.106484 2.187771
2.207138 1.984454 2.120936
2.187771 2.344931 2.695255
2.106484 1.952719 2.179260
2.695255 1.977395 2.161892
2.344931 2.191403 1.987055
2.161892 1.807970 2.118088
1.977395 1.802111 2.041435
2.041435 2.179446 2.172390
2.118088 1.993278 2.204971
1.807970 2.382095 2.394459
2.204971 1.969664 2.123452
2.123452 1.618875 1.982986
1.969664 1.987723 2.144801
1.982986 2.318840 2.137150
1.618875 2.164399 1.993504
2.137150 2.175881 2.484565
2.318840 2.305932 2.302361
2.484565 2.132120 1.946124
2.175881 2.188875 2.316076
1.946124 1.978702 2.013904
2.132120 1.988787 1.996588
2.316076 1.985194 1.788141
2.013904 1.816791 1.879198
1.978702 1.874196 2.054158
2.054158 2.282856 2.349377
1.879198 1.836482 2.252977
1.816791 1.995522 2.149920
2.252977 2.160257 2.261367
1.836482 2.353759 1.997077
2.261367 2.158756 2.410987
2.160257 2.191951 2.015184
2.410987 2.387520 2.278528
2.158756 2.200835 2.177387
2.177387 2.456868 2.184171
2.278528 2.002278 2.442576
2.387520 1.995429 2.357899
2.442576 2.114749 2.525523
2.002278 2.129103 2.123892
2.525523 2.209641 2.287743
2.114749 2.173294 1.928183
2.287743 2.175974 2.427437
2.209641 2.032083 2.322647
2.427437 2.331886 2.680520
2.175974 1.965980 2.384008
2.384008 2.517085 2.740263
2.680520 2.173294 2.775091
2.331886 2.009101 1.819872
2.775091 2.162576 2.426278
2.173294 2.181890 2.339885
2.426278 1.908565 2.098993
2.098993 1.986422 2.237189
1.908565 1.805006 2.158425
2.237189 2.204851 2.593974
1.986422 1.996824 1.837943
2.593974 2.342284 2.445262
2.204851 1.823816 1.981276
2.445262 2.712659 3.166272
2.342284 2.307882 1.978016
3.166272 2.475312 3.029277
2.712659 2.693406 2.666789
3.029277 2.548464 2.777512
2.475312 2.154518 2.146235
2.777512 2.148591 2.681620
2.548464 2.367742 2.628849
2.681620 2.188513 2.316566
2.148591 2.020932 2.009978
2.628849 1.952744 2.330425
2.316566 1.985005 2.089280
2.188513 1.832974 1.797780
1.797780 2.014055 1.996138
2.089280 2.339996 2.643147
1.985005 2.174779 2.145308
2.643147 2.184033 2.310610
2.339996 2.025500 1.834423
2.310610 1.883095 2.106894
2.184033 1.986484 1.812899
2.106894 2.048942 1.971241
1.883095 1.835606 1.824190
1.812899 1.924279 1.809117
1.824190 2.183980 2.172182
1.971241 1.814332 2.089509
2.048942 2.014340 2.147718
2.147718 2.142946 1.873266
2.089509 2.001315 2.217129
1.814332 1.857177 1.959773
