4.205810 3.716272 4.311947
4.095761 4.282189 4.264082
4.311947 4.185423 5.234160
3.716272 5.204079 5.610578
4.264082 4.277739 4.237287
5.234160 4.739649 5.335181
4.185423 4.722609 4.382158
4.382158 4.428136 3.889210
5.335181 4.541509 5.002112
4.739649 4.508785 4.389737
4.389737 4.387507 4.823969
5.002112 4.334377 4.588094
4.541509 5.247568 4.280288
4.588094 4.322844 4.291730
4.334377 4.431659 4.503452
4.503452 4.840547 5.061673
4.291730 4.346970 5.066630
4.322844 4.531591 4.295542
5.066630 5.191168 4.811570
4.346970 4.035738 4.194358
4.194358 4.593566 4.113416
4.811570 4.642989 5.147515
5.191168 4.593829 4.651417
5.147515 4.046314 4.300716
4.642989 4.925936 4.314578
4.300716 4.083956 3.868297
4.046314 3.827192 4.514347
3.868297 4.248167 4.417106
4.083956 4.294703 4.835989
4.835989 5.085103 4.204823
4.417106 3.991665 4.621160
4.248167 4.099501 4.440659
4.621160 4.310423 4.954277
3.991665 4.079507 3.835918
4.440659 4.655122 5.006775
3.835918 3.710252 4.072346
4.954277 4.237436 4.466410
4.310423 4.212403 4.041101
4.041101 4.038048 4.275125
4.466410 4.567678 4.219242
4.237436 4.490492 4.348474
4.219242 3.960342 4.116880
4.567678 5.258114 4.484580
4.116880 3.981344 4.839016
3.960342 4.690640 3.985229
4.484580 5.037245 4.520408
4.839016 4.252141 3.968657
3.981344 4.288358 4.296245
3.985229 3.716741 4.799549
4.296245 3.818703 4.119523
3.968657 4.856395 4.461449
4.252141 4.840441 4.735135
4.461449 3.977977 4.081677
4.856395 4.654777 5.034470
4.081677 4.183350 4.182831
3.977977 4.644238 4.501011
5.034470 5.152955 5.497324
4.182831 3.892692 3.981509
4.183350 3.969372 4.196433
4.196433 4.841547 4.450123
3.981509 4.120858 4.091493
3.892692 4.299322 4.701819
4.701819 4.300778 4.432943
4.091493 4.300844 4.269634
4.120858 4.815451 4.716614
4.269634 4.349512 4.282083
4.300844 4.475134 4.141909
4.282083 4.298982 4.858381
4.349512 4.467762 3.716718
3.716718 4.219066 4.006365
4.858381 4.478967 4.837276
4.298982 4.016263 4.461402
4.461402 4.181900 4.546578
4.837276 5.309784 4.474289
4.478967 4.609620 4.529268
4.474289 6.526753 4.252090
5.309784 4.215686 4.849230
4.252090 4.144291 4.114586
6.526753 5.168576 5.607018
4.849230 4.445189 4.806365
4.114586 3.820173 3.610555
4.144291 4.260946 4.086748
5.607018 5.273505 4.486213
4.086748 4.753670 3.992548
3.610555 3.734050 4.127525
3.820173 3.989816 4.334989
4.127525 4.177031 3.923304
3.734050 4.060897 3.983174
4.334989 4.449720 4.462433
3.923304 3.749635 4.250046
4.177031 4.418596 4.205078
4.250046 4.164195 4.513290
3.749635 4.350540 4.457674
4.513290 4.172638 5.050770
5.050770 5.295829 4.487340
4.172638 4.101607 3.830500
3.830500 4.264320 4.108200
4.487340 4.340924 3.960926
5.295829 4.754903 4.996915
3.960926 4.045430 4.017428
4.340924 4.177231 4.263453
4.017428 3.974281 4.033407
4.045430 4.803344 4.168736
4.033407 4.135365 4.030421
3.974281 4.156246 3.485820
4.030421 3.843791 4.022361
4.135365 4.220334 4.452429
4.022361 5.307876 3.860731
3.843791 4.313435 4.328977
4.328977 4.629957 5.026954
3.860731 3.722429 4.363413
5.307876 5.217402 4.696856
4.363413 4.708142 4.425487
3.722429 3.820943 4.286916
4.425487 4.514795 4.082032
4.708142 4.330122 4.649210
4.082032 3.959811 4.425066
4.514795 4.616427 4.861021
4.425066 4.154629 4.279288
3.959811 4.505489 4.852595
4.861021 4.418158 4.811658
4.279288 5.455665 5.138128
4.154629 4.077778 4.130648
5.138128 3.775602 4.526470
5.455665 5.104866 5.604125
4.130648 4.249297 4.117949
4.526470 3.996339 3.955983
3.775602 3.495491 3.397817
3.955983 3.723302 3.816814
3.996339 4.026490 4.709692
3.816814 4.021049 3.821622
3.723302 4.145206 3.938846
4.709692 4.310863 4.278596
3.938846 4.158696 4.147360
3.821622 3.945749 6.240443
4.021049 4.007724 4.474529
6.240443 4.889100 4.860237
3.945749 3.579992 4.006811
4.006811 4.323169 5.012293
4.860237 4.555627 3.976337
4.889100 4.242202 4.480742
3.976337 4.163820 3.749745
4.555627 4.489000 4.475751
3.749745 4.185368 4.020922
4.163820 4.674283 4.735868
4.735868 4.527859 4.690648
4.020922 4.054775 4.662265
4.185368 4.273600 4.497545
4.662265 4.300666 4.120467
4.054775 3.976270 3.623883
4.497545 4.570352 4.470336
4.120467 4.324857 3.703634
4.300666 5.424429 4.327189
3.703634 4.388038 4.219825
4.324857 4.296619 4.369997
4.219825 3.785233 3.868980
4.388038 4.724967 4.991929
4.991929 4.367729 5.007291
3.868980 4.282255 3.926756
3.785233 4.695964 4.129060
3.926756 4.217810 3.766322
4.282255 4.255779 4.312364
3.766322 4.170702 3.571159
4.217810 4.138504 8.012505
4.312364 3.916528 5.091603
3.571159 4.568225 3.904305
3.904305 4.343861 4.065871
4.568225 5.856309 3.994339
4.637247 4.278169 4.466656
4.065871 3.681803 3.724983
4.343861 4.348328 4.843315
3.994339 4.084054 5.485264
3.724983 4.660462 3.490664
3.681803 3.798007 3.739417
3.739417 3.876455 3.932204
3.490664 3.752144 3.541717
4.660462 5.334956 4.609239
3.541717 4.371690 3.727573
3.752144 3.901927 4.337571
4.337571 3.995242 4.124745
3.727573 3.790194 3.768184
4.371690 4.619918 4.894939
4.894939 4.650836 4.362600
3.768184 3.983113 3.761457
3.790194 4.664355 4.672301
3.761457 4.016350 3.539058
3.983113 4.559453 4.141230
3.539058 4.299564 3.902404
4.016350 4.279125 4.195344
3.902404 4.750833 4.329764
4.195344 4.555860 3.650544
4.329764 3.913499 4.200790
4.750833 4.327035 3.982482
4.200790 4.851031 4.677922
3.913499 3.809275 4.203723
3.982482 4.705052 3.797816
4.677922 5.205956 4.284091
4.851031 4.124386 4.498437
