3.967306 4.453230 3.975144
5.397019 5.007996 5.132317
4.264362 4.593724 4.638051
5.132317 5.440982 5.312873
5.007996 4.326900 4.844148
4.844148 4.660206 4.927394
5.312873 5.309602 4.729612
5.440982 5.552670 5.099088
4.729612 4.599599 4.521541
5.309602 5.179517 4.935515
4.521541 4.282724 3.876416
4.599599 4.678279 4.720445
4.935515 4.284029 4.346133
4.720445 4.726858 4.846813
3.876416 4.156843 4.392976
4.282724 4.255726 4.500062
4.392976 5.794194 5.736163
4.156843 4.948220 4.544073
5.736163 8.350206 4.653253
5.794194 4.859692 5.438497
4.653253 4.133072 5.356131
5.356131 4.713876 5.572533
4.133072 3.770491 4.273863
5.572533 4.864434 5.555171
4.713876 4.485517 4.491575
4.491575 4.784662 4.836480
5.555171 4.300891 4.989730
4.989730 4.529704 4.429408
4.300891 5.078282 4.124056
4.429408 4.902899 4.795497
4.529704 4.763636 4.864476
4.795497 4.697529 4.617582
4.902899 4.672945 4.867957
4.864476 4.413339 5.191509
4.617582 3.861644 5.136693
4.697529 4.279211 4.613682
4.613682 4.756936 3.913762
5.136693 5.036033 4.820482
3.861644 4.679763 4.793972
4.820482 4.441696 4.734406
5.036033 4.508009 4.524243
4.734406 4.148014 5.320164
4.441696 4.866416 4.850101
4.524243 4.242265 4.303850
5.320164 4.867848 5.477923
4.148014 4.685919 4.542281
5.477923 4.746510 5.506008
5.506008 4.708813 5.321694
4.746510 4.414857 4.339633
5.321694 4.888674 4.886205
4.708813 4.764819 4.805305
4.886205 4.753524 4.364316
4.888674 5.116020 5.731873
4.364316 4.518385 4.483483
4.753524 4.239433 6.178072
4.483483 4.309872 4.298520
4.518385 5.039831 4.475184
4.298520 4.513089 3.955705
4.309872 4.096109 4.091066
3.955705 4.762512 3.957147
4.513089 4.649700 4.538298
4.091066 3.619885 4.633890
3.957147 3.814636 3.704755
4.762512 5.110328 4.695688
4.538298 4.411351 4.175583
3.704755 4.803797 4.118249
3.814636 3.924398 3.921702
3.921702 4.798238 4.353392
4.118249 4.310785 4.460646
4.803797 3.950382 4.870476
4.460646 4.349988 4.053044
4.310785 5.157759 4.682576
4.870476 4.741816 4.523952
4.053044 4.403622 4.440109
4.349988 4.532735 4.901989
4.440109 4.363466 4.142597
4.403622 4.388452 4.143714
4.143714 4.335771 4.678027
4.142597 4.792829 5.466554
4.363466 5.235840 4.307281
4.307281 4.395005 4.931826
5.466554 5.306410 4.495664
4.792829 4.441580 4.464143
4.495664 3.594714 3.963222
5.306410 4.939377 5.230970
3.963222 3.864481 4.252377
3.594714 3.837718 3.467333
5.230970 4.280369 5.771143
4.252377 5.459858 4.476278
3.864481 4.679360 4.346443
4.476278 3.937214 4.588005
5.459858 4.999055 4.518363
4.588005 4.315410 4.421758
3.937214 3.871733 4.130072
4.130072 4.364742 4.513747
4.421758 4.472741 4.581633
4.315410 4.534004 4.831920
4.581633 4.560649 4.399144
4.472741 4.623469 4.516536
4.399144 4.220552 4.574511
4.560649 4.698675 4.568536
4.568536 5.184215 4.992358
4.574511 4.598957 4.087488
4.220552 5.068200 3.964311
4.087488 5.058545 4.105427
4.598957 4.659059 4.343924
4.105427 3.629275 3.990468
5.058545 4.468046 4.698468
4.343924 4.280325 5.070890
3.990468 3.984366 4.399257
3.629275 4.274521 4.369155
4.698468 4.365347 4.552892
4.369155 4.049704 3.758115
4.399257 4.733867 4.313478
3.984366 4.089540 4.488307
4.313478 4.020539 4.072578
4.733867 3.941210 4.478670
4.072578 4.143141 3.926160
4.020539 4.501633 5.196412
4.478670 4.727360 4.150025
5.196412 5.079681 4.682196
3.926160 4.300664 4.425159
4.143141 4.141369 4.285661
4.425159 4.345291 4.411207
4.300664 4.436512 4.503854
4.411207 3.821187 4.476755
4.345291 4.028839 4.153518
4.476755 4.873424 4.309579
3.821187 4.427371 4.469491
4.309579 4.547227 4.834799
4.873424 4.951991 5.204405
4.834799 3.999431 4.849926
4.547227 4.681385 4.650970
4.650970 4.359031 5.128175
4.849926 3.696625 4.912116
3.999431 4.297571 4.478533
4.912116 4.968247 4.411277
3.696625 4.148275 4.175672
4.411277 4.159932 4.684735
4.968247 5.031674 5.465269
4.684735 4.126618 5.072163
4.159932 4.528016 5.180686
5.072163 5.584825 4.657979
4.126618 4.325691 4.848736
4.657979 4.698432 4.013823
5.584825 5.895222 4.524341
4.013823 4.690009 5.176352
4.698432 4.284500 4.567738
4.524341 4.165605 5.511630
5.176352 5.310792 4.269026
4.690009 4.924332 4.852089
4.567738 4.438954 4.096385
4.269026 4.288568 4.299648
5.310792 4.360157 4.609554
4.299648 4.273073 4.275178
4.288568 4.128598 4.831534
4.275178 3.949080 4.051841
4.273073 5.589997 5.887471
4.051841 4.005929 3.984170
3.949080 4.320686 5.373788
3.984170 3.673971 4.130594
4.005929 4.182707 4.102396
4.130594 3.981350 4.508915
3.673971 4.177830 4.211807
4.508915 5.260499 5.132295
3.981350 4.557783 4.481421
4.481421 4.445783 4.570365
5.132295 4.472459 4.655625
5.260499 5.726970 5.222774
4.655625 4.548418 4.465440
4.472459 4.575265 4.309131
4.465440 4.558828 4.535808
4.548418 4.688093 5.375332
4.535808 4.913466 4.193025
4.558828 4.172408 5.305892
4.193025 4.646955 4.222792
4.913466 4.672804 4.631295
4.222792 3.967169 4.066743
4.646955 5.479175 4.834747
4.631295 4.706008 5.050979
4.066743 4.645465 5.095630
3.967169 4.324210 4.854359
5.095630 4.795572 4.777445
