0.000000 0.000000 1.000000 0.000000 50.739565 0.000000 1.000000 43.502809
0.000000 0.000000 1.000000 0.000000 43.989107 0.000000 2.000000 86.400000
0.000000 0.000000 30.000000 0.000000 32.382220 0.000000 7.000000 149.763285
0.000000 0.000000 0.000000 0.000000 0.000000 0.000000 0.000000 0.000000
0.000000 0.000000 0.000000 0.000000 0.000000 0.000000 0.000000 0.000000
0.000000 1.000000 43.000000 14.441013 31.103565 1.000000 1.000000 36.512315
0.000000 1.000000 51.000000 18.731476 27.727883 1.000000 3.000000 67.084746
0.000000 1.000000 14.000000 20.689861 28.151495 2.000000 3.000000 70.629834
0.000000 1.000000 2.000000 32.462526 32.462526 2.000000 4.000000 84.748663
0.000000 2.000000 47.000000 14.862024 27.531012 9.000000 7.000000 134.758427
0.000000 2.000000 37.000000 16.108928 35.708497 9.000000 6.000000 137.481481
0.000000 14.000000 60.000000 13.907344 28.767030 8.000000 5.000000 105.071823
0.000000 14.000000 46.000000 14.010892 26.794197 8.000000 5.000000 105.361582
0.000000 30.000000 0.000000 14.628688 0.000000 3.000000 0.000000 0.000000
0.000000 30.000000 0.000000 17.148708 0.000000 3.000000 0.000000 0.000000
0.000000 37.000000 0.000000 16.668235 0.000000 11.000000 0.000000 0.000000
0.000000 37.000000 0.000000 18.303337 0.000000 11.000000 0.000000 0.000000
0.000000 43.000000 70.000000 17.376366 29.454531 6.000000 1.000000 36.407035
0.000000 43.000000 80.000000 14.182306 28.107537 6.000000 3.000000 69.252874
0.000000 46.000000 0.000000 12.637727 0.000000 13.000000 0.000000 0.000000
0.000000 46.000000 0.000000 14.260521 0.000000 13.000000 0.000000 0.000000
0.000000 47.000000 0.000000 14.262213 0.000000 10.000000 0.000000 0.000000
0.000000 47.000000 0.000000 13.898358 0.000000 10.000000 0.000000 0.000000
0.000000 51.000000 84.000000 13.261881 28.190059 7.000000 5.000000 99.237569
0.000000 51.000000 78.000000 13.325164 24.741208 7.000000 5.000000 111.391304
0.000000 60.000000 0.000000 13.399061 0.000000 12.000000 0.000000 0.000000
0.000000 60.000000 0.000000 15.130969 0.000000 12.000000 0.000000 0.000000
0.000000 70.000000 96.000000 17.260718 29.050071 18.000000 1.000000 36.702020
0.000000 70.000000 111.000000 11.526303 31.438115 18.000000 3.000000 76.276699
0.000000 78.000000 0.000000 12.203185 0.000000 25.000000 0.000000 0.000000
0.000000 78.000000 0.000000 11.278319 0.000000 25.000000 0.000000 0.000000
0.000000 80.000000 112.000000 13.736364 30.005466 19.000000 5.000000 105.804020
0.000000 80.000000 112.000000 12.758923 29.929855 19.000000 6.000000 133.874346
0.000000 84.000000 0.000000 14.264541 0.000000 24.000000 0.000000 0.000000
0.000000 84.000000 0.000000 13.261324 0.000000 24.000000 0.000000 0.000000
0.000000 96.000000 123.000000 14.347128 27.850284 28.000000 1.000000 36.480874
0.000000 96.000000 124.000000 14.276398 26.453845 28.000000 3.000000 62.478947
0.000000 111.000000 135.000000 15.284364 27.805367 29.000000 5.000000 104.203297
0.000000 111.000000 142.000000 15.663351 35.608646 29.000000 7.000000 148.322176
0.000000 112.000000 0.000000 15.419595 0.000000 32.000000 0.000000 0.000000
0.000000 112.000000 0.000000 14.223757 0.000000 32.000000 0.000000 0.000000
0.000000 112.000000 0.000000 15.332807 0.000000 33.000000 0.000000 0.000000
0.000000 112.000000 0.000000 15.010416 0.000000 33.000000 0.000000 0.000000
0.000000 123.000000 161.000000 14.021188 32.673638 36.000000 1.000000 38.448276
0.000000 123.000000 154.000000 12.822751 28.397359 36.000000 2.000000 60.903743
0.000000 124.000000 147.000000 13.493719 24.471805 37.000000 3.000000 77.860465
0.000000 124.000000 161.000000 13.326880 33.624809 37.000000 6.000000 132.256637
0.000000 135.000000 158.000000 13.374247 25.975950 38.000000 7.000000 149.502825
0.000000 135.000000 0.000000 14.035746 0.000000 38.000000 0.000000 0.000000
0.000000 142.000000 0.000000 17.777265 0.000000 39.000000 0.000000 0.000000
0.000000 142.000000 0.000000 17.837593 0.000000 39.000000 0.000000 0.000000
0.000000 147.000000 180.000000 12.468294 28.163357 46.000000 5.000000 132.027624
0.000000 147.000000 175.000000 12.179764 27.615029 46.000000 6.000000 143.253807
0.000000 154.000000 186.000000 14.541494 31.713735 45.000000 5.000000 93.414286
0.000000 154.000000 183.000000 12.519924 26.936903 45.000000 4.000000 113.615385
0.000000 158.000000 0.000000 12.220682 0.000000 48.000000 0.000000 0.000000
0.000000 158.000000 0.000000 12.688693 0.000000 48.000000 0.000000 0.000000
0.000000 161.000000 184.000000 17.454099 29.533139 44.000000 1.000000 37.038462
0.000000 161.000000 184.000000 15.083464 27.404621 44.000000 2.000000 62.550000
0.000000 161.000000 0.000000 14.480009 0.000000 47.000000 0.000000 0.000000
0.000000 161.000000 0.000000 19.234476 0.000000 47.000000 0.000000 0.000000
0.000000 175.000000 0.000000 13.425790 0.000000 53.000000 0.000000 0.000000
0.000000 175.000000 0.000000 14.104245 0.000000 53.000000 0.000000 0.000000
0.000000 180.000000 0.000000 12.551544 0.000000 52.000000 0.000000 0.000000
0.000000 180.000000 0.000000 14.149889 0.000000 52.000000 0.000000 0.000000
0.000000 183.000000 0.000000 13.398234 0.000000 55.000000 0.000000 0.000000
0.000000 183.000000 0.000000 13.589820 0.000000 55.000000 0.000000 0.000000
0.000000 184.000000 205.000000 16.394263 25.395586 58.000000 1.000000 35.217105
0.000000 184.000000 223.000000 12.589259 34.527232 58.000000 3.000000 72.004464
0.000000 184.000000 210.000000 13.998138 26.306841 59.000000 4.000000 84.951220
0.000000 184.000000 214.000000 13.847894 28.127445 59.000000 6.000000 118.000000
0.000000 186.000000 211.000000 15.805995 31.203544 54.000000 7.000000 138.407035
0.000000 186.000000 204.000000 15.429707 26.238519 54.000000 6.000000 142.497143
0.000000 204.000000 0.000000 11.995934 0.000000 73.000000 0.000000 0.000000
0.000000 204.000000 0.000000 14.023672 0.000000 73.000000 0.000000 0.000000
0.000000 205.000000 246.000000 11.663702 24.182064 68.000000 1.000000 35.026144
0.000000 205.000000 237.000000 12.653412 25.699558 68.000000 2.000000 54.104651
0.000000 210.000000 243.000000 13.457240 29.056837 70.000000 6.000000 135.260638
0.000000 210.000000 233.000000 13.478100 22.462973 70.000000 6.000000 134.277778
0.000000 211.000000 0.000000 13.736364 0.000000 72.000000 0.000000 0.000000
0.000000 211.000000 0.000000 15.867189 0.000000 72.000000 0.000000 0.000000
0.000000 214.000000 0.000000 13.307718 0.000000 71.000000 0.000000 0.000000
0.000000 214.000000 0.000000 13.790061 0.000000 71.000000 0.000000 0.000000
0.000000 223.000000 253.000000 16.795107 33.373890 69.000000 5.000000 99.303738
0.000000 223.000000 253.000000 16.948614 33.596978 69.000000 6.000000 130.540909
0.000000 233.000000 0.000000 12.065847 0.000000 79.000000 0.000000 0.000000
0.000000 233.000000 0.000000 11.105889 0.000000 79.000000 0.000000 0.000000
0.000000 237.000000 279.000000 12.689494 35.168209 77.000000 3.000000 82.106838
0.000000 237.000000 269.000000 12.211917 25.510401 77.000000 4.000000 95.005882
0.000000 243.000000 0.000000 14.248157 0.000000 78.000000 0.000000 0.000000
0.000000 243.000000 0.000000 16.451101 0.000000 78.000000 0.000000 0.000000
0.000000 246.000000 279.000000 12.834807 22.598790 76.000000 1.000000 34.804196
0.000000 246.000000 285.000000 10.499316 26.756512 76.000000 3.000000 60.060606
0.000000 253.000000 282.000000 17.799788 36.937588 84.000000 8.000000 159.116935
0.000000 253.000000 0.000000 15.274723 0.000000 84.000000 0.000000 0.000000
0.000000 253.000000 0.000000 15.209057 0.000000 85.000000 0.000000 0.000000
0.000000 253.000000 0.000000 19.676553 0.000000 85.000000 0.000000 0.000000
0.000000 269.000000 0.000000 12.203927 0.000000 89.000000 0.000000 0.000000
0.000000 269.000000 0.000000 13.366306 0.000000 89.000000 0.000000 0.000000
0.000000 279.000000 321.000000 10.973158 25.612336 92.000000 1.000000 36.101796
0.000000 279.000000 312.000000 11.556938 24.670699 92.000000 2.000000 55.621795
0.000000 279.000000 307.000000 19.739276 39.271406 88.000000 5.000000 119.015748
0.000000 279.000000 0.000000 15.546095 0.000000 88.000000 0.000000 0.000000
0.000000 282.000000 0.000000 17.552220 0.000000 94.000000 0.000000 0.000000
0.000000 282.000000 0.000000 18.259940 0.000000 94.000000 0.000000 0.000000
0.000000 285.000000 315.000000 12.796588 28.145092 93.000000 4.000000 81.922222
0.000000 285.000000 318.000000 12.801921 25.658647 93.000000 6.000000 113.988024
0.000000 307.000000 0.000000 18.483556 0.000000 102.000000 0.000000 0.000000
0.000000 307.000000 0.000000 21.132465 0.000000 102.000000 0.000000 0.000000
0.000000 312.000000 342.000000 13.155345 24.969409 101.000000 3.000000 72.351852
0.000000 312.000000 352.000000 10.926415 29.385528 101.000000 5.000000 114.296296
0.000000 315.000000 345.000000 12.481239 25.274093 106.000000 6.000000 121.761628
0.000000 315.000000 342.000000 14.506265 28.272186 106.000000 6.000000 140.364103
0.000000 318.000000 0.000000 13.112708 0.000000 107.000000 0.000000 0.000000
0.000000 318.000000 0.000000 12.533991 0.000000 107.000000 0.000000 0.000000
0.000000 321.000000 353.000000 13.071173 25.535339 100.000000 1.000000 36.137500
0.000000 321.000000 355.000000 11.245130 25.734099 100.000000 3.000000 61.047337
0.000000 342.000000 371.000000 13.038963 26.566691 110.000000 5.000000 105.470238
0.000000 342.000000 375.000000 12.529656 28.629577 110.000000 7.000000 141.408377
0.000000 342.000000 0.000000 13.339634 0.000000 113.000000 0.000000 0.000000
0.000000 342.000000 0.000000 14.770018 0.000000 113.000000 0.000000 0.000000
0.000000 345.000000 0.000000 12.551544 0.000000 112.000000 0.000000 0.000000
0.000000 345.000000 0.000000 11.714554 0.000000 112.000000 0.000000 0.000000
0.000000 352.000000 0.000000 13.245702 0.000000 111.000000 0.000000 0.000000
0.000000 352.000000 0.000000 14.822892 0.000000 111.000000 0.000000 0.000000
0.000000 353.000000 395.000000 12.613031 30.663439 116.000000 1.000000 38.205263
0.000000 353.000000 383.000000 12.577833 26.978360 116.000000 2.000000 57.329412
0.000000 355.000000 390.000000 13.212004 31.174352 117.000000 4.000000 92.590000
0.000000 355.000000 384.000000 12.255850 24.375428 117.000000 5.000000 107.584416
0.000000 371.000000 0.000000 12.666778 0.000000 118.000000 0.000000 0.000000
0.000000 371.000000 0.000000 13.251411 0.000000 118.000000 0.000000 0.000000
0.000000 375.000000 0.000000 13.288054 0.000000 119.000000 0.000000 0.000000
0.000000 375.000000 0.000000 14.357850 0.000000 119.000000 0.000000 0.000000
0.000000 383.000000 411.000000 12.414212 25.712514 127.000000 3.000000 75.927711
0.000000 383.000000 409.000000 13.512568 23.786621 127.000000 4.000000 96.792208
0.000000 384.000000 0.000000 12.051123 0.000000 129.000000 0.000000 0.000000
0.000000 384.000000 0.000000 11.216525 0.000000 129.000000 0.000000 0.000000
0.000000 390.000000 0.000000 15.908110 0.000000 128.000000 0.000000 0.000000
0.000000 390.000000 0.000000 14.289873 0.000000 128.000000 0.000000 0.000000
0.000000 395.000000 424.000000 15.493326 30.690017 126.000000 1.000000 37.824468
0.000000 395.000000 424.000000 14.573175 29.017408 126.000000 2.000000 65.350785
0.000000 409.000000 438.000000 12.992870 26.257522 135.000000 7.000000 154.387978
0.000000 409.000000 0.000000 11.360361 0.000000 135.000000 0.000000 0.000000
0.000000 411.000000 445.000000 11.502314 27.019388 134.000000 5.000000 122.758824
0.000000 411.000000 439.000000 13.277927 26.300673 134.000000 6.000000 134.140351
0.000000 424.000000 455.000000 16.497754 31.072293 140.000000 1.000000 37.759804
0.000000 424.000000 452.000000 13.652700 28.213895 140.000000 2.000000 63.000000
0.000000 424.000000 474.000000 14.577719 45.293054 141.000000 5.000000 129.137124
0.000000 424.000000 454.000000 14.309945 28.815855 141.000000 5.000000 117.370968
0.000000 438.000000 0.000000 13.084594 0.000000 142.000000 0.000000 0.000000
0.000000 438.000000 0.000000 12.188009 0.000000 142.000000 0.000000 0.000000
0.000000 439.000000 0.000000 13.349788 0.000000 145.000000 0.000000 0.000000
0.000000 439.000000 0.000000 13.179033 0.000000 145.000000 0.000000 0.000000
0.000000 445.000000 0.000000 14.615354 0.000000 144.000000 0.000000 0.000000
0.000000 445.000000 0.000000 12.656859 0.000000 144.000000 0.000000 0.000000
0.000000 452.000000 483.000000 13.362115 29.764775 147.000000 4.000000 91.041237
0.000000 452.000000 486.000000 13.467529 27.850516 147.000000 6.000000 122.960452
0.000000 454.000000 0.000000 13.194769 0.000000 149.000000 0.000000 0.000000
0.000000 454.000000 0.000000 14.475235 0.000000 149.000000 0.000000 0.000000
0.000000 455.000000 496.000000 15.085377 36.981023 146.000000 1.000000 40.164557
0.000000 455.000000 481.000000 15.486389 28.956689 146.000000 2.000000 60.278075
0.000000 474.000000 0.000000 23.492004 0.000000 148.000000 0.000000 0.000000
0.000000 474.000000 0.000000 21.758823 0.000000 148.000000 0.000000 0.000000
0.000000 481.000000 511.000000 13.497229 28.268459 161.000000 3.000000 82.948571
0.000000 481.000000 509.000000 14.522553 29.627741 161.000000 4.000000 105.363636
0.000000 483.000000 0.000000 13.562533 0.000000 156.000000 0.000000 0.000000
0.000000 483.000000 0.000000 14.608279 0.000000 156.000000 0.000000 0.000000
0.000000 486.000000 0.000000 14.208745 0.000000 157.000000 0.000000 0.000000
0.000000 486.000000 0.000000 13.032159 0.000000 157.000000 0.000000 0.000000
0.000000 496.000000 519.000000 19.932296 33.714396 160.000000 1.000000 39.356808
0.000000 496.000000 516.000000 16.519706 24.912331 160.000000 2.000000 64.181250
0.000000 509.000000 0.000000 14.257301 0.000000 165.000000 0.000000 0.000000
0.000000 509.000000 0.000000 14.557160 0.000000 165.000000 0.000000 0.000000
0.000000 511.000000 541.000000 12.239851 27.754643 164.000000 5.000000 128.117978
0.000000 511.000000 536.000000 15.548160 27.550004 164.000000 6.000000 141.086957
0.000000 516.000000 547.000000 12.420847 27.083924 171.000000 3.000000 92.348837
0.000000 516.000000 552.000000 13.095701 29.170423 171.000000 7.000000 129.142077
0.000000 519.000000 551.000000 16.397358 31.667637 170.000000 1.000000 38.353234
0.000000 519.000000 551.000000 16.781180 36.485941 170.000000 2.000000 69.537118
0.000000 536.000000 0.000000 14.510057 0.000000 175.000000 0.000000 0.000000
0.000000 536.000000 0.000000 13.135132 0.000000 175.000000 0.000000 0.000000
0.000000 541.000000 0.000000 13.457240 0.000000 174.000000 0.000000 0.000000
0.000000 541.000000 0.000000 13.438150 0.000000 174.000000 0.000000 0.000000
0.000000 547.000000 571.000000 13.342539 22.524301 176.000000 5.000000 130.503356
0.000000 547.000000 571.000000 13.374194 24.708794 176.000000 6.000000 152.904762
0.000000 551.000000 585.000000 14.422077 27.986152 178.000000 1.000000 36.944751
0.000000 551.000000 585.000000 15.846691 36.864539 178.000000 2.000000 67.134454
0.000000 551.000000 573.000000 19.223006 30.380452 179.000000 3.000000 84.166667
0.000000 551.000000 572.000000 18.244254 28.641763 179.000000 4.000000 109.826816
0.000000 552.000000 0.000000 14.586510 0.000000 177.000000 0.000000 0.000000
0.000000 552.000000 0.000000 13.147038 0.000000 177.000000 0.000000 0.000000
0.000000 571.000000 0.000000 10.206265 0.000000 184.000000 0.000000 0.000000
0.000000 571.000000 0.000000 12.123347 0.000000 184.000000 0.000000 0.000000
0.000000 571.000000 0.000000 11.961141 0.000000 185.000000 0.000000 0.000000
0.000000 571.000000 0.000000 11.999403 0.000000 185.000000 0.000000 0.000000
0.000000 572.000000 0.000000 14.541494 0.000000 189.000000 0.000000 0.000000
0.000000 572.000000 0.000000 12.881309 0.000000 189.000000 0.000000 0.000000
0.000000 573.000000 605.000000 14.310863 30.698550 188.000000 5.000000 130.542289
0.000000 573.000000 0.000000 16.520378 0.000000 188.000000 0.000000 0.000000
0.000000 585.000000 614.000000 14.278006 26.190182 186.000000 1.000000 36.908046
0.000000 585.000000 613.000000 13.467529 27.367630 186.000000 2.000000 61.539326
0.000000 585.000000 606.000000 19.003669 31.625214 187.000000 3.000000 79.425121
0.000000 585.000000 613.000000 16.735066 33.946788 187.000000 5.000000 123.839286
0.000000 605.000000 0.000000 15.310015 0.000000 198.000000 0.000000 0.000000
0.000000 605.000000 0.000000 16.049952 0.000000 198.000000 0.000000 0.000000
0.000000 606.000000 639.000000 16.038592 32.545659 202.000000 5.000000 129.191388
0.000000 606.000000 630.000000 15.872970 29.311711 202.000000 6.000000 135.594872
0.000000 613.000000 642.000000 13.541005 25.945134 201.000000 4.000000 83.962733
0.000000 613.000000 645.000000 13.912572 30.244150 201.000000 6.000000 115.071795
0.000000 613.000000 0.000000 15.756932 0.000000 203.000000 0.000000 0.000000
0.000000 613.000000 0.000000 17.064341 0.000000 203.000000 0.000000 0.000000
0.000000 614.000000 640.000000 14.271621 26.051958 200.000000 1.000000 36.691860
0.000000 614.000000 648.000000 11.785888 26.755838 200.000000 3.000000 67.620690
0.000000 630.000000 0.000000 14.577235 0.000000 207.000000 0.000000 0.000000
0.000000 630.000000 0.000000 14.036709 0.000000 207.000000 0.000000 0.000000
0.000000 639.000000 0.000000 16.840520 0.000000 206.000000 0.000000 0.000000
0.000000 639.000000 0.000000 17.516702 0.000000 206.000000 0.000000 0.000000
0.000000 640.000000 675.000000 14.066246 29.979901 212.000000 1.000000 38.396907
0.000000 640.000000 672.000000 12.588314 25.923813 212.000000 2.000000 62.735294
0.000000 642.000000 672.000000 13.595960 25.651792 208.000000 5.000000 132.012270
0.000000 642.000000 669.000000 12.312410 25.718392 208.000000 6.000000 146.662791
0.000000 645.000000 0.000000 15.221357 0.000000 209.000000 0.000000 0.000000
0.000000 645.000000 0.000000 14.790692 0.000000 209.000000 0.000000 0.000000
0.000000 648.000000 678.000000 12.136698 26.512814 213.000000 5.000000 95.678571
0.000000 648.000000 674.000000 14.516196 25.635838 213.000000 5.000000 112.062112
0.000000 669.000000 0.000000 12.077089 0.000000 221.000000 0.000000 0.000000
0.000000 669.000000 0.000000 13.058048 0.000000 221.000000 0.000000 0.000000
0.000000 672.000000 704.000000 12.558497 28.470177 219.000000 3.000000 90.896175
0.000000 672.000000 713.000000 13.230876 34.190814 219.000000 7.000000 140.645161
0.000000 672.000000 0.000000 12.589259 0.000000 220.000000 0.000000 0.000000
0.000000 672.000000 0.000000 12.400254 0.000000 220.000000 0.000000 0.000000
0.000000 674.000000 0.000000 12.251149 0.000000 225.000000 0.000000 0.000000
0.000000 674.000000 0.000000 13.499797 0.000000 225.000000 0.000000 0.000000
0.000000 675.000000 709.000000 16.280655 33.487265 218.000000 1.000000 40.004717
0.000000 675.000000 704.000000 13.679986 28.558992 218.000000 2.000000 64.918478
0.000000 678.000000 706.000000 13.151831 25.288274 224.000000 7.000000 145.875000
0.000000 678.000000 0.000000 12.154164 0.000000 224.000000 0.000000 0.000000
0.000000 704.000000 735.000000 14.725793 31.929284 235.000000 4.000000 93.648241
0.000000 704.000000 738.000000 14.680588 30.194430 235.000000 7.000000 130.767677
0.000000 704.000000 0.000000 14.986922 0.000000 228.000000 0.000000 0.000000
0.000000 704.000000 0.000000 13.460443 0.000000 228.000000 0.000000 0.000000
0.000000 706.000000 0.000000 12.438347 0.000000 236.000000 0.000000 0.000000
0.000000 706.000000 0.000000 12.303594 0.000000 236.000000 0.000000 0.000000
0.000000 709.000000 736.000000 17.546981 29.817895 234.000000 1.000000 37.994536
0.000000 709.000000 732.000000 15.955322 28.508200 234.000000 2.000000 61.713514
0.000000 713.000000 0.000000 20.684965 0.000000 229.000000 0.000000 0.000000
0.000000 713.000000 0.000000 13.339117 0.000000 229.000000 0.000000 0.000000
0.000000 732.000000 767.000000 14.003551 34.663795 245.000000 3.000000 92.911894
0.000000 732.000000 764.000000 14.417283 28.266723 245.000000 4.000000 116.005556
0.000000 735.000000 762.000000 16.631815 32.515437 238.000000 5.000000 141.037915
0.000000 735.000000 0.000000 14.918503 0.000000 238.000000 0.000000 0.000000
0.000000 736.000000 767.000000 15.123189 29.130693 244.000000 1.000000 37.874286
0.000000 736.000000 768.000000 13.811769 29.554790 244.000000 3.000000 64.403226
0.000000 738.000000 0.000000 14.577719 0.000000 239.000000 0.000000 0.000000
0.000000 738.000000 0.000000 15.779818 0.000000 239.000000 0.000000 0.000000
0.000000 762.000000 0.000000 15.926879 0.000000 250.000000 0.000000 0.000000
0.000000 762.000000 0.000000 16.166145 0.000000 250.000000 0.000000 0.000000
0.000000 764.000000 0.000000 13.324123 0.000000 249.000000 0.000000 0.000000
0.000000 764.000000 0.000000 14.506265 0.000000 249.000000 0.000000 0.000000
0.000000 767.000000 794.000000 15.235133 26.527158 252.000000 1.000000 36.923077
0.000000 767.000000 794.000000 12.331207 22.016022 252.000000 2.000000 59.048951
0.000000 767.000000 796.000000 16.926798 33.658345 248.000000 8.000000 140.557604
0.000000 767.000000 788.000000 17.555257 29.696360 248.000000 6.000000 143.790000
0.000000 768.000000 793.000000 13.708380 27.054597 253.000000 3.000000 80.280702
0.000000 768.000000 800.000000 14.697885 30.581195 253.000000 7.000000 121.305263
0.000000 788.000000 0.000000 14.577542 0.000000 263.000000 0.000000 0.000000
0.000000 788.000000 0.000000 14.835305 0.000000 263.000000 0.000000 0.000000
0.000000 793.000000 826.000000 12.656896 28.636761 264.000000 6.000000 128.912088
0.000000 793.000000 825.000000 13.427487 28.908463 264.000000 7.000000 150.970149
0.000000 794.000000 835.000000 12.506917 30.891944 260.000000 1.000000 38.685567
0.000000 794.000000 823.000000 12.459217 26.279820 260.000000 2.000000 56.994083
0.000000 794.000000 831.000000 12.066232 27.538121 261.000000 4.000000 92.016667
0.000000 794.000000 833.000000 10.579399 28.318363 261.000000 6.000000 121.360000
0.000000 796.000000 0.000000 18.202254 0.000000 262.000000 0.000000 0.000000
0.000000 796.000000 0.000000 15.162345 0.000000 262.000000 0.000000 0.000000
0.000000 800.000000 0.000000 15.457754 0.000000 265.000000 0.000000 0.000000
0.000000 800.000000 0.000000 15.200022 0.000000 265.000000 0.000000 0.000000
0.000000 823.000000 858.000000 12.719205 30.006904 271.000000 3.000000 85.851282
0.000000 823.000000 858.000000 11.240535 28.883544 271.000000 4.000000 113.380208
0.000000 825.000000 0.000000 14.206190 0.000000 269.000000 0.000000 0.000000
0.000000 825.000000 0.000000 14.694082 0.000000 269.000000 0.000000 0.000000
0.000000 826.000000 0.000000 13.011338 0.000000 268.000000 0.000000 0.000000
0.000000 826.000000 0.000000 14.278006 0.000000 268.000000 0.000000 0.000000
0.000000 831.000000 0.000000 12.291882 0.000000 272.000000 0.000000 0.000000
0.000000 831.000000 0.000000 14.104236 0.000000 272.000000 0.000000 0.000000
0.000000 833.000000 0.000000 13.388836 0.000000 273.000000 0.000000 0.000000
0.000000 833.000000 0.000000 15.355420 0.000000 273.000000 0.000000 0.000000
0.000000 835.000000 860.000000 16.149923 28.516912 270.000000 1.000000 37.712707
0.000000 835.000000 865.000000 13.341098 29.046345 270.000000 3.000000 67.472527
0.000000 858.000000 888.000000 15.815125 32.124867 278.000000 5.000000 135.013953
0.000000 858.000000 882.000000 13.425790 25.399860 278.000000 6.000000 144.832370
0.000000 858.000000 0.000000 12.966459 0.000000 279.000000 0.000000 0.000000
0.000000 858.000000 0.000000 15.522868 0.000000 279.000000 0.000000 0.000000
0.000000 860.000000 890.000000 15.605928 29.545250 288.000000 1.000000 38.276243
0.000000 860.000000 888.000000 13.273610 26.541013 288.000000 2.000000 62.570588
0.000000 865.000000 892.000000 15.503836 30.395171 289.000000 5.000000 93.979899
0.000000 865.000000 894.000000 12.322232 25.477327 289.000000 7.000000 124.916667
0.000000 882.000000 0.000000 12.024454 0.000000 291.000000 0.000000 0.000000
0.000000 882.000000 0.000000 13.775189 0.000000 291.000000 0.000000 0.000000
0.000000 888.000000 918.000000 12.323883 26.468073 295.000000 5.000000 87.410405
0.000000 888.000000 919.000000 13.742910 28.336923 295.000000 7.000000 114.425532
0.000000 888.000000 0.000000 14.724902 0.000000 290.000000 0.000000 0.000000
0.000000 888.000000 0.000000 17.110820 0.000000 290.000000 0.000000 0.000000
0.000000 890.000000 917.000000 15.355420 25.667993 294.000000 1.000000 36.590909
0.000000 890.000000 917.000000 13.401494 27.696153 294.000000 2.000000 60.441341
0.000000 892.000000 918.000000 14.704384 28.861956 296.000000 7.000000 139.510753
0.000000 892.000000 0.000000 15.465884 0.000000 296.000000 0.000000 0.000000
0.000000 894.000000 0.000000 13.223695 0.000000 297.000000 0.000000 0.000000
0.000000 894.000000 0.000000 13.365505 0.000000 297.000000 0.000000 0.000000
0.000000 917.000000 955.000000 13.987539 30.829775 304.000000 1.000000 39.076142
0.000000 917.000000 955.000000 11.539918 29.312663 304.000000 2.000000 66.328042
0.000000 917.000000 939.000000 14.814414 24.442101 305.000000 3.000000 70.892405
0.000000 917.000000 951.000000 12.325530 27.762311 305.000000 5.000000 117.882979
0.000000 918.000000 941.000000 12.490342 22.323615 300.000000 6.000000 118.543046
0.000000 918.000000 0.000000 13.064973 0.000000 300.000000 0.000000 0.000000
0.000000 918.000000 0.000000 13.412028 0.000000 306.000000 0.000000 0.000000
0.000000 918.000000 0.000000 15.064084 0.000000 306.000000 0.000000 0.000000
0.000000 919.000000 0.000000 14.199331 0.000000 301.000000 0.000000 0.000000
0.000000 919.000000 0.000000 14.210251 0.000000 301.000000 0.000000 0.000000
0.000000 939.000000 971.000000 11.714598 26.487676 312.000000 5.000000 114.613095
0.000000 939.000000 971.000000 12.328021 27.407244 312.000000 6.000000 139.677778
0.000000 941.000000 0.000000 10.239949 0.000000 314.000000 0.000000 0.000000
0.000000 941.000000 0.000000 11.038735 0.000000 314.000000 0.000000 0.000000
0.000000 951.000000 0.000000 13.297533 0.000000 313.000000 0.000000 0.000000
0.000000 951.000000 0.000000 14.486267 0.000000 313.000000 0.000000 0.000000
0.000000 955.000000 985.000000 14.857855 28.985670 310.000000 1.000000 37.843575
0.000000 955.000000 979.000000 14.965308 26.008844 310.000000 2.000000 59.964706
0.000000 955.000000 982.000000 14.755707 28.463393 311.000000 4.000000 87.966102
0.000000 955.000000 989.000000 13.666655 32.274749 311.000000 7.000000 129.896226
0.000000 971.000000 0.000000 12.611503 0.000000 320.000000 0.000000 0.000000
0.000000 971.000000 0.000000 13.401494 0.000000 320.000000 0.000000 0.000000
0.000000 971.000000 0.000000 12.076848 0.000000 321.000000 0.000000 0.000000
0.000000 971.000000 0.000000 15.133546 0.000000 321.000000 0.000000 0.000000
0.000000 979.000000 1013.000000 12.345712 28.582947 327.000000 4.000000 86.432292
0.000000 979.000000 1011.000000 12.417198 26.911309 327.000000 5.000000 107.553672
0.000000 982.000000 1013.000000 12.611503 28.987441 328.000000 7.000000 139.553763
0.000000 982.000000 0.000000 14.405045 0.000000 328.000000 0.000000 0.000000
0.000000 985.000000 1010.000000 16.232127 26.815422 326.000000 1.000000 36.730994
0.000000 985.000000 1016.000000 12.509582 26.019464 326.000000 3.000000 64.975758
0.000000 989.000000 0.000000 16.586104 0.000000 329.000000 0.000000 0.000000
0.000000 989.000000 0.000000 16.410997 0.000000 329.000000 0.000000 0.000000
0.000000 1010.000000 1044.000000 13.070932 27.238607 338.000000 1.000000 37.268156
0.000000 1010.000000 1043.000000 12.424093 26.929654 338.000000 2.000000 61.662722
0.000000 1011.000000 0.000000 13.075585 0.000000 335.000000 0.000000 0.000000
0.000000 1011.000000 0.000000 13.445985 0.000000 335.000000 0.000000 0.000000
0.000000 1013.000000 1043.000000 14.627305 30.147577 334.000000 5.000000 131.914573
0.000000 1013.000000 0.000000 13.225280 0.000000 334.000000 0.000000 0.000000
0.000000 1013.000000 0.000000 13.738172 0.000000 336.000000 0.000000 0.000000
0.000000 1013.000000 0.000000 14.918288 0.000000 336.000000 0.000000 0.000000
0.000000 1016.000000 1045.000000 13.487394 25.978579 339.000000 5.000000 88.011976
0.000000 1016.000000 1054.000000 12.390936 29.956519 339.000000 7.000000 134.010256
0.000000 1043.000000 1078.000000 12.164353 29.457981 343.000000 5.000000 91.659574
0.000000 1043.000000 1074.000000 14.644010 28.791697 343.000000 4.000000 111.518519
0.000000 1043.000000 0.000000 14.607750 0.000000 346.000000 0.000000 0.000000
0.000000 1043.000000 0.000000 16.162494 0.000000 346.000000 0.000000 0.000000
0.000000 1044.000000 1076.000000 14.036709 30.657789 342.000000 1.000000 38.717949
0.000000 1044.000000 1074.000000 12.394755 24.304044 342.000000 2.000000 62.643312
0.000000 1045.000000 1081.000000 13.769043 31.698846 350.000000 9.000000 160.803828
0.000000 1045.000000 0.000000 12.232838 0.000000 350.000000 0.000000 0.000000
0.000000 1054.000000 0.000000 15.464898 0.000000 351.000000 0.000000 0.000000
0.000000 1054.000000 0.000000 15.487852 0.000000 351.000000 0.000000 0.000000
0.000000 1074.000000 1106.000000 12.130975 24.721737 357.000000 4.000000 91.391304
0.000000 1074.000000 1111.000000 11.533141 27.788214 357.000000 6.000000 127.000000
0.000000 1074.000000 0.000000 12.410075 0.000000 353.000000 0.000000 0.000000
0.000000 1074.000000 0.000000 16.710061 0.000000 353.000000 0.000000 0.000000
0.000000 1076.000000 1113.000000 12.338621 26.082366 356.000000 1.000000 36.345455
0.000000 1076.000000 1096.000000 19.066721 29.145061 356.000000 2.000000 55.414508
0.000000 1078.000000 1106.000000 13.620731 26.471629 352.000000 6.000000 138.549133
0.000000 1078.000000 0.000000 14.382977 0.000000 352.000000 0.000000 0.000000
0.000000 1081.000000 0.000000 15.240865 0.000000 358.000000 0.000000 0.000000
0.000000 1081.000000 0.000000 15.831201 0.000000 358.000000 0.000000 0.000000
0.000000 1096.000000 1123.000000 15.046118 26.959324 367.000000 3.000000 66.250000
0.000000 1096.000000 1126.000000 14.451723 29.496898 367.000000 5.000000 96.448980
0.000000 1106.000000 1137.000000 12.354523 24.894534 362.000000 7.000000 150.895954
0.000000 1106.000000 0.000000 11.953289 0.000000 362.000000 0.000000 0.000000
0.000000 1106.000000 0.000000 12.524578 0.000000 368.000000 0.000000 0.000000
0.000000 1106.000000 0.000000 14.059301 0.000000 368.000000 0.000000 0.000000
0.000000 1111.000000 0.000000 15.217404 0.000000 363.000000 0.000000 0.000000
0.000000 1111.000000 0.000000 13.064237 0.000000 363.000000 0.000000 0.000000
0.000000 1113.000000 1144.000000 14.031287 26.801354 366.000000 1.000000 37.006061
0.000000 1113.000000 1145.000000 12.056095 26.111624 366.000000 3.000000 62.047904
0.000000 1123.000000 1158.000000 11.556938 29.978780 372.000000 5.000000 104.994845
0.000000 1123.000000 1156.000000 14.605164 32.158227 372.000000 6.000000 130.688995
0.000000 1126.000000 0.000000 14.518140 0.000000 373.000000 0.000000 0.000000
0.000000 1126.000000 0.000000 15.846834 0.000000 373.000000 0.000000 0.000000
0.000000 1137.000000 0.000000 12.240585 0.000000 374.000000 0.000000 0.000000
0.000000 1137.000000 0.000000 13.004886 0.000000 374.000000 0.000000 0.000000
0.000000 1144.000000 1173.000000 13.963345 26.177424 380.000000 1.000000 36.647059
0.000000 1144.000000 1176.000000 12.600985 25.336383 380.000000 3.000000 61.453416
0.000000 1145.000000 1176.000000 13.544352 29.361733 381.000000 4.000000 86.639785
0.000000 1145.000000 1176.000000 11.502314 23.733962 381.000000 5.000000 110.935484
0.000000 1156.000000 0.000000 16.609207 0.000000 383.000000 0.000000 0.000000
0.000000 1156.000000 0.000000 15.662506 0.000000 383.000000 0.000000 0.000000
0.000000 1158.000000 0.000000 15.844053 0.000000 382.000000 0.000000 0.000000
0.000000 1158.000000 0.000000 14.088689 0.000000 382.000000 0.000000 0.000000
0.000000 1173.000000 1209.000000 12.811152 27.543763 388.000000 1.000000 37.381215
0.000000 1173.000000 1206.000000 12.261010 26.808663 388.000000 2.000000 61.500000
0.000000 1176.000000 1211.000000 12.261010 29.176439 389.000000 5.000000 93.505376
0.000000 1176.000000 1208.000000 12.325530 29.275515 389.000000 5.000000 115.107527
0.000000 1176.000000 1200.000000 14.811898 24.858066 390.000000 5.000000 120.540373
0.000000 1176.000000 1199.000000 14.419791 25.176212 390.000000 6.000000 142.005780
0.000000 1176.000000 0.000000 11.223122 0.000000 391.000000 0.000000 0.000000
0.000000 1176.000000 0.000000 12.358305 0.000000 391.000000 0.000000 0.000000
0.000000 1199.000000 0.000000 12.104592 0.000000 401.000000 0.000000 0.000000
0.000000 1199.000000 0.000000 13.335491 0.000000 401.000000 0.000000 0.000000
0.000000 1200.000000 0.000000 11.575055 0.000000 400.000000 0.000000 0.000000
0.000000 1200.000000 0.000000 12.224858 0.000000 400.000000 0.000000 0.000000
0.000000 1206.000000 1234.000000 14.193224 27.034580 397.000000 3.000000 83.367232
0.000000 1206.000000 1242.000000 12.322834 31.368309 397.000000 7.000000 128.695652
0.000000 1208.000000 0.000000 14.655680 0.000000 399.000000 0.000000 0.000000
0.000000 1208.000000 0.000000 13.428825 0.000000 399.000000 0.000000 0.000000
0.000000 1209.000000 1234.000000 15.070945 27.726036 396.000000 1.000000 37.604651
0.000000 1209.000000 1240.000000 12.303616 25.684349 396.000000 3.000000 66.792899
0.000000 1211.000000 1236.000000 14.590935 26.938695 398.000000 7.000000 138.410405
0.000000 1211.000000 0.000000 14.354033 0.000000 398.000000 0.000000 0.000000
0.000000 1234.000000 1262.000000 13.712525 26.405560 412.000000 1.000000 36.868571
0.000000 1234.000000 1267.000000 13.384088 28.299780 412.000000 3.000000 65.021858
0.000000 1234.000000 1268.000000 13.497229 30.830379 408.000000 7.000000 140.236181
0.000000 1234.000000 1260.000000 13.339634 26.603499 408.000000 6.000000 142.426966
0.000000 1236.000000 0.000000 13.428825 0.000000 414.000000 0.000000 0.000000
0.000000 1236.000000 0.000000 14.128277 0.000000 414.000000 0.000000 0.000000
0.000000 1240.000000 1271.000000 13.324384 25.926727 413.000000 5.000000 95.892857
0.000000 1240.000000 1268.000000 12.263701 25.593064 413.000000 6.000000 113.981707
0.000000 1242.000000 0.000000 15.398264 0.000000 409.000000 0.000000 0.000000
0.000000 1242.000000 0.000000 14.365316 0.000000 409.000000 0.000000 0.000000
0.000000 1260.000000 0.000000 12.043532 0.000000 419.000000 0.000000 0.000000
0.000000 1260.000000 0.000000 14.555232 0.000000 419.000000 0.000000 0.000000
0.000000 1262.000000 1316.000000 11.902093 36.839960 416.000000 1.000000 42.188285
0.000000 1262.000000 1290.000000 13.691688 26.345485 416.000000 2.000000 56.765714
0.000000 1267.000000 1312.000000 14.477434 42.227281 417.000000 4.000000 115.551237
0.000000 1267.000000 1295.000000 13.657240 28.338105 417.000000 5.000000 113.912568
0.000000 1268.000000 0.000000 12.096943 0.000000 423.000000 0.000000 0.000000
0.000000 1268.000000 0.000000 12.303616 0.000000 423.000000 0.000000 0.000000
0.000000 1268.000000 0.000000 16.560305 0.000000 418.000000 0.000000 0.000000
0.000000 1268.000000 0.000000 14.244068 0.000000 418.000000 0.000000 0.000000
0.000000 1271.000000 1299.000000 12.551544 28.984147 422.000000 7.000000 150.683673
0.000000 1271.000000 0.000000 13.192867 0.000000 422.000000 0.000000 0.000000
0.000000 1290.000000 1324.000000 13.628676 31.674491 429.000000 3.000000 80.660194
0.000000 1290.000000 1324.000000 12.322834 28.126128 429.000000 4.000000 108.010753
0.000000 1295.000000 0.000000 13.374194 0.000000 431.000000 0.000000 0.000000
0.000000 1295.000000 0.000000 14.354033 0.000000 431.000000 0.000000 0.000000
0.000000 1299.000000 0.000000 13.348341 0.000000 436.000000 0.000000 0.000000
0.000000 1299.000000 0.000000 15.371556 0.000000 436.000000 0.000000 0.000000
0.000000 1312.000000 0.000000 20.518118 0.000000 430.000000 0.000000 0.000000
0.000000 1312.000000 0.000000 21.908001 0.000000 430.000000 0.000000 0.000000
0.000000 1316.000000 1345.000000 19.578328 40.718426 428.000000 1.000000 43.146617
0.000000 1316.000000 1346.000000 16.823210 32.529448 428.000000 3.000000 77.853211
0.000000 1324.000000 1350.000000 15.534013 30.280744 438.000000 5.000000 115.055838
0.000000 1324.000000 1345.000000 15.484983 26.612006 438.000000 4.000000 129.309524
0.000000 1324.000000 0.000000 12.232838 0.000000 439.000000 0.000000 0.000000
0.000000 1324.000000 0.000000 15.475722 0.000000 439.000000 0.000000 0.000000
0.000000 1345.000000 1364.000000 25.299636 39.076550 446.000000 1.000000 42.644269
0.000000 1345.000000 1385.000000 15.889679 40.293091 446.000000 3.000000 100.332046
0.000000 1345.000000 0.000000 12.299789 0.000000 449.000000 0.000000 0.000000
0.000000 1345.000000 0.000000 13.383072 0.000000 449.000000 0.000000 0.000000
0.000000 1346.000000 1381.000000 13.575312 29.226300 447.000000 4.000000 122.841270
0.000000 1346.000000 1376.000000 19.172744 39.969278 447.000000 5.000000 141.823970
0.000000 1350.000000 0.000000 14.629264 0.000000 448.000000 0.000000 0.000000
0.000000 1350.000000 0.000000 16.175638 0.000000 448.000000 0.000000 0.000000
0.000000 1364.000000 1399.000000 20.593174 42.769821 452.000000 1.000000 44.516484
0.000000 1364.000000 1395.000000 18.565985 40.150891 452.000000 2.000000 78.094862
0.000000 1376.000000 0.000000 18.925669 0.000000 457.000000 0.000000 0.000000
0.000000 1376.000000 0.000000 19.834069 0.000000 457.000000 0.000000 0.000000
0.000000 1381.000000 0.000000 13.188039 0.000000 456.000000 0.000000 0.000000
0.000000 1381.000000 0.000000 15.744373 0.000000 456.000000 0.000000 0.000000
0.000000 1385.000000 0.000000 19.041248 0.000000 453.000000 0.000000 0.000000
0.000000 1385.000000 0.000000 21.266334 0.000000 453.000000 0.000000 0.000000
0.000000 1395.000000 1418.000000 15.760536 26.046296 461.000000 4.000000 95.909639
0.000000 1395.000000 1416.000000 23.876780 39.921943 461.000000 4.000000 122.251908
0.000000 1399.000000 1417.000000 28.394938 42.641143 460.000000 1.000000 44.185185
0.000000 1399.000000 1421.000000 14.325566 22.762274 460.000000 3.000000 77.482759
0.000000 1416.000000 0.000000 20.555469 0.000000 469.000000 0.000000 0.000000
0.000000 1416.000000 0.000000 19.152638 0.000000 469.000000 0.000000 0.000000
0.000000 1417.000000 1440.000000 22.495948 37.536443 470.000000 1.000000 42.355932
0.000000 1417.000000 1443.000000 19.055187 35.015695 470.000000 3.000000 76.704036
0.000000 1418.000000 0.000000 12.558100 0.000000 468.000000 0.000000 0.000000
0.000000 1418.000000 0.000000 14.231049 0.000000 468.000000 0.000000 0.000000
0.000000 1421.000000 1452.000000 11.144133 25.409100 471.000000 5.000000 120.780488
0.000000 1421.000000 1450.000000 11.553363 21.936884 471.000000 6.000000 138.458333
0.000000 1440.000000 1465.000000 17.971962 29.493823 474.000000 1.000000 38.644809
0.000000 1440.000000 1459.000000 19.372549 29.277715 474.000000 2.000000 62.328042
0.000000 1443.000000 1468.000000 18.886306 33.952620 475.000000 5.000000 104.525822
0.000000 1443.000000 1468.000000 15.379546 29.858378 475.000000 6.000000 134.213542
0.000000 1450.000000 0.000000 10.854914 0.000000 479.000000 0.000000 0.000000
0.000000 1450.000000 0.000000 11.540920 0.000000 479.000000 0.000000 0.000000
0.000000 1452.000000 0.000000 12.354523 0.000000 478.000000 0.000000 0.000000
0.000000 1452.000000 0.000000 11.239975 0.000000 478.000000 0.000000 0.000000
0.000000 1459.000000 1482.000000 15.588495 26.777296 481.000000 3.000000 76.413793
0.000000 1459.000000 1488.000000 14.531618 27.760131 481.000000 5.000000 111.831522
0.000000 1465.000000 1489.000000 14.477273 26.139497 480.000000 1.000000 36.560976
0.000000 1465.000000 1492.000000 14.505956 25.064171 480.000000 3.000000 61.515528
0.000000 1468.000000 1492.000000 16.866179 30.661344 482.000000 8.000000 147.517949
0.000000 1468.000000 0.000000 16.557298 0.000000 482.000000 0.000000 0.000000
0.000000 1468.000000 0.000000 14.169223 0.000000 483.000000 0.000000 0.000000
0.000000 1468.000000 0.000000 16.465703 0.000000 483.000000 0.000000 0.000000
0.000000 1482.000000 1515.000000 12.378844 27.144095 488.000000 5.000000 116.634831
0.000000 1482.000000 1512.000000 13.390805 26.388833 488.000000 6.000000 131.275281
0.000000 1488.000000 0.000000 13.017456 0.000000 489.000000 0.000000 0.000000
0.000000 1488.000000 0.000000 14.461642 0.000000 489.000000 0.000000 0.000000
0.000000 1489.000000 1522.000000 13.393489 25.976024 490.000000 1.000000 37.184049
0.000000 1489.000000 1525.000000 11.387145 27.334535 490.000000 3.000000 63.244048
0.000000 1492.000000 1530.000000 12.579846 30.408020 491.000000 5.000000 96.974093
0.000000 1492.000000 1526.000000 12.806721 28.595418 491.000000 6.000000 115.306452
0.000000 1492.000000 0.000000 15.202397 0.000000 492.000000 0.000000 0.000000
0.000000 1492.000000 0.000000 15.137316 0.000000 492.000000 0.000000 0.000000
0.000000 1512.000000 0.000000 13.222590 0.000000 497.000000 0.000000 0.000000
0.000000 1512.000000 0.000000 13.394191 0.000000 497.000000 0.000000 0.000000
0.000000 1515.000000 0.000000 12.466879 0.000000 496.000000 0.000000 0.000000
0.000000 1515.000000 0.000000 14.210251 0.000000 496.000000 0.000000 0.000000
0.000000 1522.000000 1555.000000 14.014052 27.805708 500.000000 1.000000 38.112299
0.000000 1522.000000 1569.000000 11.393133 35.246861 500.000000 3.000000 78.140271
0.000000 1525.000000 1554.000000 12.631504 25.008181 501.000000 3.000000 84.375000
0.000000 1525.000000 1555.000000 13.516707 26.954659 501.000000 5.000000 110.435294
0.000000 1526.000000 0.000000 14.287936 0.000000 503.000000 0.000000 0.000000
0.000000 1526.000000 0.000000 13.378899 0.000000 503.000000 0.000000 0.000000
0.000000 1530.000000 1553.000000 14.838536 24.822514 502.000000 5.000000 129.420732
0.000000 1530.000000 0.000000 15.525935 0.000000 502.000000 0.000000 0.000000
0.000000 1553.000000 0.000000 12.452972 0.000000 516.000000 0.000000 0.000000
0.000000 1553.000000 0.000000 11.954737 0.000000 516.000000 0.000000 0.000000
0.000000 1554.000000 1587.000000 12.877453 27.406325 512.000000 7.000000 144.634831
0.000000 1554.000000 0.000000 12.255553 0.000000 512.000000 0.000000 0.000000
0.000000 1555.000000 1583.000000 15.064804 27.728012 510.000000 1.000000 38.159341
0.000000 1555.000000 1578.000000 13.805343 24.590296 510.000000 2.000000 59.677215
0.000000 1555.000000 0.000000 12.358305 0.000000 513.000000 0.000000 0.000000
0.000000 1555.000000 0.000000 14.731537 0.000000 513.000000 0.000000 0.000000
0.000000 1569.000000 1593.000000 17.089572 32.283710 511.000000 5.000000 104.808824
0.000000 1569.000000 1590.000000 18.050088 28.268332 511.000000 6.000000 127.034091
0.000000 1578.000000 1607.000000 12.325530 23.586817 523.000000 3.000000 80.935065
0.000000 1578.000000 1611.000000 11.603173 25.926313 523.000000 6.000000 109.768293
0.000000 1583.000000 1613.000000 13.656696 27.524435 522.000000 1.000000 38.254237
0.000000 1583.000000 1610.000000 14.311193 26.417389 522.000000 2.000000 60.982558
0.000000 1587.000000 0.000000 12.536843 0.000000 520.000000 0.000000 0.000000
0.000000 1587.000000 0.000000 13.560411 0.000000 520.000000 0.000000 0.000000
0.000000 1590.000000 0.000000 14.289873 0.000000 527.000000 0.000000 0.000000
0.000000 1590.000000 0.000000 14.387874 0.000000 527.000000 0.000000 0.000000
0.000000 1593.000000 0.000000 16.730880 0.000000 526.000000 0.000000 0.000000
0.000000 1593.000000 0.000000 15.495906 0.000000 526.000000 0.000000 0.000000
0.000000 1607.000000 1641.000000 11.426208 25.685836 528.000000 6.000000 136.940476
0.000000 1607.000000 1637.000000 11.148217 24.911766 528.000000 7.000000 149.727811
0.000000 1610.000000 1642.000000 13.488181 29.224710 531.000000 4.000000 87.269841
0.000000 1610.000000 1634.000000 12.470669 23.720846 531.000000 4.000000 98.986928
0.000000 1611.000000 0.000000 12.339820 0.000000 529.000000 0.000000 0.000000
0.000000 1611.000000 0.000000 12.371569 0.000000 529.000000 0.000000 0.000000
0.000000 1613.000000 1650.000000 13.382237 29.119530 530.000000 1.000000 38.707182
0.000000 1613.000000 1641.000000 14.045728 27.365529 530.000000 2.000000 59.397727
0.000000 1634.000000 0.000000 10.924406 0.000000 541.000000 0.000000 0.000000
0.000000 1634.000000 0.000000 12.656896 0.000000 541.000000 0.000000 0.000000
0.000000 1637.000000 0.000000 11.257121 0.000000 539.000000 0.000000 0.000000
0.000000 1637.000000 0.000000 13.092461 0.000000 539.000000 0.000000 0.000000
0.000000 1641.000000 1673.000000 12.829138 26.025156 545.000000 3.000000 80.910180
0.000000 1641.000000 1672.000000 14.521267 28.183686 545.000000 4.000000 103.944134
0.000000 1641.000000 0.000000 12.606686 0.000000 538.000000 0.000000 0.000000
0.000000 1641.000000 0.000000 13.498285 0.000000 538.000000 0.000000 0.000000
0.000000 1642.000000 1673.000000 15.967603 33.601294 540.000000 6.000000 135.207048
0.000000 1642.000000 0.000000 13.511345 0.000000 540.000000 0.000000 0.000000
0.000000 1650.000000 1678.000000 15.823315 27.110731 544.000000 1.000000 37.829412
0.000000 1650.000000 1684.000000 13.557103 29.189442 544.000000 3.000000 67.388298
0.000000 1672.000000 0.000000 13.223555 0.000000 551.000000 0.000000 0.000000
0.000000 1672.000000 0.000000 14.351518 0.000000 551.000000 0.000000 0.000000
0.000000 1673.000000 1705.000000 13.905838 27.904393 550.000000 5.000000 124.899441
0.000000 1673.000000 0.000000 12.065847 0.000000 550.000000 0.000000 0.000000
0.000000 1673.000000 0.000000 16.055462 0.000000 554.000000 0.000000 0.000000
0.000000 1673.000000 0.000000 18.570358 0.000000 554.000000 0.000000 0.000000
0.000000 1678.000000 1708.000000 14.655680 25.982434 556.000000 1.000000 37.124224
0.000000 1678.000000 1711.000000 12.433894 27.514321 556.000000 3.000000 63.204678
0.000000 1684.000000 1714.000000 12.651057 26.393717 557.000000 5.000000 92.193939
0.000000 1684.000000 1708.000000 15.678188 27.833359 557.000000 4.000000 106.928962
0.000000 1705.000000 0.000000 13.724329 0.000000 560.000000 0.000000 0.000000
0.000000 1705.000000 0.000000 14.249840 0.000000 560.000000 0.000000 0.000000
0.000000 1708.000000 1741.000000 13.512568 25.854504 564.000000 1.000000 37.198758
0.000000 1708.000000 1735.000000 12.569790 23.894717 564.000000 2.000000 56.993506
0.000000 1708.000000 0.000000 14.543696 0.000000 567.000000 0.000000 0.000000
0.000000 1708.000000 0.000000 13.120006 0.000000 567.000000 0.000000 0.000000
0.000000 1711.000000 1741.000000 14.680588 31.635631 565.000000 4.000000 89.400990
0.000000 1711.000000 1741.000000 12.535255 24.695621 565.000000 5.000000 115.461538
0.000000 1714.000000 1741.000000 12.524591 23.611893 566.000000 6.000000 138.012987
0.000000 1714.000000 0.000000 13.383072 0.000000 566.000000 0.000000 0.000000
0.000000 1735.000000 1765.000000 12.241630 25.921829 571.000000 3.000000 77.005988
0.000000 1735.000000 1770.000000 12.472507 24.898513 571.000000 6.000000 108.622642
0.000000 1741.000000 1770.000000 13.313845 23.754835 570.000000 1.000000 36.053691
0.000000 1741.000000 1768.000000 12.088979 23.921077 570.000000 2.000000 56.960784
0.000000 1741.000000 1773.000000 15.830961 33.770833 574.000000 9.000000 143.568807
0.000000 1741.000000 1765.000000 16.660694 28.384616 574.000000 6.000000 146.104167
0.000000 1741.000000 0.000000 12.242898 0.000000 575.000000 0.000000 0.000000
0.000000 1741.000000 0.000000 11.201710 0.000000 575.000000 0.000000 0.000000
0.000000 1741.000000 0.000000 11.260059 0.000000 576.000000 0.000000 0.000000
0.000000 1741.000000 0.000000 13.563691 0.000000 576.000000 0.000000 0.000000
0.000000 1765.000000 1795.000000 11.309978 23.550495 578.000000 5.000000 116.934641
0.000000 1765.000000 1791.000000 13.536545 25.433973 578.000000 6.000000 128.750000
0.000000 1765.000000 0.000000 13.301925 0.000000 583.000000 0.000000 0.000000
0.000000 1765.000000 0.000000 14.411059 0.000000 583.000000 0.000000 0.000000
0.000000 1768.000000 1797.000000 12.413800 23.545698 581.000000 3.000000 75.866667
0.000000 1768.000000 1801.000000 11.379800 26.395471 581.000000 5.000000 105.260355
0.000000 1770.000000 1804.000000 12.211505 26.188509 580.000000 1.000000 36.993789
0.000000 1770.000000 1804.000000 11.264107 24.434891 580.000000 2.000000 60.288462
0.000000 1770.000000 0.000000 11.333017 0.000000 579.000000 0.000000 0.000000
0.000000 1770.000000 0.000000 13.474422 0.000000 579.000000 0.000000 0.000000
0.000000 1773.000000 0.000000 17.125529 0.000000 582.000000 0.000000 0.000000
0.000000 1773.000000 0.000000 16.171673 0.000000 582.000000 0.000000 0.000000
0.000000 1791.000000 0.000000 11.167758 0.000000 589.000000 0.000000 0.000000
0.000000 1791.000000 0.000000 13.383072 0.000000 589.000000 0.000000 0.000000
0.000000 1795.000000 0.000000 11.213225 0.000000 588.000000 0.000000 0.000000
0.000000 1795.000000 0.000000 12.295872 0.000000 588.000000 0.000000 0.000000
0.000000 1797.000000 1839.000000 10.068487 26.995547 592.000000 7.000000 136.344444
0.000000 1797.000000 1826.000000 13.394765 24.324925 592.000000 6.000000 128.403727
0.000000 1801.000000 0.000000 11.216525 0.000000 593.000000 0.000000 0.000000
0.000000 1801.000000 0.000000 14.536297 0.000000 593.000000 0.000000 0.000000
0.000000 1804.000000 1839.000000 13.345077 26.510007 594.000000 1.000000 36.812865
0.000000 1804.000000 1833.000000 11.301936 23.137669 594.000000 2.000000 56.510490
0.000000 1804.000000 1839.000000 12.549320 26.052445 595.000000 4.000000 86.029586
0.000000 1804.000000 1838.000000 12.522717 26.260885 595.000000 5.000000 107.840237
0.000000 1826.000000 0.000000 13.465694 0.000000 605.000000 0.000000 0.000000
0.000000 1826.000000 0.000000 10.971854 0.000000 605.000000 0.000000 0.000000
0.000000 1833.000000 1874.000000 11.420102 28.387651 609.000000 5.000000 91.005405
0.000000 1833.000000 1869.000000 10.503363 25.711404 609.000000 5.000000 107.746914
0.000000 1838.000000 0.000000 14.345275 0.000000 611.000000 0.000000 0.000000
0.000000 1838.000000 0.000000 12.236643 0.000000 611.000000 0.000000 0.000000
0.000000 1839.000000 1863.000000 13.792507 24.100665 608.000000 1.000000 35.486486
0.000000 1839.000000 1870.000000 12.451474 26.366590 608.000000 3.000000 62.017751
0.000000 1839.000000 1863.000000 14.293872 24.797160 610.000000 5.000000 118.407407
0.000000 1839.000000 0.000000 12.343106 0.000000 610.000000 0.000000 0.000000
0.000000 1839.000000 0.000000 12.609576 0.000000 604.000000 0.000000 0.000000
0.000000 1839.000000 0.000000 15.021825 0.000000 604.000000 0.000000 0.000000
0.000000 1863.000000 1903.000000 11.853147 25.308439 618.000000 1.000000 36.204819
0.000000 1863.000000 1903.000000 11.233790 29.471969 618.000000 2.000000 61.587302
0.000000 1863.000000 0.000000 11.291966 0.000000 620.000000 0.000000 0.000000
0.000000 1863.000000 0.000000 13.037775 0.000000 620.000000 0.000000 0.000000
0.000000 1869.000000 0.000000 12.232838 0.000000 615.000000 0.000000 0.000000
0.000000 1869.000000 0.000000 13.541005 0.000000 615.000000 0.000000 0.000000
0.000000 1870.000000 1897.000000 12.533991 23.516706 619.000000 3.000000 79.923567
0.000000 1870.000000 1902.000000 13.604316 25.502293 619.000000 5.000000 111.841463
0.000000 1874.000000 1903.000000 13.468990 27.887158 614.000000 7.000000 138.816216
0.000000 1874.000000 0.000000 13.572344 0.000000 614.000000 0.000000 0.000000
0.000000 1897.000000 1934.000000 12.114142 27.872711 630.000000 8.000000 141.285714
0.000000 1897.000000 1928.000000 11.485782 25.220155 630.000000 6.000000 145.826590
0.000000 1902.000000 0.000000 12.124566 0.000000 631.000000 0.000000 0.000000
0.000000 1902.000000 0.000000 13.136330 0.000000 631.000000 0.000000 0.000000
0.000000 1903.000000 1934.000000 12.905531 25.515642 624.000000 1.000000 36.286585
0.000000 1903.000000 1933.000000 12.425604 23.836348 624.000000 2.000000 58.019355
0.000000 1903.000000 1933.000000 14.689092 30.814761 625.000000 3.000000 82.954082
0.000000 1903.000000 1933.000000 14.635837 29.720271 625.000000 4.000000 110.356383
0.000000 1903.000000 0.000000 13.468821 0.000000 632.000000 0.000000 0.000000
0.000000 1903.000000 0.000000 14.969640 0.000000 632.000000 0.000000 0.000000
0.000000 1928.000000 0.000000 10.122079 0.000000 635.000000 0.000000 0.000000
0.000000 1928.000000 0.000000 14.704300 0.000000 635.000000 0.000000 0.000000
0.000000 1933.000000 1982.000000 11.350563 38.619521 639.000000 5.000000 107.605691
0.000000 1933.000000 1965.000000 12.377279 27.257990 639.000000 5.000000 108.402299
0.000000 1933.000000 1958.000000 16.136537 30.069962 640.000000 5.000000 119.837438
0.000000 1933.000000 1958.000000 13.419102 24.578468 640.000000 6.000000 145.869048
0.000000 1933.000000 0.000000 15.432013 0.000000 641.000000 0.000000 0.000000
0.000000 1933.000000 0.000000 14.516196 0.000000 641.000000 0.000000 0.000000
0.000000 1934.000000 1963.000000 13.163555 26.674595 638.000000 1.000000 36.859649
0.000000 1934.000000 1967.000000 11.393133 25.091303 638.000000 3.000000 63.527607
0.000000 1934.000000 0.000000 13.535980 0.000000 634.000000 0.000000 0.000000
0.000000 1934.000000 0.000000 14.453256 0.000000 634.000000 0.000000 0.000000
0.000000 1958.000000 0.000000 14.768089 0.000000 648.000000 0.000000 0.000000
0.000000 1958.000000 0.000000 15.474203 0.000000 648.000000 0.000000 0.000000
0.000000 1958.000000 0.000000 12.018458 0.000000 649.000000 0.000000 0.000000
0.000000 1958.000000 0.000000 13.252240 0.000000 649.000000 0.000000 0.000000
0.000000 1963.000000 1997.000000 13.281555 27.407218 652.000000 1.000000 37.548571
0.000000 1963.000000 1998.000000 13.079218 28.539988 652.000000 3.000000 63.016393
0.000000 1965.000000 0.000000 13.054535 0.000000 647.000000 0.000000 0.000000
0.000000 1965.000000 0.000000 13.681968 0.000000 647.000000 0.000000 0.000000
0.000000 1967.000000 1996.000000 11.202212 24.646276 653.000000 3.000000 85.283871
0.000000 1967.000000 2006.000000 12.664691 30.349421 653.000000 7.000000 132.030612
0.000000 1982.000000 0.000000 18.386664 0.000000 646.000000 0.000000 0.000000
0.000000 1982.000000 0.000000 20.073476 0.000000 646.000000 0.000000 0.000000
0.000000 1996.000000 2031.000000 11.373230 27.111604 664.000000 7.000000 149.567416
0.000000 1996.000000 0.000000 13.283819 0.000000 664.000000 0.000000 0.000000
0.000000 1997.000000 2025.000000 14.894489 26.521777 660.000000 1.000000 36.926136
0.000000 1997.000000 2027.000000 11.972019 24.881850 660.000000 3.000000 62.318750
0.000000 1998.000000 2034.000000 14.836776 37.720122 661.000000 5.000000 101.537815
0.000000 1998.000000 2035.000000 12.242898 30.721815 661.000000 7.000000 135.312500
0.000000 2006.000000 0.000000 14.496113 0.000000 665.000000 0.000000 0.000000
0.000000 2006.000000 0.000000 15.716683 0.000000 665.000000 0.000000 0.000000
0.000000 2025.000000 2057.000000 13.741089 26.780592 670.000000 1.000000 37.306818
0.000000 2025.000000 2056.000000 12.353028 26.137664 670.000000 2.000000 61.000000
0.000000 2027.000000 2056.000000 12.369613 26.296755 671.000000 3.000000 85.057803
0.000000 2027.000000 2058.000000 12.279535 25.108256 671.000000 7.000000 114.431250
0.000000 2031.000000 0.000000 12.590605 0.000000 668.000000 0.000000 0.000000
0.000000 2031.000000 0.000000 14.034799 0.000000 668.000000 0.000000 0.000000
0.000000 2034.000000 2056.000000 18.033508 29.106462 672.000000 5.000000 132.319372
0.000000 2034.000000 2052.000000 19.955609 30.239508 672.000000 6.000000 148.004785
0.000000 2035.000000 0.000000 15.393918 0.000000 673.000000 0.000000 0.000000
0.000000 2035.000000 0.000000 14.993621 0.000000 673.000000 0.000000 0.000000
0.000000 2052.000000 0.000000 14.141057 0.000000 683.000000 0.000000 0.000000
0.000000 2052.000000 0.000000 16.113131 0.000000 683.000000 0.000000 0.000000
0.000000 2056.000000 2082.000000 13.560637 27.770713 677.000000 3.000000 80.027027
0.000000 2056.000000 2093.000000 12.414212 30.896372 677.000000 6.000000 129.887179
0.000000 2056.000000 2090.000000 12.561495 27.361147 678.000000 7.000000 147.150538
0.000000 2056.000000 2079.000000 14.102452 25.979553 678.000000 6.000000 140.305882
0.000000 2056.000000 0.000000 14.799366 0.000000 682.000000 0.000000 0.000000
0.000000 2056.000000 0.000000 14.725539 0.000000 682.000000 0.000000 0.000000
0.000000 2057.000000 2088.000000 12.704994 23.489479 676.000000 1.000000 36.020833
0.000000 2057.000000 2093.000000 13.565599 32.995614 676.000000 3.000000 65.013889
0.000000 2058.000000 0.000000 13.035491 0.000000 679.000000 0.000000 0.000000
0.000000 2058.000000 0.000000 11.289247 0.000000 679.000000 0.000000 0.000000
0.000000 2079.000000 0.000000 11.969506 0.000000 691.000000 0.000000 0.000000
0.000000 2079.000000 0.000000 13.035927 0.000000 691.000000 0.000000 0.000000
0.000000 2082.000000 2112.000000 13.382866 26.913399 688.000000 5.000000 119.402299
0.000000 2082.000000 2107.000000 14.179531 28.700351 688.000000 6.000000 131.510417
0.000000 2088.000000 2120.000000 12.483649 25.874391 694.000000 1.000000 37.104938
0.000000 2088.000000 2123.000000 11.221208 24.604066 694.000000 3.000000 62.452830
0.000000 2090.000000 0.000000 13.339917 0.000000 690.000000 0.000000 0.000000
0.000000 2090.000000 0.000000 13.844259 0.000000 690.000000 0.000000 0.000000
0.000000 2093.000000 2123.000000 15.920250 32.987841 695.000000 4.000000 88.893720
0.000000 2093.000000 2117.000000 15.792015 29.232471 695.000000 4.000000 105.482051
0.000000 2093.000000 0.000000 15.487852 0.000000 689.000000 0.000000 0.000000
0.000000 2093.000000 0.000000 14.143406 0.000000 689.000000 0.000000 0.000000
0.000000 2107.000000 0.000000 14.678638 0.000000 701.000000 0.000000 0.000000
0.000000 2107.000000 0.000000 14.194991 0.000000 701.000000 0.000000 0.000000
0.000000 2112.000000 0.000000 12.479498 0.000000 700.000000 0.000000 0.000000
0.000000 2112.000000 0.000000 13.271474 0.000000 700.000000 0.000000 0.000000
0.000000 2117.000000 2136.000000 15.596490 25.142362 707.000000 7.000000 141.175141
0.000000 2117.000000 0.000000 13.467529 0.000000 707.000000 0.000000 0.000000
0.000000 2120.000000 2152.000000 13.747822 25.759856 702.000000 1.000000 36.843023
0.000000 2120.000000 2150.000000 12.081342 24.669208 702.000000 2.000000 59.392638
0.000000 2123.000000 2150.000000 13.230876 24.792176 703.000000 3.000000 82.440252
0.000000 2123.000000 2163.000000 11.273314 28.739207 703.000000 7.000000 133.562500
0.000000 2123.000000 2148.000000 15.799821 28.993305 706.000000 5.000000 122.489362
0.000000 2123.000000 2146.000000 15.452806 28.751725 706.000000 6.000000 144.619792
0.000000 2136.000000 0.000000 12.088571 0.000000 714.000000 0.000000 0.000000
0.000000 2136.000000 0.000000 13.221669 0.000000 714.000000 0.000000 0.000000
0.000000 2146.000000 0.000000 14.093989 0.000000 721.000000 0.000000 0.000000
0.000000 2146.000000 0.000000 14.104236 0.000000 721.000000 0.000000 0.000000
0.000000 2148.000000 0.000000 13.880889 0.000000 720.000000 0.000000 0.000000
0.000000 2148.000000 0.000000 15.353507 0.000000 720.000000 0.000000 0.000000
0.000000 2150.000000 2176.000000 13.375149 24.394014 717.000000 3.000000 77.788820
0.000000 2150.000000 2182.000000 11.360361 24.917738 717.000000 6.000000 111.478261
0.000000 2150.000000 2182.000000 11.514500 25.765326 718.000000 7.000000 134.866667
0.000000 2150.000000 2174.000000 13.028551 24.030888 718.000000 6.000000 134.262500
0.000000 2152.000000 2183.000000 12.544578 24.783103 716.000000 1.000000 36.708861
0.000000 2152.000000 2179.000000 13.310875 24.759287 716.000000 2.000000 57.443787
0.000000 2163.000000 0.000000 15.807933 0.000000 719.000000 0.000000 0.000000
0.000000 2163.000000 0.000000 14.746274 0.000000 719.000000 0.000000 0.000000
0.000000 2174.000000 0.000000 12.171445 0.000000 731.000000 0.000000 0.000000
0.000000 2174.000000 0.000000 11.771576 0.000000 731.000000 0.000000 0.000000
0.000000 2176.000000 2209.000000 11.433371 25.774990 728.000000 6.000000 125.870588
0.000000 2176.000000 2200.000000 13.094521 23.253881 728.000000 6.000000 127.093750
0.000000 2179.000000 2211.000000 13.468990 29.140601 733.000000 3.000000 81.411765
0.000000 2179.000000 2207.000000 11.519659 24.463237 733.000000 4.000000 99.606061
0.000000 2182.000000 0.000000 11.194933 0.000000 729.000000 0.000000 0.000000
0.000000 2182.000000 0.000000 13.631744 0.000000 729.000000 0.000000 0.000000
0.000000 2182.000000 0.000000 12.548282 0.000000 730.000000 0.000000 0.000000
0.000000 2182.000000 0.000000 14.153705 0.000000 730.000000 0.000000 0.000000
0.000000 2183.000000 2212.000000 12.166313 24.319966 732.000000 1.000000 35.860759
0.000000 2183.000000 2212.000000 11.750572 23.839488 732.000000 2.000000 57.876623
0.000000 2200.000000 0.000000 11.099329 0.000000 739.000000 0.000000 0.000000
0.000000 2200.000000 0.000000 12.418244 0.000000 739.000000 0.000000 0.000000
0.000000 2207.000000 0.000000 11.202212 0.000000 741.000000 0.000000 0.000000
0.000000 2207.000000 0.000000 11.583274 0.000000 741.000000 0.000000 0.000000
0.000000 2209.000000 0.000000 13.511908 0.000000 738.000000 0.000000 0.000000
0.000000 2209.000000 0.000000 12.131460 0.000000 738.000000 0.000000 0.000000
0.000000 2211.000000 2243.000000 12.551544 28.359927 740.000000 7.000000 131.027473
0.000000 2211.000000 2237.000000 15.484973 28.764829 740.000000 6.000000 141.446701
0.000000 2212.000000 2239.000000 12.904820 22.864761 746.000000 1.000000 35.317241
0.000000 2212.000000 2241.000000 11.364436 21.893188 746.000000 3.000000 57.007299
0.000000 2212.000000 2250.000000 11.394238 29.391268 747.000000 5.000000 91.582888
0.000000 2212.000000 2253.000000 12.322232 36.655806 747.000000 7.000000 128.559091
0.000000 2237.000000 0.000000 13.301228 0.000000 755.000000 0.000000 0.000000
0.000000 2237.000000 0.000000 16.146882 0.000000 755.000000 0.000000 0.000000
0.000000 2239.000000 2278.000000 10.454565 26.384902 756.000000 1.000000 36.614458
0.000000 2239.000000 2270.000000 11.961598 23.059098 756.000000 2.000000 55.662338
0.000000 2241.000000 2276.000000 11.079525 26.759191 757.000000 4.000000 85.107784
0.000000 2241.000000 2277.000000 11.384362 23.827577 757.000000 6.000000 111.234899
0.000000 2243.000000 0.000000 12.735782 0.000000 754.000000 0.000000 0.000000
0.000000 2243.000000 0.000000 14.355158 0.000000 754.000000 0.000000 0.000000
0.000000 2250.000000 2278.000000 15.087292 27.211638 758.000000 8.000000 136.623529
0.000000 2250.000000 2273.000000 15.487943 27.206178 758.000000 7.000000 146.758242
0.000000 2253.000000 0.000000 23.191036 0.000000 759.000000 0.000000 0.000000
0.000000 2253.000000 0.000000 13.598106 0.000000 759.000000 0.000000 0.000000
0.000000 2270.000000 2301.000000 10.883868 22.402818 763.000000 3.000000 74.192308
0.000000 2270.000000 2315.000000 11.894436 35.485328 763.000000 7.000000 127.281938
0.000000 2273.000000 0.000000 13.546569 0.000000 769.000000 0.000000 0.000000
0.000000 2273.000000 0.000000 13.659724 0.000000 769.000000 0.000000 0.000000
0.000000 2276.000000 0.000000 12.371662 0.000000 764.000000 0.000000 0.000000
0.000000 2276.000000 2303.000000 14.314775 26.315306 764.000000 7.000000 145.203297
0.000000 2277.000000 0.000000 12.160762 0.000000 765.000000 0.000000 0.000000
0.000000 2277.000000 0.000000 11.626603 0.000000 765.000000 0.000000 0.000000
0.000000 2278.000000 2310.000000 12.754752 25.394429 762.000000 1.000000 36.248485
0.000000 2278.000000 2312.000000 12.486240 29.043623 762.000000 3.000000 62.038889
0.000000 2278.000000 0.000000 12.491170 0.000000 768.000000 0.000000 0.000000
0.000000 2278.000000 0.000000 14.744329 0.000000 768.000000 0.000000 0.000000
0.000000 2301.000000 2337.000000 11.473888 26.451794 772.000000 6.000000 126.802260
0.000000 2301.000000 2331.000000 11.219953 26.289216 772.000000 6.000000 138.238372
0.000000 2303.000000 0.000000 13.378936 0.000000 777.000000 0.000000 0.000000
0.000000 2303.000000 0.000000 13.032159 0.000000 777.000000 0.000000 0.000000
0.000000 2310.000000 2335.000000 14.029054 22.266855 780.000000 1.000000 34.743056
0.000000 2310.000000 2339.000000 11.153442 26.197417 780.000000 3.000000 59.069767
0.000000 2312.000000 2337.000000 13.491784 26.093853 781.000000 4.000000 79.941520
0.000000 2312.000000 2344.000000 13.781565 30.419990 781.000000 7.000000 120.701031
0.000000 2315.000000 0.000000 16.649472 0.000000 773.000000 0.000000 0.000000
0.000000 2315.000000 0.000000 18.739999 0.000000 773.000000 0.000000 0.000000
0.000000 2331.000000 0.000000 13.071173 0.000000 785.000000 0.000000 0.000000
0.000000 2331.000000 0.000000 13.168872 0.000000 785.000000 0.000000 0.000000
0.000000 2335.000000 2367.000000 11.905447 23.081309 788.000000 1.000000 35.394737
0.000000 2335.000000 2371.000000 10.132574 25.129200 788.000000 3.000000 59.341463
0.000000 2337.000000 2371.000000 12.531894 26.984007 790.000000 6.000000 134.396648
0.000000 2337.000000 2367.000000 13.428825 28.072889 790.000000 6.000000 149.234375
0.000000 2337.000000 0.000000 12.721940 0.000000 784.000000 0.000000 0.000000
0.000000 2337.000000 0.000000 12.427908 0.000000 784.000000 0.000000 0.000000
0.000000 2339.000000 2371.000000 13.524033 29.343842 789.000000 4.000000 84.447917
0.000000 2339.000000 2375.000000 11.463968 27.316458 789.000000 7.000000 119.724324
0.000000 2344.000000 0.000000 15.479203 0.000000 791.000000 0.000000 0.000000
0.000000 2344.000000 0.000000 14.877343 0.000000 791.000000 0.000000 0.000000
0.000000 2367.000000 2396.000000 11.935529 23.027414 796.000000 1.000000 35.087838
0.000000 2367.000000 2397.000000 10.504295 22.902533 796.000000 3.000000 56.496599
0.000000 2367.000000 0.000000 13.378899 0.000000 799.000000 0.000000 0.000000
0.000000 2367.000000 0.000000 14.223757 0.000000 799.000000 0.000000 0.000000
0.000000 2371.000000 2405.000000 12.328021 28.951756 797.000000 5.000000 91.601093
0.000000 2371.000000 2398.000000 12.255553 23.661773 797.000000 6.000000 102.013158
0.000000 2371.000000 2401.000000 14.667064 31.181472 802.000000 8.000000 136.527094
0.000000 2371.000000 0.000000 14.197187 0.000000 802.000000 0.000000 0.000000
0.000000 2371.000000 0.000000 13.732002 0.000000 798.000000 0.000000 0.000000
0.000000 2371.000000 0.000000 14.452620 0.000000 798.000000 0.000000 0.000000
0.000000 2375.000000 0.000000 13.358011 0.000000 803.000000 0.000000 0.000000
0.000000 2375.000000 0.000000 14.149889 0.000000 803.000000 0.000000 0.000000
0.000000 2396.000000 2427.000000 11.707504 22.711702 806.000000 1.000000 35.326531
0.000000 2396.000000 2428.000000 10.342603 23.447982 806.000000 3.000000 57.105263
0.000000 2397.000000 2424.000000 11.299573 23.000070 807.000000 3.000000 75.086093
0.000000 2397.000000 2437.000000 11.601395 26.949444 807.000000 7.000000 120.494253
0.000000 2398.000000 0.000000 13.066132 0.000000 811.000000 0.000000 0.000000
0.000000 2398.000000 0.000000 10.258962 0.000000 811.000000 0.000000 0.000000
0.000000 2401.000000 0.000000 16.695215 0.000000 812.000000 0.000000 0.000000
0.000000 2401.000000 0.000000 15.303409 0.000000 812.000000 0.000000 0.000000
0.000000 2405.000000 2432.000000 13.620694 27.008914 810.000000 8.000000 133.697674
0.000000 2405.000000 0.000000 14.747414 0.000000 810.000000 0.000000 0.000000
0.000000 2424.000000 2461.000000 10.983670 25.868556 820.000000 7.000000 128.922619
0.000000 2424.000000 2453.000000 11.240382 23.232005 820.000000 6.000000 127.000000
0.000000 2427.000000 2460.000000 9.870335 23.301450 818.000000 1.000000 35.440000
0.000000 2427.000000 2459.000000 11.239975 22.968365 818.000000 2.000000 56.520000
0.000000 2428.000000 2463.000000 12.391800 28.587488 819.000000 5.000000 85.016043
0.000000 2428.000000 2463.000000 11.240382 26.499015 819.000000 6.000000 109.905882
0.000000 2432.000000 0.000000 13.383072 0.000000 826.000000 0.000000 0.000000
0.000000 2432.000000 0.000000 14.166469 0.000000 826.000000 0.000000 0.000000
0.000000 2437.000000 0.000000 14.451936 0.000000 821.000000 0.000000 0.000000
0.000000 2437.000000 0.000000 12.470669 0.000000 821.000000 0.000000 0.000000
0.000000 2453.000000 0.000000 11.200633 0.000000 829.000000 0.000000 0.000000
0.000000 2453.000000 0.000000 11.350578 0.000000 829.000000 0.000000 0.000000
0.000000 2459.000000 2492.000000 12.414212 25.767993 831.000000 4.000000 82.886228
0.000000 2459.000000 2491.000000 11.744350 25.151668 831.000000 4.000000 103.689873
0.000000 2460.000000 2491.000000 12.043532 23.399427 830.000000 1.000000 35.322148
0.000000 2460.000000 2495.000000 11.661548 28.108799 830.000000 3.000000 61.983607
0.000000 2461.000000 0.000000 13.621487 0.000000 828.000000 0.000000 0.000000
0.000000 2461.000000 0.000000 12.323883 0.000000 828.000000 0.000000 0.000000
0.000000 2463.000000 2490.000000 13.649435 24.953959 832.000000 5.000000 125.534591
0.000000 2463.000000 0.000000 13.527071 0.000000 832.000000 0.000000 0.000000
0.000000 2463.000000 0.000000 13.310875 0.000000 833.000000 0.000000 0.000000
0.000000 2463.000000 0.000000 13.488181 0.000000 833.000000 0.000000 0.000000
0.000000 2490.000000 0.000000 12.632077 0.000000 846.000000 0.000000 0.000000
0.000000 2490.000000 0.000000 13.452037 0.000000 846.000000 0.000000 0.000000
0.000000 2491.000000 2523.000000 12.739359 27.045029 842.000000 1.000000 36.850575
0.000000 2491.000000 2530.000000 10.503363 28.256299 842.000000 3.000000 65.967213
0.000000 2491.000000 0.000000 12.940278 0.000000 841.000000 0.000000 0.000000
0.000000 2491.000000 0.000000 12.666778 0.000000 841.000000 0.000000 0.000000
0.000000 2492.000000 2528.000000 12.551544 32.287369 840.000000 8.000000 147.282407
0.000000 2492.000000 0.000000 12.194904 0.000000 840.000000 0.000000 0.000000
0.000000 2495.000000 2526.000000 14.317309 29.418455 843.000000 4.000000 87.559585
0.000000 2495.000000 2524.000000 12.802033 26.706501 843.000000 5.000000 109.175439
0.000000 2523.000000 2553.000000 13.343890 25.754069 852.000000 1.000000 36.335404
0.000000 2523.000000 2555.000000 13.323774 29.398971 852.000000 3.000000 61.410526
0.000000 2524.000000 0.000000 13.327238 0.000000 859.000000 0.000000 0.000000
0.000000 2524.000000 0.000000 13.390940 0.000000 859.000000 0.000000 0.000000
0.000000 2526.000000 2559.000000 14.773933 31.550468 858.000000 7.000000 145.598039
0.000000 2526.000000 0.000000 15.387019 0.000000 858.000000 0.000000 0.000000
0.000000 2528.000000 0.000000 15.223808 0.000000 856.000000 0.000000 0.000000
0.000000 2528.000000 0.000000 16.856739 0.000000 856.000000 0.000000 0.000000
0.000000 2530.000000 2565.000000 13.556925 32.372298 853.000000 5.000000 104.962617
0.000000 2530.000000 2565.000000 13.695410 30.006719 853.000000 6.000000 133.875000
0.000000 2553.000000 2593.000000 12.128428 27.997462 860.000000 1.000000 37.491329
0.000000 2553.000000 2581.000000 12.770256 24.357153 860.000000 2.000000 56.270440
0.000000 2555.000000 2590.000000 15.664738 33.514357 861.000000 4.000000 91.646512
0.000000 2555.000000 2585.000000 13.390805 28.997805 861.000000 5.000000 112.417112
0.000000 2559.000000 0.000000 14.874393 0.000000 864.000000 0.000000 0.000000
0.000000 2559.000000 0.000000 16.285932 0.000000 864.000000 0.000000 0.000000
0.000000 2565.000000 0.000000 16.685015 0.000000 868.000000 0.000000 0.000000
0.000000 2565.000000 0.000000 15.414309 0.000000 868.000000 0.000000 0.000000
0.000000 2565.000000 0.000000 15.219013 0.000000 869.000000 0.000000 0.000000
0.000000 2565.000000 0.000000 15.270228 0.000000 869.000000 0.000000 0.000000
0.000000 2581.000000 2618.000000 11.287427 26.958628 871.000000 3.000000 80.755814
0.000000 2581.000000 2612.000000 13.221013 24.612410 871.000000 4.000000 95.475000
0.000000 2585.000000 0.000000 15.318357 0.000000 873.000000 0.000000 0.000000
0.000000 2585.000000 0.000000 13.469559 0.000000 873.000000 0.000000 0.000000
0.000000 2590.000000 2612.000000 17.039884 27.846999 872.000000 5.000000 119.988950
0.000000 2590.000000 0.000000 16.385087 0.000000 872.000000 0.000000 0.000000
0.000000 2593.000000 2620.000000 14.088602 24.537429 870.000000 1.000000 35.723684
0.000000 2593.000000 2624.000000 13.531875 25.998732 870.000000 3.000000 62.042169
7.000000 2612.000000 0.000000 11.470299 0.000000 881.000000 0.000000 0.000000
0.000000 2612.000000 0.000000 12.605620 0.000000 881.000000 0.000000 0.000000
0.000000 2612.000000 0.000000 12.414212 0.000000 884.000000 0.000000 0.000000
0.000000 2612.000000 0.000000 15.315583 0.000000 884.000000 0.000000 0.000000
5.000000 2618.000000 0.000000 13.672325 0.000000 880.000000 0.000000 0.000000
6.000000 2618.000000 0.000000 13.071173 0.000000 880.000000 0.000000 0.000000
1.000000 2620.000000 0.000000 12.552650 0.000000 886.000000 0.000000 0.000000
2.000000 2620.000000 0.000000 11.346223 0.000000 886.000000 0.000000 0.000000
3.000000 2624.000000 0.000000 12.356544 0.000000 887.000000 0.000000 0.000000
4.000000 2624.000000 0.000000 14.629264 0.000000 887.000000 0.000000 0.000000
