0.000000 0.000000 32.000000 0.000000 29.891999 0.000000 1.000000 36.101604
0.000000 0.000000 29.000000 0.000000 28.085386 0.000000 2.000000 61.128492
0.000000 0.000000 15.000000 0.000000 28.343548 0.000000 3.000000 74.581921
0.000000 0.000000 33.000000 0.000000 26.662009 0.000000 7.000000 129.649123
0.000000 0.000000 0.000000 0.000000 0.000000 0.000000 0.000000 0.000000
0.000000 0.000000 16.000000 0.000000 34.260699 0.000000 7.000000 144.367150
0.000000 0.000000 6.000000 0.000000 30.914100 0.000000 7.000000 149.560847
0.000000 6.000000 0.000000 15.383129 0.000000 7.000000 0.000000 0.000000
0.000000 6.000000 0.000000 15.328801 0.000000 7.000000 0.000000 0.000000
0.000000 15.000000 47.000000 13.535637 27.661747 3.000000 5.000000 110.792350
0.000000 15.000000 47.000000 14.179209 27.586963 3.000000 6.000000 136.934066
0.000000 16.000000 0.000000 15.929313 0.000000 6.000000 0.000000 0.000000
0.000000 16.000000 0.000000 17.891510 0.000000 6.000000 0.000000 0.000000
0.000000 29.000000 65.000000 13.572355 28.001488 2.000000 4.000000 90.021858
0.000000 29.000000 57.000000 13.510511 27.983526 2.000000 4.000000 102.271739
0.000000 32.000000 68.000000 15.539292 31.325679 1.000000 1.000000 36.989474
0.000000 32.000000 61.000000 13.310875 26.173297 1.000000 2.000000 58.924419
0.000000 33.000000 0.000000 13.832225 0.000000 4.000000 0.000000 0.000000
0.000000 33.000000 0.000000 13.357709 0.000000 4.000000 0.000000 0.000000
0.000000 47.000000 0.000000 12.814165 0.000000 10.000000 0.000000 0.000000
0.000000 47.000000 0.000000 15.217404 0.000000 10.000000 0.000000 0.000000
0.000000 47.000000 0.000000 13.364770 0.000000 11.000000 0.000000 0.000000
0.000000 47.000000 0.000000 14.201538 0.000000 11.000000 0.000000 0.000000
0.000000 57.000000 80.000000 14.254349 25.179553 15.000000 7.000000 148.076023
0.000000 57.000000 0.000000 13.772446 0.000000 15.000000 0.000000 0.000000
0.000000 61.000000 91.000000 14.509120 29.833391 17.000000 3.000000 82.904040
0.000000 61.000000 101.000000 11.426208 30.956812 17.000000 7.000000 130.321951
0.000000 65.000000 95.000000 14.682988 31.417059 14.000000 7.000000 143.741463
0.000000 65.000000 0.000000 13.251163 0.000000 14.000000 0.000000 0.000000
0.000000 68.000000 98.000000 16.436460 30.874135 16.000000 1.000000 36.994845
0.000000 68.000000 93.000000 14.483714 25.893468 16.000000 2.000000 59.865854
0.000000 80.000000 0.000000 11.973327 0.000000 24.000000 0.000000 0.000000
0.000000 80.000000 0.000000 12.702091 0.000000 24.000000 0.000000 0.000000
0.000000 91.000000 120.000000 14.644010 26.671003 26.000000 5.000000 124.436047
0.000000 91.000000 114.000000 15.322247 27.303911 26.000000 6.000000 133.711230
0.000000 93.000000 124.000000 12.387123 27.802147 31.000000 3.000000 85.867403
0.000000 93.000000 124.000000 12.323883 23.527733 31.000000 4.000000 110.150327
0.000000 95.000000 0.000000 15.736910 0.000000 28.000000 0.000000 0.000000
0.000000 95.000000 0.000000 15.256634 0.000000 28.000000 0.000000 0.000000
0.000000 98.000000 131.000000 16.477578 31.459914 30.000000 1.000000 37.463918
0.000000 98.000000 124.000000 14.829741 27.833886 30.000000 2.000000 59.894444
0.000000 101.000000 0.000000 15.566065 0.000000 27.000000 0.000000 0.000000
0.000000 101.000000 0.000000 14.448634 0.000000 27.000000 0.000000 0.000000
0.000000 114.000000 0.000000 13.254825 0.000000 35.000000 0.000000 0.000000
0.000000 114.000000 0.000000 14.129415 0.000000 35.000000 0.000000 0.000000
0.000000 120.000000 0.000000 13.586514 0.000000 34.000000 0.000000 0.000000
0.000000 120.000000 0.000000 13.358011 0.000000 34.000000 0.000000 0.000000
0.000000 124.000000 151.000000 14.461815 27.064428 41.000000 3.000000 80.491525
0.000000 124.000000 156.000000 12.094161 26.431421 41.000000 6.000000 115.280702
0.000000 124.000000 153.000000 14.100779 29.005473 36.000000 6.000000 133.441489
0.000000 124.000000 0.000000 13.383072 0.000000 36.000000 0.000000 0.000000
0.000000 124.000000 0.000000 11.924619 0.000000 37.000000 0.000000 0.000000
0.000000 124.000000 0.000000 11.240382 0.000000 37.000000 0.000000 0.000000
0.000000 131.000000 162.000000 15.343975 29.259473 40.000000 1.000000 36.923977
0.000000 131.000000 153.000000 15.548373 27.081830 40.000000 2.000000 57.298246
0.000000 151.000000 179.000000 12.375216 25.298255 48.000000 6.000000 116.862500
0.000000 151.000000 177.000000 14.396265 26.930771 48.000000 6.000000 135.780220
0.000000 153.000000 178.000000 13.489289 22.391132 55.000000 3.000000 71.393103
0.000000 153.000000 187.000000 13.245702 27.952061 55.000000 5.000000 108.083799
0.000000 153.000000 0.000000 14.102452 0.000000 50.000000 0.000000 0.000000
0.000000 153.000000 0.000000 14.381782 0.000000 50.000000 0.000000 0.000000
0.000000 156.000000 0.000000 12.223078 0.000000 49.000000 0.000000 0.000000
0.000000 156.000000 0.000000 13.356505 0.000000 49.000000 0.000000 0.000000
0.000000 162.000000 211.000000 15.415654 42.348375 54.000000 1.000000 43.070588
0.000000 162.000000 189.000000 13.449227 25.717782 54.000000 2.000000 59.822785
0.000000 177.000000 0.000000 14.272619 0.000000 57.000000 0.000000 0.000000
0.000000 177.000000 0.000000 13.391421 0.000000 57.000000 0.000000 0.000000
0.000000 178.000000 217.000000 11.309978 26.956024 58.000000 5.000000 122.536723
0.000000 178.000000 212.000000 12.069107 26.727928 58.000000 6.000000 137.688889
0.000000 179.000000 0.000000 11.355489 0.000000 56.000000 0.000000 0.000000
0.000000 179.000000 0.000000 13.075585 0.000000 56.000000 0.000000 0.000000
0.000000 187.000000 0.000000 13.401494 0.000000 59.000000 0.000000 0.000000
0.000000 187.000000 0.000000 14.155558 0.000000 59.000000 0.000000 0.000000
0.000000 189.000000 223.000000 13.458491 29.229355 65.000000 3.000000 84.637363
0.000000 189.000000 224.000000 12.488340 24.722561 65.000000 5.000000 111.181818
0.000000 211.000000 236.000000 19.694647 31.648337 64.000000 1.000000 38.781915
0.000000 211.000000 228.000000 22.706816 30.847163 64.000000 2.000000 62.037838
0.000000 212.000000 0.000000 13.068934 0.000000 69.000000 0.000000 0.000000
0.000000 212.000000 0.000000 13.208453 0.000000 69.000000 0.000000 0.000000
0.000000 217.000000 0.000000 13.469559 0.000000 68.000000 0.000000 0.000000
0.000000 217.000000 0.000000 13.325164 0.000000 68.000000 0.000000 0.000000
0.000000 223.000000 256.000000 14.579140 28.599960 74.000000 5.000000 136.351351
0.000000 223.000000 0.000000 14.369665 0.000000 74.000000 0.000000 0.000000
0.000000 224.000000 0.000000 13.392022 0.000000 75.000000 0.000000 0.000000
0.000000 224.000000 0.000000 11.677895 0.000000 75.000000 0.000000 0.000000
0.000000 228.000000 256.000000 15.929919 29.274562 77.000000 3.000000 80.392473
0.000000 228.000000 257.000000 17.019898 31.033910 77.000000 5.000000 110.500000
0.000000 236.000000 266.000000 17.209722 29.725563 76.000000 1.000000 38.510989
0.000000 236.000000 271.000000 13.820381 30.484320 76.000000 3.000000 69.027322
0.000000 256.000000 280.000000 14.828316 26.579906 86.000000 5.000000 106.630303
0.000000 256.000000 281.000000 14.346180 26.216021 86.000000 7.000000 134.126506
0.000000 256.000000 0.000000 14.142675 0.000000 82.000000 0.000000 0.000000
0.000000 256.000000 0.000000 15.150609 0.000000 82.000000 0.000000 0.000000
0.000000 257.000000 0.000000 16.655838 0.000000 87.000000 0.000000 0.000000
0.000000 257.000000 0.000000 14.537835 0.000000 87.000000 0.000000 0.000000
0.000000 266.000000 299.000000 16.383752 30.321202 88.000000 1.000000 38.445055
0.000000 266.000000 299.000000 12.371662 27.881576 88.000000 2.000000 65.033708
0.000000 271.000000 302.000000 15.677398 32.190522 89.000000 5.000000 96.029703
0.000000 271.000000 300.000000 14.521267 29.910696 89.000000 6.000000 120.704301
0.000000 280.000000 0.000000 12.529779 0.000000 90.000000 0.000000 0.000000
0.000000 280.000000 0.000000 13.277404 0.000000 90.000000 0.000000 0.000000
0.000000 281.000000 0.000000 13.269025 0.000000 91.000000 0.000000 0.000000
0.000000 281.000000 0.000000 12.956678 0.000000 91.000000 0.000000 0.000000
0.000000 299.000000 328.000000 16.677711 27.314523 96.000000 1.000000 37.189655
0.000000 299.000000 329.000000 13.250728 26.945145 96.000000 3.000000 62.488506
0.000000 299.000000 331.000000 12.331989 26.211513 97.000000 5.000000 89.746988
0.000000 299.000000 330.000000 14.513842 28.313963 97.000000 6.000000 113.310160
0.000000 300.000000 0.000000 14.466146 0.000000 99.000000 0.000000 0.000000
0.000000 300.000000 0.000000 14.566135 0.000000 99.000000 0.000000 0.000000
0.000000 302.000000 330.000000 15.798395 29.271714 98.000000 7.000000 141.005495
0.000000 302.000000 0.000000 16.362227 0.000000 98.000000 0.000000 0.000000
0.000000 328.000000 361.000000 14.362708 27.843383 104.000000 1.000000 36.530120
0.000000 328.000000 357.000000 12.261010 24.674851 104.000000 2.000000 58.375000
0.000000 329.000000 355.000000 13.463590 25.312038 105.000000 3.000000 79.832335
0.000000 329.000000 366.000000 12.219754 27.722360 105.000000 7.000000 125.038251
0.000000 330.000000 0.000000 13.058048 0.000000 107.000000 0.000000 0.000000
0.000000 330.000000 0.000000 13.970287 0.000000 107.000000 0.000000 0.000000
0.000000 330.000000 0.000000 14.845120 0.000000 110.000000 0.000000 0.000000
0.000000 330.000000 0.000000 13.865853 0.000000 110.000000 0.000000 0.000000
0.000000 331.000000 0.000000 12.371662 0.000000 106.000000 0.000000 0.000000
0.000000 331.000000 0.000000 13.343470 0.000000 106.000000 0.000000 0.000000
0.000000 355.000000 385.000000 12.764487 25.851971 114.000000 5.000000 122.202454
0.000000 355.000000 381.000000 12.255553 22.915590 114.000000 6.000000 134.901316
0.000000 357.000000 391.000000 12.242898 28.920048 113.000000 4.000000 86.529730
0.000000 357.000000 392.000000 11.553363 25.231412 113.000000 6.000000 114.084337
0.000000 361.000000 389.000000 15.102156 27.604691 112.000000 1.000000 36.419162
0.000000 361.000000 393.000000 12.162292 25.366062 112.000000 3.000000 63.598765
0.000000 366.000000 0.000000 14.153705 0.000000 115.000000 0.000000 0.000000
0.000000 366.000000 0.000000 14.794886 0.000000 115.000000 0.000000 0.000000
0.000000 381.000000 0.000000 10.863102 0.000000 123.000000 0.000000 0.000000
0.000000 381.000000 0.000000 10.834124 0.000000 123.000000 0.000000 0.000000
0.000000 385.000000 0.000000 13.217312 0.000000 122.000000 0.000000 0.000000
0.000000 385.000000 0.000000 12.068248 0.000000 122.000000 0.000000 0.000000
0.000000 389.000000 426.000000 13.041185 26.122111 126.000000 1.000000 35.350649
0.000000 389.000000 414.000000 13.594948 22.647180 126.000000 2.000000 52.554054
0.000000 391.000000 423.000000 15.510222 31.084469 124.000000 6.000000 134.786802
0.000000 391.000000 420.000000 13.325164 27.292531 124.000000 7.000000 152.071429
0.000000 392.000000 0.000000 13.037775 0.000000 125.000000 0.000000 0.000000
0.000000 392.000000 0.000000 12.286271 0.000000 125.000000 0.000000 0.000000
0.000000 393.000000 425.000000 12.307098 25.490657 127.000000 4.000000 87.969325
0.000000 393.000000 428.000000 12.463825 27.214586 127.000000 7.000000 118.816667
0.000000 414.000000 448.000000 11.223122 25.982698 135.000000 3.000000 72.084337
0.000000 414.000000 449.000000 11.207430 24.442918 135.000000 5.000000 97.515152
0.000000 420.000000 0.000000 13.301228 0.000000 137.000000 0.000000 0.000000
0.000000 420.000000 0.000000 13.559266 0.000000 137.000000 0.000000 0.000000
0.000000 423.000000 0.000000 15.572966 0.000000 136.000000 0.000000 0.000000
0.000000 423.000000 0.000000 15.323924 0.000000 136.000000 0.000000 0.000000
0.000000 425.000000 456.000000 12.283161 27.586450 140.000000 7.000000 139.017341
0.000000 425.000000 0.000000 13.170149 0.000000 140.000000 0.000000 0.000000
0.000000 426.000000 460.000000 13.171035 26.619949 134.000000 1.000000 35.878788
0.000000 426.000000 462.000000 12.405089 27.110180 134.000000 3.000000 61.547059
0.000000 428.000000 0.000000 13.289357 0.000000 141.000000 0.000000 0.000000
0.000000 428.000000 0.000000 13.543719 0.000000 141.000000 0.000000 0.000000
0.000000 448.000000 481.000000 13.695479 27.003111 142.000000 5.000000 111.385965
0.000000 448.000000 480.000000 11.921522 27.059491 142.000000 6.000000 135.668508
0.000000 449.000000 477.000000 13.349486 26.926296 143.000000 7.000000 151.037634
0.000000 449.000000 0.000000 11.257121 0.000000 143.000000 0.000000 0.000000
0.000000 456.000000 0.000000 14.385532 0.000000 148.000000 0.000000 0.000000
0.000000 456.000000 0.000000 13.842660 0.000000 148.000000 0.000000 0.000000
0.000000 460.000000 498.000000 13.032448 26.213949 150.000000 1.000000 35.969325
0.000000 460.000000 492.000000 12.494141 27.134613 150.000000 2.000000 57.345029
0.000000 462.000000 511.000000 13.645180 42.181212 151.000000 5.000000 112.623134
0.000000 462.000000 494.000000 13.462836 27.130140 151.000000 5.000000 111.710983
0.000000 477.000000 0.000000 12.283161 0.000000 156.000000 0.000000 0.000000
0.000000 477.000000 0.000000 13.880275 0.000000 156.000000 0.000000 0.000000
0.000000 480.000000 0.000000 13.807666 0.000000 155.000000 0.000000 0.000000
0.000000 480.000000 0.000000 13.004091 0.000000 155.000000 0.000000 0.000000
0.000000 481.000000 0.000000 14.687385 0.000000 154.000000 0.000000 0.000000
0.000000 481.000000 0.000000 13.033689 0.000000 154.000000 0.000000 0.000000
0.000000 492.000000 526.000000 13.573085 31.343170 161.000000 3.000000 80.328125
0.000000 492.000000 523.000000 12.493923 24.304609 161.000000 4.000000 101.222930
0.000000 494.000000 0.000000 14.359831 0.000000 163.000000 0.000000 0.000000
0.000000 494.000000 0.000000 13.057850 0.000000 163.000000 0.000000 0.000000
0.000000 498.000000 537.000000 14.169396 29.533772 160.000000 1.000000 37.406780
0.000000 498.000000 534.000000 11.343819 26.811590 160.000000 2.000000 61.678571
0.000000 511.000000 0.000000 21.340274 0.000000 162.000000 0.000000 0.000000
0.000000 511.000000 0.000000 20.656345 0.000000 162.000000 0.000000 0.000000
0.000000 523.000000 0.000000 11.147378 0.000000 171.000000 0.000000 0.000000
0.000000 523.000000 0.000000 12.381878 0.000000 171.000000 0.000000 0.000000
0.000000 526.000000 551.000000 14.645838 26.607761 170.000000 5.000000 107.315789
0.000000 526.000000 556.000000 16.238910 32.470400 170.000000 7.000000 147.377880
0.000000 534.000000 570.000000 13.462836 29.914944 175.000000 4.000000 93.041667
0.000000 534.000000 567.000000 12.425892 27.029350 175.000000 4.000000 113.608434
0.000000 537.000000 573.000000 15.095805 31.066828 174.000000 1.000000 38.734043
0.000000 537.000000 569.000000 14.402104 29.037735 174.000000 2.000000 63.390805
0.000000 551.000000 0.000000 13.671896 0.000000 180.000000 0.000000 0.000000
0.000000 551.000000 0.000000 12.250369 0.000000 180.000000 0.000000 0.000000
0.000000 556.000000 0.000000 15.254254 0.000000 181.000000 0.000000 0.000000
0.000000 556.000000 0.000000 16.436460 0.000000 181.000000 0.000000 0.000000
0.000000 567.000000 0.000000 14.539460 0.000000 183.000000 0.000000 0.000000
0.000000 567.000000 0.000000 13.589905 0.000000 183.000000 0.000000 0.000000
0.000000 569.000000 599.000000 14.632082 29.029726 185.000000 3.000000 86.365169
0.000000 569.000000 599.000000 14.606581 28.309616 185.000000 4.000000 113.193182
0.000000 570.000000 603.000000 14.076234 29.620281 182.000000 8.000000 150.041026
0.000000 570.000000 0.000000 15.418565 0.000000 182.000000 0.000000 0.000000
0.000000 573.000000 599.000000 15.364711 26.507116 184.000000 1.000000 36.666667
0.000000 573.000000 605.000000 14.591203 30.790912 184.000000 3.000000 66.637306
0.000000 599.000000 637.000000 13.376969 28.798780 196.000000 1.000000 38.465517
0.000000 599.000000 637.000000 12.474268 29.687114 196.000000 2.000000 67.651934
0.000000 599.000000 631.000000 14.636093 27.927305 192.000000 5.000000 137.241573
0.000000 599.000000 625.000000 13.963644 26.980899 192.000000 6.000000 148.662921
0.000000 599.000000 0.000000 13.401966 0.000000 193.000000 0.000000 0.000000
0.000000 599.000000 0.000000 14.262641 0.000000 193.000000 0.000000 0.000000
0.000000 603.000000 0.000000 14.369637 0.000000 194.000000 0.000000 0.000000
0.000000 603.000000 0.000000 14.585503 0.000000 194.000000 0.000000 0.000000
0.000000 605.000000 638.000000 14.367205 31.985742 197.000000 5.000000 106.916230
0.000000 605.000000 631.000000 15.587769 28.627688 197.000000 4.000000 110.435028
0.000000 625.000000 0.000000 12.131460 0.000000 201.000000 0.000000 0.000000
0.000000 625.000000 0.000000 14.552095 0.000000 201.000000 0.000000 0.000000
0.000000 631.000000 0.000000 15.705837 0.000000 207.000000 0.000000 0.000000
0.000000 631.000000 0.000000 13.166083 0.000000 207.000000 0.000000 0.000000
0.000000 631.000000 0.000000 13.315454 0.000000 200.000000 0.000000 0.000000
0.000000 631.000000 0.000000 14.857773 0.000000 200.000000 0.000000 0.000000
0.000000 637.000000 675.000000 14.045137 28.783398 198.000000 1.000000 37.606557
0.000000 637.000000 665.000000 14.175274 24.307149 198.000000 2.000000 57.374194
0.000000 637.000000 661.000000 16.450877 27.245612 199.000000 3.000000 79.278689
0.000000 637.000000 675.000000 13.060202 29.527435 199.000000 6.000000 129.882353
0.000000 638.000000 0.000000 15.259400 0.000000 206.000000 0.000000 0.000000
0.000000 638.000000 0.000000 15.567049 0.000000 206.000000 0.000000 0.000000
0.000000 661.000000 700.000000 14.037943 32.453322 216.000000 6.000000 139.469194
0.000000 661.000000 0.000000 12.754752 0.000000 216.000000 0.000000 0.000000
0.000000 665.000000 698.000000 13.000553 29.899773 215.000000 3.000000 82.902062
0.000000 665.000000 702.000000 11.881508 25.424646 215.000000 5.000000 115.043750
0.000000 675.000000 706.000000 15.426377 30.261020 214.000000 1.000000 38.320652
0.000000 675.000000 703.000000 12.600755 25.486728 214.000000 2.000000 61.938272
0.000000 675.000000 0.000000 13.380280 0.000000 217.000000 0.000000 0.000000
0.000000 675.000000 0.000000 15.496421 0.000000 217.000000 0.000000 0.000000
0.000000 698.000000 723.000000 14.400082 27.458170 222.000000 5.000000 114.138889
0.000000 698.000000 727.000000 14.413395 28.941848 222.000000 7.000000 149.409091
0.000000 700.000000 0.000000 15.332465 0.000000 220.000000 0.000000 0.000000
0.000000 700.000000 0.000000 17.166329 0.000000 220.000000 0.000000 0.000000
0.000000 702.000000 0.000000 12.754752 0.000000 223.000000 0.000000 0.000000
0.000000 702.000000 0.000000 12.330015 0.000000 223.000000 0.000000 0.000000
0.000000 703.000000 739.000000 12.784573 29.873809 225.000000 5.000000 96.564516
0.000000 703.000000 737.000000 12.371569 27.341459 225.000000 6.000000 117.464706
0.000000 706.000000 732.000000 15.210770 26.931204 224.000000 1.000000 36.795031
0.000000 706.000000 732.000000 14.587108 26.702439 224.000000 2.000000 61.502994
0.000000 723.000000 0.000000 13.535470 0.000000 228.000000 0.000000 0.000000
0.000000 723.000000 0.000000 12.983360 0.000000 228.000000 0.000000 0.000000
0.000000 727.000000 0.000000 14.344276 0.000000 229.000000 0.000000 0.000000
0.000000 727.000000 0.000000 14.324618 0.000000 229.000000 0.000000 0.000000
0.000000 732.000000 766.000000 14.293181 27.969742 236.000000 1.000000 37.305882
0.000000 732.000000 766.000000 11.377755 25.156567 236.000000 2.000000 61.649351
0.000000 732.000000 763.000000 13.272027 26.886158 237.000000 3.000000 82.550296
0.000000 732.000000 766.000000 13.401494 28.947290 237.000000 5.000000 113.456989
0.000000 737.000000 0.000000 13.266434 0.000000 235.000000 0.000000 0.000000
0.000000 737.000000 0.000000 12.402344 0.000000 235.000000 0.000000 0.000000
0.000000 739.000000 0.000000 14.538670 0.000000 234.000000 0.000000 0.000000
0.000000 739.000000 0.000000 14.655680 0.000000 234.000000 0.000000 0.000000
0.000000 763.000000 800.000000 11.124375 27.512615 244.000000 6.000000 138.072626
0.000000 763.000000 791.000000 14.522043 27.073283 244.000000 6.000000 140.677778
0.000000 766.000000 793.000000 14.334654 23.467242 242.000000 1.000000 35.193103
0.000000 766.000000 800.000000 12.297661 25.571055 242.000000 3.000000 61.867925
0.000000 766.000000 800.000000 13.499797 27.804726 243.000000 4.000000 87.093023
0.000000 766.000000 800.000000 12.325530 26.620874 243.000000 5.000000 112.662791
0.000000 766.000000 0.000000 14.363934 0.000000 245.000000 0.000000 0.000000
0.000000 766.000000 0.000000 14.587108 0.000000 245.000000 0.000000 0.000000
0.000000 791.000000 0.000000 13.324384 0.000000 251.000000 0.000000 0.000000
0.000000 791.000000 0.000000 13.774677 0.000000 251.000000 0.000000 0.000000
0.000000 793.000000 841.000000 10.928531 29.968880 252.000000 1.000000 38.387097
0.000000 793.000000 835.000000 12.104668 28.986512 252.000000 2.000000 61.475676
0.000000 800.000000 834.000000 13.298908 29.069082 253.000000 3.000000 86.630435
0.000000 800.000000 834.000000 12.297914 27.006955 253.000000 4.000000 112.852273
0.000000 800.000000 833.000000 14.466325 28.967435 254.000000 5.000000 137.692308
0.000000 800.000000 0.000000 12.967095 0.000000 254.000000 0.000000 0.000000
0.000000 800.000000 0.000000 13.337380 0.000000 255.000000 0.000000 0.000000
0.000000 800.000000 0.000000 12.255553 0.000000 255.000000 0.000000 0.000000
0.000000 800.000000 0.000000 13.131017 0.000000 250.000000 0.000000 0.000000
0.000000 800.000000 0.000000 15.157047 0.000000 250.000000 0.000000 0.000000
0.000000 833.000000 0.000000 14.472790 0.000000 264.000000 0.000000 0.000000
0.000000 833.000000 0.000000 15.273008 0.000000 264.000000 0.000000 0.000000
0.000000 834.000000 0.000000 14.452902 0.000000 262.000000 0.000000 0.000000
0.000000 834.000000 860.000000 14.064653 27.718359 262.000000 6.000000 152.139785
0.000000 834.000000 0.000000 13.400165 0.000000 263.000000 0.000000 0.000000
0.000000 834.000000 0.000000 13.000553 0.000000 263.000000 0.000000 0.000000
0.000000 835.000000 868.000000 14.749128 32.236946 261.000000 3.000000 90.052133
0.000000 835.000000 882.000000 13.606840 42.473270 261.000000 7.000000 151.407942
0.000000 841.000000 872.000000 15.095188 28.137784 260.000000 1.000000 37.203704
0.000000 841.000000 873.000000 14.912636 31.408034 260.000000 3.000000 65.378788
0.000000 860.000000 0.000000 11.921522 0.000000 273.000000 0.000000 0.000000
0.000000 860.000000 0.000000 15.631025 0.000000 273.000000 0.000000 0.000000
0.000000 868.000000 903.000000 14.638548 34.156600 276.000000 6.000000 143.791111
0.000000 868.000000 889.000000 17.792130 29.907069 276.000000 6.000000 136.946341
0.000000 872.000000 908.000000 14.265257 26.580247 278.000000 1.000000 36.895706
0.000000 872.000000 898.000000 13.474422 24.526507 278.000000 2.000000 55.388158
0.000000 873.000000 909.000000 16.678054 36.703228 279.000000 5.000000 96.004202
0.000000 873.000000 909.000000 14.808818 34.741771 279.000000 6.000000 129.321101
0.000000 882.000000 0.000000 20.949662 0.000000 277.000000 0.000000 0.000000
0.000000 882.000000 0.000000 21.766652 0.000000 277.000000 0.000000 0.000000
0.000000 889.000000 0.000000 15.171315 0.000000 283.000000 0.000000 0.000000
0.000000 889.000000 0.000000 15.243715 0.000000 283.000000 0.000000 0.000000
0.000000 898.000000 935.000000 12.414212 27.645085 285.000000 3.000000 81.853107
0.000000 898.000000 939.000000 10.326968 25.609640 285.000000 6.000000 113.216049
0.000000 903.000000 0.000000 17.073679 0.000000 282.000000 0.000000 0.000000
0.000000 903.000000 0.000000 16.975176 0.000000 282.000000 0.000000 0.000000
0.000000 908.000000 936.000000 14.215043 26.324389 284.000000 1.000000 36.522876
0.000000 908.000000 940.000000 12.626496 24.763593 284.000000 3.000000 61.315789
0.000000 909.000000 936.000000 18.877098 34.560958 286.000000 6.000000 136.201794
0.000000 909.000000 0.000000 17.929631 0.000000 286.000000 0.000000 0.000000
0.000000 909.000000 0.000000 16.477830 0.000000 287.000000 0.000000 0.000000
0.000000 909.000000 0.000000 16.870213 0.000000 287.000000 0.000000 0.000000
0.000000 935.000000 972.000000 13.297932 31.209902 292.000000 7.000000 141.773399
0.000000 935.000000 968.000000 14.286872 32.047438 292.000000 7.000000 152.701422
0.000000 936.000000 964.000000 11.754728 22.662364 296.000000 1.000000 35.444444
0.000000 936.000000 971.000000 13.343890 25.494893 296.000000 3.000000 61.854430
0.000000 936.000000 0.000000 15.684758 0.000000 298.000000 0.000000 0.000000
0.000000 936.000000 0.000000 19.236118 0.000000 298.000000 0.000000 0.000000
0.000000 939.000000 0.000000 12.400254 0.000000 293.000000 0.000000 0.000000
0.000000 939.000000 0.000000 13.496172 0.000000 293.000000 0.000000 0.000000
0.000000 940.000000 974.000000 12.558100 27.557353 297.000000 5.000000 97.088235
0.000000 940.000000 974.000000 11.087509 24.265912 297.000000 6.000000 121.333333
0.000000 964.000000 994.000000 11.699384 19.572508 304.000000 1.000000 55.475806
0.000000 964.000000 985.000000 11.359924 18.648000 304.000000 2.000000 70.208000
0.000000 968.000000 0.000000 14.397048 0.000000 303.000000 0.000000 0.000000
0.000000 968.000000 0.000000 16.545596 0.000000 303.000000 0.000000 0.000000
0.000000 971.000000 0.000000 12.219754 0.000000 305.000000 0.000000 0.000000
0.000000 971.000000 0.000000 13.087792 0.000000 305.000000 0.000000 0.000000
0.000000 972.000000 0.000000 15.157166 0.000000 302.000000 0.000000 0.000000
0.000000 972.000000 0.000000 16.162290 0.000000 302.000000 0.000000 0.000000
0.000000 974.000000 0.000000 13.025736 0.000000 310.000000 0.000000 0.000000
0.000000 974.000000 0.000000 14.205697 0.000000 310.000000 0.000000 0.000000
0.000000 974.000000 0.000000 10.918775 0.000000 311.000000 0.000000 0.000000
0.000000 974.000000 0.000000 12.128428 0.000000 311.000000 0.000000 0.000000
0.000000 985.000000 1061.000000 9.026096 44.808726 313.000000 5.000000 126.760417
0.000000 985.000000 1028.000000 9.739135 22.740637 313.000000 4.000000 116.219178
0.000000 994.000000 1042.000000 9.332757 26.551229 312.000000 1.000000 44.648810
0.000000 994.000000 1040.000000 9.764517 25.083848 312.000000 2.000000 69.859873
0.000000 1028.000000 0.000000 10.078638 0.000000 325.000000 0.000000 0.000000
0.000000 1028.000000 0.000000 12.045413 0.000000 325.000000 0.000000 0.000000
0.000000 1040.000000 1070.000000 11.915090 25.965774 327.000000 3.000000 95.676471
0.000000 1040.000000 1072.000000 12.911713 26.610256 327.000000 5.000000 128.739884
0.000000 1042.000000 1090.000000 12.956678 39.122829 326.000000 1.000000 45.265560
0.000000 1042.000000 1086.000000 13.331940 39.923670 326.000000 2.000000 83.693227
0.000000 1061.000000 0.000000 22.612148 0.000000 324.000000 0.000000 0.000000
0.000000 1061.000000 0.000000 23.209921 0.000000 324.000000 0.000000 0.000000
0.000000 1070.000000 1099.000000 12.635322 24.816477 330.000000 5.000000 140.159236
0.000000 1070.000000 0.000000 12.537297 0.000000 330.000000 0.000000 0.000000
0.000000 1072.000000 0.000000 13.335491 0.000000 331.000000 0.000000 0.000000
0.000000 1072.000000 0.000000 13.837023 0.000000 331.000000 0.000000 0.000000
0.000000 1086.000000 1114.000000 19.863586 37.688623 333.000000 5.000000 112.228814
0.000000 1086.000000 1117.000000 19.829289 43.027007 333.000000 7.000000 150.541516
0.000000 1090.000000 1111.000000 20.582743 32.031826 332.000000 1.000000 43.690355
0.000000 1090.000000 1107.000000 18.357829 27.935789 332.000000 2.000000 72.636364
0.000000 1099.000000 0.000000 13.358900 0.000000 336.000000 0.000000 0.000000
0.000000 1099.000000 0.000000 11.852585 0.000000 336.000000 0.000000 0.000000
0.000000 1107.000000 1144.000000 13.188039 29.865773 343.000000 5.000000 100.189189
0.000000 1107.000000 1141.000000 14.308987 32.672598 343.000000 6.000000 123.331731
0.000000 1111.000000 1137.000000 16.104657 27.886048 342.000000 1.000000 38.121212
0.000000 1111.000000 1138.000000 15.306852 28.933046 342.000000 3.000000 65.242938
0.000000 1114.000000 0.000000 18.109510 0.000000 340.000000 0.000000 0.000000
0.000000 1114.000000 0.000000 19.068195 0.000000 340.000000 0.000000 0.000000
0.000000 1117.000000 0.000000 21.106705 0.000000 341.000000 0.000000 0.000000
0.000000 1117.000000 0.000000 22.140027 0.000000 341.000000 0.000000 0.000000
0.000000 1137.000000 1176.000000 13.645405 29.304704 348.000000 1.000000 38.155914
0.000000 1137.000000 1163.000000 14.412556 24.532794 348.000000 2.000000 57.584416
0.000000 1138.000000 1174.000000 14.655680 33.344646 349.000000 4.000000 96.606796
0.000000 1138.000000 1169.000000 14.472790 27.614105 349.000000 5.000000 116.091892
0.000000 1141.000000 0.000000 17.532987 0.000000 347.000000 0.000000 0.000000
0.000000 1141.000000 0.000000 14.787723 0.000000 347.000000 0.000000 0.000000
0.000000 1144.000000 0.000000 13.483628 0.000000 346.000000 0.000000 0.000000
0.000000 1144.000000 0.000000 15.699830 0.000000 346.000000 0.000000 0.000000
0.000000 1163.000000 1209.000000 12.122042 33.443420 355.000000 5.000000 95.188119
0.000000 1163.000000 1200.000000 11.943076 29.631971 355.000000 4.000000 109.119792
0.000000 1169.000000 0.000000 13.025413 0.000000 357.000000 0.000000 0.000000
0.000000 1169.000000 0.000000 15.094421 0.000000 357.000000 0.000000 0.000000
0.000000 1174.000000 1198.000000 17.359586 30.036654 356.000000 5.000000 132.160622
0.000000 1174.000000 0.000000 15.247241 0.000000 356.000000 0.000000 0.000000
0.000000 1176.000000 1207.000000 13.899818 28.616154 354.000000 1.000000 37.721591
0.000000 1176.000000 1204.000000 14.284740 26.694398 354.000000 2.000000 61.464286
0.000000 1198.000000 0.000000 14.797370 0.000000 366.000000 0.000000 0.000000
0.000000 1198.000000 0.000000 15.303409 0.000000 366.000000 0.000000 0.000000
0.000000 1200.000000 0.000000 15.614655 0.000000 363.000000 0.000000 0.000000
0.000000 1200.000000 0.000000 14.627305 0.000000 363.000000 0.000000 0.000000
0.000000 1204.000000 1236.000000 12.358305 28.511587 369.000000 3.000000 88.551724
0.000000 1204.000000 1242.000000 13.577046 30.423997 369.000000 7.000000 127.107692
0.000000 1207.000000 1239.000000 13.985232 28.523643 368.000000 1.000000 37.988372
0.000000 1207.000000 1237.000000 14.499832 28.185349 368.000000 2.000000 63.112994
0.000000 1209.000000 0.000000 17.030133 0.000000 362.000000 0.000000 0.000000
0.000000 1209.000000 1230.000000 16.275455 28.470356 362.000000 6.000000 153.062147
0.000000 1230.000000 0.000000 13.283819 0.000000 379.000000 0.000000 0.000000
0.000000 1230.000000 0.000000 14.226343 0.000000 379.000000 0.000000 0.000000
0.000000 1236.000000 1269.000000 14.355424 29.472947 374.000000 5.000000 141.243523
0.000000 1236.000000 0.000000 13.964667 0.000000 374.000000 0.000000 0.000000
0.000000 1237.000000 1269.000000 14.516196 30.912829 377.000000 3.000000 86.161458
0.000000 1237.000000 1269.000000 14.151826 28.009248 377.000000 4.000000 113.905028
0.000000 1239.000000 1278.000000 13.887466 30.388590 376.000000 1.000000 38.754011
0.000000 1239.000000 1269.000000 13.600283 25.658194 376.000000 2.000000 59.890244
0.000000 1242.000000 0.000000 13.467529 0.000000 375.000000 0.000000 0.000000
0.000000 1242.000000 0.000000 16.580356 0.000000 375.000000 0.000000 0.000000
0.000000 1269.000000 1301.000000 13.164719 26.656103 387.000000 3.000000 82.313953
0.000000 1269.000000 1311.000000 12.536843 32.290549 387.000000 6.000000 127.980676
0.000000 1269.000000 1301.000000 16.713059 33.249500 384.000000 5.000000 134.719048
0.000000 1269.000000 0.000000 13.361209 0.000000 384.000000 0.000000 0.000000
0.000000 1269.000000 0.000000 13.054049 0.000000 385.000000 0.000000 0.000000
0.000000 1269.000000 0.000000 14.703198 0.000000 385.000000 0.000000 0.000000
0.000000 1269.000000 0.000000 14.158099 0.000000 382.000000 0.000000 0.000000
0.000000 1269.000000 0.000000 15.317261 0.000000 382.000000 0.000000 0.000000
0.000000 1278.000000 1319.000000 15.614735 39.079271 386.000000 1.000000 42.514894
0.000000 1278.000000 1309.000000 14.666740 28.083164 386.000000 2.000000 65.926136
0.000000 1301.000000 1329.000000 12.444711 24.301480 390.000000 5.000000 119.781250
0.000000 1301.000000 1330.000000 13.108363 26.715561 390.000000 7.000000 144.938889
0.000000 1301.000000 0.000000 15.657395 0.000000 392.000000 0.000000 0.000000
0.000000 1301.000000 0.000000 17.390473 0.000000 392.000000 0.000000 0.000000
0.000000 1309.000000 1336.000000 15.875331 27.821555 399.000000 3.000000 87.892045
0.000000 1309.000000 0.000000 12.488905 0.000000 399.000000 0.000000 0.000000
0.000000 1311.000000 0.000000 15.387051 0.000000 391.000000 0.000000 0.000000
0.000000 1311.000000 0.000000 16.349890 0.000000 391.000000 0.000000 0.000000
0.000000 1319.000000 1337.000000 22.073159 32.321914 398.000000 1.000000 39.611399
0.000000 1319.000000 1351.000000 16.892446 35.750768 398.000000 3.000000 81.131222
0.000000 1329.000000 0.000000 12.504281 0.000000 400.000000 0.000000 0.000000
0.000000 1329.000000 0.000000 11.099329 0.000000 400.000000 0.000000 0.000000
0.000000 1330.000000 0.000000 13.032159 0.000000 401.000000 0.000000 0.000000
0.000000 1330.000000 0.000000 13.089194 0.000000 401.000000 0.000000 0.000000
0.000000 1336.000000 1367.000000 12.667501 25.787471 404.000000 7.000000 140.101796
0.000000 1336.000000 1365.000000 14.027378 28.348549 404.000000 7.000000 160.136612
0.000000 1337.000000 1365.000000 16.457345 29.629360 408.000000 1.000000 38.636364
0.000000 1337.000000 1364.000000 14.774374 27.428042 408.000000 2.000000 63.672515
0.000000 1351.000000 1374.000000 17.927533 30.375993 409.000000 5.000000 105.938889
0.000000 1351.000000 1378.000000 17.955451 35.700745 409.000000 7.000000 146.572093
0.000000 1364.000000 1394.000000 13.618509 27.729048 417.000000 4.000000 88.016854
0.000000 1364.000000 1400.000000 13.983151 29.120085 417.000000 7.000000 126.386243
0.000000 1365.000000 1395.000000 15.006574 27.129237 416.000000 1.000000 37.628743
0.000000 1365.000000 1392.000000 13.684258 25.666993 416.000000 2.000000 60.956790
0.000000 1365.000000 0.000000 13.921534 0.000000 415.000000 0.000000 0.000000
0.000000 1365.000000 0.000000 13.712984 0.000000 415.000000 0.000000 0.000000
0.000000 1367.000000 0.000000 13.510524 0.000000 414.000000 0.000000 0.000000
0.000000 1367.000000 0.000000 11.935529 0.000000 414.000000 0.000000 0.000000
0.000000 1374.000000 0.000000 17.237029 0.000000 418.000000 0.000000 0.000000
0.000000 1374.000000 0.000000 13.012204 0.000000 418.000000 0.000000 0.000000
0.000000 1378.000000 0.000000 17.704769 0.000000 419.000000 0.000000 0.000000
0.000000 1378.000000 0.000000 18.527448 0.000000 419.000000 0.000000 0.000000
0.000000 1392.000000 1427.000000 13.149805 28.751459 423.000000 3.000000 86.655914
0.000000 1392.000000 1431.000000 12.303616 31.673058 423.000000 6.000000 122.980488
0.000000 1394.000000 1427.000000 13.404181 27.806977 420.000000 5.000000 139.022599
0.000000 1394.000000 0.000000 14.170263 0.000000 420.000000 0.000000 0.000000
0.000000 1395.000000 1434.000000 13.564181 31.454708 422.000000 1.000000 39.518717
0.000000 1395.000000 1427.000000 13.060202 26.227053 422.000000 2.000000 60.871166
0.000000 1400.000000 0.000000 14.529616 0.000000 421.000000 0.000000 0.000000
0.000000 1400.000000 0.000000 15.252110 0.000000 421.000000 0.000000 0.000000
0.000000 1427.000000 1474.000000 13.511414 40.302557 437.000000 5.000000 108.722008
0.000000 1427.000000 1460.000000 12.106857 24.457989 437.000000 5.000000 112.468354
0.000000 1427.000000 1458.000000 14.466146 29.954025 432.000000 6.000000 134.164103
0.000000 1427.000000 0.000000 13.448362 0.000000 432.000000 0.000000 0.000000
0.000000 1427.000000 0.000000 13.063435 0.000000 434.000000 0.000000 0.000000
0.000000 1427.000000 0.000000 15.431293 0.000000 434.000000 0.000000 0.000000
0.000000 1431.000000 0.000000 15.436188 0.000000 433.000000 0.000000 0.000000
0.000000 1431.000000 0.000000 14.346180 0.000000 433.000000 0.000000 0.000000
0.000000 1434.000000 1457.000000 16.710583 26.692102 436.000000 1.000000 36.928571
0.000000 1434.000000 1462.000000 14.538575 26.200238 436.000000 3.000000 63.901840
0.000000 1457.000000 1491.000000 13.403730 25.760783 448.000000 1.000000 37.049080
0.000000 1457.000000 1488.000000 12.259852 23.657351 448.000000 2.000000 57.786667
0.000000 1458.000000 0.000000 14.312619 0.000000 442.000000 0.000000 0.000000
0.000000 1458.000000 0.000000 15.436188 0.000000 442.000000 0.000000 0.000000
0.000000 1460.000000 0.000000 10.944405 0.000000 441.000000 0.000000 0.000000
0.000000 1460.000000 0.000000 12.325530 0.000000 441.000000 0.000000 0.000000
0.000000 1462.000000 1511.000000 12.319739 38.709382 449.000000 5.000000 117.012397
0.000000 1462.000000 1493.000000 13.586696 26.012627 449.000000 6.000000 111.847134
0.000000 1474.000000 0.000000 20.411400 0.000000 440.000000 0.000000 0.000000
0.000000 1474.000000 0.000000 20.208330 0.000000 440.000000 0.000000 0.000000
0.000000 1488.000000 1521.000000 12.656896 27.156505 451.000000 3.000000 81.011494
0.000000 1488.000000 1528.000000 11.173087 27.377439 451.000000 6.000000 118.907104
0.000000 1491.000000 1526.000000 13.132146 27.044923 450.000000 1.000000 38.186047
0.000000 1491.000000 1535.000000 11.209416 31.170092 450.000000 3.000000 71.585859
0.000000 1493.000000 0.000000 13.478100 0.000000 457.000000 0.000000 0.000000
0.000000 1493.000000 0.000000 11.997846 0.000000 457.000000 0.000000 0.000000
0.000000 1511.000000 0.000000 14.730051 0.000000 456.000000 0.000000 0.000000
0.000000 1511.000000 0.000000 23.118516 0.000000 456.000000 0.000000 0.000000
0.000000 1521.000000 1551.000000 13.468821 25.406961 460.000000 5.000000 122.896970
0.000000 1521.000000 1553.000000 13.512568 27.704820 460.000000 7.000000 152.932642
0.000000 1526.000000 1554.000000 13.670822 26.336781 462.000000 1.000000 37.644578
0.000000 1526.000000 1561.000000 12.358325 28.664870 462.000000 3.000000 67.408602
0.000000 1528.000000 0.000000 13.165400 0.000000 461.000000 0.000000 0.000000
0.000000 1528.000000 0.000000 13.394860 0.000000 461.000000 0.000000 0.000000
0.000000 1535.000000 1560.000000 14.845646 26.915041 463.000000 4.000000 92.488095
0.000000 1535.000000 1561.000000 14.768992 28.599832 463.000000 6.000000 119.505618
0.000000 1551.000000 0.000000 13.443706 0.000000 468.000000 0.000000 0.000000
0.000000 1551.000000 0.000000 11.977588 0.000000 468.000000 0.000000 0.000000
0.000000 1553.000000 0.000000 13.025998 0.000000 469.000000 0.000000 0.000000
0.000000 1553.000000 0.000000 14.366732 0.000000 469.000000 0.000000 0.000000
0.000000 1554.000000 1580.000000 13.165400 23.076911 470.000000 1.000000 35.833333
0.000000 1554.000000 1580.000000 12.211917 25.555876 470.000000 2.000000 58.757396
0.000000 1560.000000 0.000000 13.516387 0.000000 474.000000 0.000000 0.000000
0.000000 1560.000000 0.000000 12.331989 0.000000 474.000000 0.000000 0.000000
0.000000 1561.000000 1588.000000 14.358641 26.391287 471.000000 5.000000 93.329480
0.000000 1561.000000 0.000000 14.513216 0.000000 471.000000 0.000000 0.000000
0.000000 1561.000000 0.000000 15.466906 0.000000 475.000000 0.000000 0.000000
0.000000 1561.000000 0.000000 13.093728 0.000000 475.000000 0.000000 0.000000
0.000000 1580.000000 1619.000000 12.294514 27.451421 480.000000 1.000000 38.171429
0.000000 1580.000000 1620.000000 10.037026 25.935881 480.000000 3.000000 64.113924
0.000000 1580.000000 1610.000000 13.297767 29.109988 481.000000 3.000000 79.483696
0.000000 1580.000000 1617.000000 12.323883 26.845493 481.000000 5.000000 116.488372
0.000000 1588.000000 0.000000 13.379401 0.000000 484.000000 0.000000 0.000000
0.000000 1588.000000 1612.000000 13.259380 23.949777 484.000000 7.000000 151.325153
0.000000 1610.000000 1643.000000 13.443793 31.290695 490.000000 5.000000 123.750000
0.000000 1610.000000 0.000000 13.533575 0.000000 490.000000 0.000000 0.000000
0.000000 1612.000000 0.000000 12.048889 0.000000 493.000000 0.000000 0.000000
0.000000 1612.000000 0.000000 12.061299 0.000000 493.000000 0.000000 0.000000
0.000000 1617.000000 0.000000 14.402877 0.000000 491.000000 0.000000 0.000000
0.000000 1617.000000 0.000000 13.343890 0.000000 491.000000 0.000000 0.000000
0.000000 1619.000000 1656.000000 13.250332 28.485860 488.000000 1.000000 38.622222
0.000000 1619.000000 1649.000000 14.376810 30.058818 488.000000 2.000000 61.735135
0.000000 1620.000000 1654.000000 12.359722 26.707824 489.000000 4.000000 94.253012
0.000000 1620.000000 1654.000000 13.419275 30.694999 489.000000 5.000000 121.315271
0.000000 1643.000000 0.000000 15.737317 0.000000 494.000000 0.000000 0.000000
0.000000 1643.000000 0.000000 15.196986 0.000000 494.000000 0.000000 0.000000
0.000000 1649.000000 1679.000000 14.274641 27.928014 501.000000 3.000000 82.005435
0.000000 1649.000000 1673.000000 14.296777 26.525435 501.000000 4.000000 98.196532
0.000000 1654.000000 1687.000000 13.221079 29.144580 502.000000 9.000000 159.765957
0.000000 1654.000000 0.000000 13.491037 0.000000 502.000000 0.000000 0.000000
0.000000 1654.000000 0.000000 14.218068 0.000000 503.000000 0.000000 0.000000
0.000000 1654.000000 0.000000 15.600556 0.000000 503.000000 0.000000 0.000000
0.000000 1656.000000 1681.000000 15.404304 25.435640 500.000000 1.000000 37.069182
0.000000 1656.000000 1686.000000 13.490460 27.868741 500.000000 3.000000 64.737143
0.000000 1673.000000 1699.000000 13.535980 24.986984 507.000000 7.000000 147.229412
0.000000 1673.000000 0.000000 12.096943 0.000000 507.000000 0.000000 0.000000
0.000000 1679.000000 1712.000000 13.407821 31.167940 506.000000 6.000000 132.472637
0.000000 1679.000000 0.000000 13.259380 0.000000 506.000000 0.000000 0.000000
0.000000 1681.000000 1712.000000 12.065970 25.262671 512.000000 1.000000 36.482993
0.000000 1681.000000 1714.000000 13.219142 25.721476 512.000000 3.000000 61.065476
0.000000 1686.000000 1708.000000 14.359670 23.496751 513.000000 3.000000 79.337748
0.000000 1686.000000 1714.000000 13.571024 25.643342 513.000000 6.000000 110.955414
0.000000 1687.000000 0.000000 14.403651 0.000000 508.000000 0.000000 0.000000
0.000000 1687.000000 0.000000 15.434659 0.000000 508.000000 0.000000 0.000000
0.000000 1699.000000 0.000000 11.233863 0.000000 514.000000 0.000000 0.000000
0.000000 1699.000000 0.000000 14.088604 0.000000 514.000000 0.000000 0.000000
0.000000 1708.000000 1749.000000 11.086474 26.059294 520.000000 7.000000 138.555556
0.000000 1708.000000 1741.000000 12.308201 27.175925 520.000000 6.000000 142.702857
0.000000 1712.000000 1746.000000 12.486206 24.160183 518.000000 1.000000 35.979310
0.000000 1712.000000 1744.000000 12.267955 24.976598 518.000000 2.000000 56.401274
0.000000 1712.000000 0.000000 14.644385 0.000000 516.000000 0.000000 0.000000
0.000000 1712.000000 0.000000 16.158964 0.000000 516.000000 0.000000 0.000000
0.000000 1714.000000 1749.000000 12.378844 26.527342 519.000000 5.000000 86.447674
0.000000 1714.000000 1749.000000 12.330477 28.427908 519.000000 6.000000 112.566138
0.000000 1714.000000 0.000000 12.066232 0.000000 521.000000 0.000000 0.000000
0.000000 1714.000000 0.000000 12.494640 0.000000 521.000000 0.000000 0.000000
0.000000 1741.000000 0.000000 13.917595 0.000000 527.000000 0.000000 0.000000
0.000000 1741.000000 0.000000 12.549970 0.000000 527.000000 0.000000 0.000000
0.000000 1744.000000 1780.000000 12.735782 29.145343 529.000000 3.000000 83.480000
0.000000 1744.000000 1781.000000 11.620018 27.317938 529.000000 5.000000 110.829545
0.000000 1746.000000 1785.000000 11.651027 25.854106 528.000000 1.000000 36.772152
0.000000 1746.000000 1783.000000 11.264107 25.997192 528.000000 2.000000 59.945122
0.000000 1749.000000 1781.000000 12.524578 29.043600 532.000000 6.000000 137.388889
0.000000 1749.000000 0.000000 14.104029 0.000000 532.000000 0.000000 0.000000
0.000000 1749.000000 0.000000 15.469642 0.000000 533.000000 0.000000 0.000000
0.000000 1749.000000 0.000000 13.467196 0.000000 533.000000 0.000000 0.000000
0.000000 1749.000000 0.000000 13.165400 0.000000 526.000000 0.000000 0.000000
0.000000 1749.000000 0.000000 13.009252 0.000000 526.000000 0.000000 0.000000
0.000000 1780.000000 1805.000000 14.566135 26.030261 538.000000 5.000000 115.075949
0.000000 1780.000000 1805.000000 14.153705 25.960761 538.000000 6.000000 139.319018
0.000000 1781.000000 0.000000 13.929713 0.000000 539.000000 0.000000 0.000000
0.000000 1781.000000 0.000000 13.358900 0.000000 539.000000 0.000000 0.000000
0.000000 1781.000000 0.000000 14.537701 0.000000 542.000000 0.000000 0.000000
0.000000 1781.000000 0.000000 15.346934 0.000000 542.000000 0.000000 0.000000
0.000000 1783.000000 1814.000000 13.329504 27.663495 541.000000 3.000000 81.914286
0.000000 1783.000000 1817.000000 12.372238 27.578457 541.000000 5.000000 113.081395
0.000000 1785.000000 1818.000000 13.968457 27.520082 540.000000 1.000000 37.408537
0.000000 1785.000000 1822.000000 11.386191 27.856852 540.000000 3.000000 64.902857
0.000000 1805.000000 0.000000 12.502168 0.000000 548.000000 0.000000 0.000000
0.000000 1805.000000 0.000000 13.329949 0.000000 548.000000 0.000000 0.000000
0.000000 1805.000000 0.000000 12.323883 0.000000 549.000000 0.000000 0.000000
0.000000 1805.000000 0.000000 13.016928 0.000000 549.000000 0.000000 0.000000
0.000000 1814.000000 0.000000 13.407699 0.000000 554.000000 0.000000 0.000000
0.000000 1814.000000 1840.000000 14.367205 26.185008 554.000000 6.000000 136.432749
0.000000 1817.000000 0.000000 14.393270 0.000000 555.000000 0.000000 0.000000
0.000000 1817.000000 0.000000 13.347334 0.000000 555.000000 0.000000 0.000000
0.000000 1818.000000 1850.000000 14.020473 28.849873 556.000000 1.000000 37.697143
0.000000 1818.000000 1850.000000 13.393591 25.930721 556.000000 2.000000 62.915663
0.000000 1822.000000 1867.000000 12.381878 36.229031 557.000000 5.000000 117.977477
0.000000 1822.000000 1852.000000 14.593304 29.262626 557.000000 6.000000 114.486339
0.000000 1840.000000 0.000000 14.484258 0.000000 563.000000 0.000000 0.000000
0.000000 1840.000000 0.000000 13.022414 0.000000 563.000000 0.000000 0.000000
0.000000 1850.000000 1883.000000 14.948121 29.169826 566.000000 1.000000 38.710383
0.000000 1850.000000 1879.000000 13.384290 28.012418 566.000000 2.000000 62.071429
0.000000 1850.000000 1886.000000 12.494141 30.026670 567.000000 5.000000 98.862944
0.000000 1850.000000 1880.000000 13.590095 27.602933 567.000000 5.000000 112.919075
0.000000 1852.000000 0.000000 14.541703 0.000000 569.000000 0.000000 0.000000
0.000000 1852.000000 0.000000 14.854636 0.000000 569.000000 0.000000 0.000000
0.000000 1867.000000 0.000000 17.855154 0.000000 568.000000 0.000000 0.000000
0.000000 1867.000000 0.000000 16.375030 0.000000 568.000000 0.000000 0.000000
0.000000 1879.000000 1911.000000 13.499797 28.673486 573.000000 3.000000 88.417582
0.000000 1879.000000 1912.000000 13.645180 27.082408 573.000000 6.000000 116.379310
0.000000 1880.000000 0.000000 12.435791 0.000000 575.000000 0.000000 0.000000
0.000000 1880.000000 0.000000 14.265693 0.000000 575.000000 0.000000 0.000000
0.000000 1883.000000 1911.000000 14.126871 27.773118 572.000000 1.000000 37.403509
0.000000 1883.000000 1912.000000 14.802625 26.834294 572.000000 3.000000 63.532164
0.000000 1886.000000 1913.000000 14.366252 27.206473 574.000000 9.000000 145.005714
0.000000 1886.000000 0.000000 15.208535 0.000000 574.000000 0.000000 0.000000
0.000000 1911.000000 1942.000000 15.143971 29.365634 584.000000 1.000000 37.776536
0.000000 1911.000000 1944.000000 12.414121 26.878214 584.000000 3.000000 64.440994
0.000000 1911.000000 1944.000000 13.541861 28.462055 580.000000 8.000000 143.730159
0.000000 1911.000000 1937.000000 15.232582 26.951200 580.000000 6.000000 148.767045
0.000000 1912.000000 1942.000000 14.618974 28.337005 585.000000 3.000000 87.851648
0.000000 1912.000000 1942.000000 12.371662 25.506663 585.000000 4.000000 113.115854
0.000000 1912.000000 0.000000 14.513002 0.000000 581.000000 0.000000 0.000000
0.000000 1912.000000 0.000000 13.436782 0.000000 581.000000 0.000000 0.000000
0.000000 1913.000000 0.000000 13.407117 0.000000 586.000000 0.000000 0.000000
0.000000 1913.000000 0.000000 13.927324 0.000000 586.000000 0.000000 0.000000
0.000000 1937.000000 0.000000 12.211917 0.000000 591.000000 0.000000 0.000000
0.000000 1937.000000 0.000000 14.150234 0.000000 591.000000 0.000000 0.000000
0.000000 1942.000000 1970.000000 15.658242 28.651655 588.000000 1.000000 38.000000
0.000000 1942.000000 1972.000000 13.111444 25.517186 588.000000 3.000000 63.993827
0.000000 1942.000000 1971.000000 14.662780 27.187343 592.000000 6.000000 132.598870
0.000000 1942.000000 0.000000 13.335491 0.000000 592.000000 0.000000 0.000000
0.000000 1942.000000 0.000000 11.926212 0.000000 593.000000 0.000000 0.000000
0.000000 1942.000000 0.000000 13.317100 0.000000 593.000000 0.000000 0.000000
0.000000 1944.000000 1973.000000 13.168130 26.624986 589.000000 5.000000 90.372093
0.000000 1944.000000 1982.000000 13.200441 31.431752 589.000000 7.000000 138.316062
0.000000 1944.000000 0.000000 14.140446 0.000000 590.000000 0.000000 0.000000
0.000000 1944.000000 0.000000 13.921534 0.000000 590.000000 0.000000 0.000000
0.000000 1970.000000 2004.000000 14.184007 28.787421 600.000000 1.000000 38.005747
0.000000 1970.000000 1999.000000 13.699775 28.119184 600.000000 2.000000 61.154286
0.000000 1971.000000 0.000000 13.460291 0.000000 602.000000 0.000000 0.000000
0.000000 1971.000000 0.000000 14.103297 0.000000 602.000000 0.000000 0.000000
0.000000 1972.000000 2000.000000 11.954737 25.504476 601.000000 4.000000 87.222930
0.000000 1972.000000 2010.000000 13.474422 30.180918 601.000000 7.000000 134.593583
0.000000 1973.000000 2004.000000 13.390805 27.557509 606.000000 7.000000 145.045455
0.000000 1973.000000 0.000000 13.009252 0.000000 606.000000 0.000000 0.000000
0.000000 1982.000000 0.000000 16.595438 0.000000 607.000000 0.000000 0.000000
0.000000 1982.000000 0.000000 15.579357 0.000000 607.000000 0.000000 0.000000
0.000000 1999.000000 2032.000000 14.400412 30.754398 611.000000 3.000000 87.937824
0.000000 1999.000000 2034.000000 12.598914 31.065941 611.000000 6.000000 120.266667
0.000000 2000.000000 2033.000000 12.227433 24.748130 614.000000 7.000000 145.018182
0.000000 2000.000000 0.000000 12.331989 0.000000 614.000000 0.000000 0.000000
0.000000 2004.000000 2040.000000 15.050107 31.210739 610.000000 1.000000 38.842105
0.000000 2004.000000 2032.000000 13.491037 26.908042 610.000000 2.000000 61.357143
0.000000 2004.000000 0.000000 13.401494 0.000000 616.000000 0.000000 0.000000
0.000000 2004.000000 0.000000 14.004534 0.000000 616.000000 0.000000 0.000000
0.000000 2010.000000 0.000000 14.206984 0.000000 615.000000 0.000000 0.000000
0.000000 2010.000000 0.000000 16.600945 0.000000 615.000000 0.000000 0.000000
0.000000 2032.000000 2064.000000 14.780847 31.189529 625.000000 3.000000 87.407216
0.000000 2032.000000 2073.000000 12.189079 27.554800 625.000000 7.000000 135.016854
0.000000 2032.000000 2063.000000 14.649042 29.849747 620.000000 5.000000 136.031088
0.000000 2032.000000 0.000000 15.754748 0.000000 620.000000 0.000000 0.000000
0.000000 2033.000000 0.000000 12.957235 0.000000 622.000000 0.000000 0.000000
0.000000 2033.000000 0.000000 11.880867 0.000000 622.000000 0.000000 0.000000
0.000000 2034.000000 0.000000 14.448634 0.000000 621.000000 0.000000 0.000000
0.000000 2034.000000 0.000000 16.472159 0.000000 621.000000 0.000000 0.000000
0.000000 2040.000000 2070.000000 16.619222 31.859299 624.000000 1.000000 39.225641
0.000000 2040.000000 2064.000000 14.457692 25.096471 624.000000 2.000000 61.553333
0.000000 2063.000000 0.000000 15.889352 0.000000 632.000000 0.000000 0.000000
0.000000 2063.000000 0.000000 14.134282 0.000000 632.000000 0.000000 0.000000
0.000000 2064.000000 2098.000000 11.283207 26.657432 639.000000 4.000000 89.604790
0.000000 2064.000000 2095.000000 12.456428 24.808354 639.000000 4.000000 108.606667
0.000000 2064.000000 2086.000000 16.989629 27.069305 630.000000 5.000000 116.482759
0.000000 2064.000000 2086.000000 15.605928 25.033302 630.000000 6.000000 141.000000
0.000000 2070.000000 2095.000000 17.205566 28.756944 638.000000 1.000000 37.964286
0.000000 2070.000000 2101.000000 13.474422 28.951280 638.000000 3.000000 68.500000
0.000000 2073.000000 0.000000 13.021429 0.000000 631.000000 0.000000 0.000000
0.000000 2073.000000 0.000000 14.981549 0.000000 631.000000 0.000000 0.000000
0.000000 2086.000000 0.000000 13.624873 0.000000 644.000000 0.000000 0.000000
0.000000 2086.000000 0.000000 14.080768 0.000000 644.000000 0.000000 0.000000
0.000000 2086.000000 0.000000 11.148217 0.000000 645.000000 0.000000 0.000000
0.000000 2086.000000 0.000000 13.907037 0.000000 645.000000 0.000000 0.000000
0.000000 2095.000000 2121.000000 15.042921 25.290829 646.000000 1.000000 36.450331
0.000000 2095.000000 2124.000000 13.407970 25.615043 646.000000 3.000000 61.730061
0.000000 2095.000000 0.000000 12.330477 0.000000 643.000000 0.000000 0.000000
0.000000 2095.000000 0.000000 11.563235 0.000000 643.000000 0.000000 0.000000
0.000000 2098.000000 2126.000000 13.512568 24.180605 642.000000 7.000000 132.464968
0.000000 2098.000000 0.000000 12.529779 0.000000 642.000000 0.000000 0.000000
0.000000 2101.000000 2133.000000 14.507286 27.745647 647.000000 5.000000 96.812500
0.000000 2101.000000 2136.000000 13.527715 32.498405 647.000000 7.000000 132.568528
0.000000 2121.000000 2160.000000 13.013758 27.294244 654.000000 1.000000 37.138365
0.000000 2121.000000 2154.000000 11.833104 24.487223 654.000000 2.000000 58.779221
0.000000 2124.000000 2158.000000 12.576913 27.817546 655.000000 4.000000 87.955307
0.000000 2124.000000 0.000000 13.667511 0.000000 655.000000 0.000000 0.000000
0.000000 2126.000000 0.000000 11.278585 0.000000 658.000000 0.000000 0.000000
0.000000 2126.000000 0.000000 12.376167 0.000000 658.000000 0.000000 0.000000
0.000000 2133.000000 2162.000000 13.611981 27.409706 660.000000 8.000000 150.888235
0.000000 2133.000000 0.000000 14.438790 0.000000 660.000000 0.000000 0.000000
0.000000 2136.000000 0.000000 16.497754 0.000000 661.000000 0.000000 0.000000
0.000000 2136.000000 0.000000 15.500047 0.000000 661.000000 0.000000 0.000000
0.000000 2154.000000 2181.000000 13.382237 23.720846 663.000000 3.000000 72.013072
0.000000 2154.000000 2187.000000 11.191036 25.616760 663.000000 5.000000 102.949367
0.000000 2158.000000 2192.000000 13.650424 30.037988 664.000000 7.000000 141.341709
0.000000 2158.000000 0.000000 14.287936 0.000000 664.000000 0.000000 0.000000
0.000000 2160.000000 2200.000000 13.870572 30.566695 662.000000 1.000000 38.887701
0.000000 2160.000000 2192.000000 12.315814 24.817028 662.000000 2.000000 59.453333
0.000000 2162.000000 0.000000 12.540962 0.000000 668.000000 0.000000 0.000000
0.000000 2162.000000 0.000000 14.373276 0.000000 668.000000 0.000000 0.000000
0.000000 2181.000000 2218.000000 11.443460 26.348172 672.000000 5.000000 119.392857
0.000000 2181.000000 0.000000 11.132250 0.000000 672.000000 0.000000 0.000000
0.000000 2187.000000 0.000000 13.341232 0.000000 673.000000 0.000000 0.000000
0.000000 2187.000000 0.000000 11.974169 0.000000 673.000000 0.000000 0.000000
0.000000 2192.000000 2225.000000 11.395244 26.037335 677.000000 3.000000 83.946429
0.000000 2192.000000 2225.000000 12.380308 25.518377 677.000000 4.000000 107.836478
0.000000 2192.000000 0.000000 13.413553 0.000000 674.000000 0.000000 0.000000
0.000000 2192.000000 0.000000 16.231742 0.000000 674.000000 0.000000 0.000000
0.000000 2200.000000 2230.000000 16.082641 30.176563 676.000000 1.000000 38.320225
0.000000 2200.000000 2225.000000 13.670074 24.453531 676.000000 2.000000 60.474359
0.000000 2218.000000 0.000000 12.588742 0.000000 680.000000 0.000000 0.000000
0.000000 2218.000000 0.000000 13.107268 0.000000 680.000000 0.000000 0.000000
0.000000 2225.000000 2260.000000 12.283912 27.750944 689.000000 4.000000 90.958580
0.000000 2225.000000 2263.000000 11.307657 30.104934 689.000000 6.000000 122.798913
0.000000 2225.000000 2260.000000 12.303616 28.436528 684.000000 6.000000 143.180328
0.000000 2225.000000 0.000000 13.155345 0.000000 684.000000 0.000000 0.000000
0.000000 2225.000000 0.000000 12.303616 0.000000 685.000000 0.000000 0.000000
0.000000 2225.000000 0.000000 13.151819 0.000000 685.000000 0.000000 0.000000
0.000000 2230.000000 2270.000000 15.160624 35.521316 688.000000 1.000000 41.429787
0.000000 2230.000000 2259.000000 14.522163 27.029135 688.000000 2.000000 63.382857
0.000000 2259.000000 2291.000000 12.263701 28.261882 699.000000 3.000000 90.038462
0.000000 2259.000000 2296.000000 14.308870 34.259051 699.000000 5.000000 129.513514
0.000000 2260.000000 0.000000 13.390805 0.000000 692.000000 0.000000 0.000000
0.000000 2260.000000 0.000000 13.165400 0.000000 692.000000 0.000000 0.000000
0.000000 2260.000000 0.000000 14.461815 0.000000 694.000000 0.000000 0.000000
0.000000 2260.000000 0.000000 14.000932 0.000000 694.000000 0.000000 0.000000
0.000000 2263.000000 0.000000 14.442891 0.000000 693.000000 0.000000 0.000000
0.000000 2263.000000 0.000000 14.526755 0.000000 693.000000 0.000000 0.000000
0.000000 2270.000000 2297.000000 19.630889 34.467777 698.000000 1.000000 40.695652
0.000000 2270.000000 2299.000000 16.818483 33.658014 698.000000 3.000000 73.368664
0.000000 2291.000000 2323.000000 13.535980 29.419116 700.000000 6.000000 148.727273
0.000000 2291.000000 0.000000 14.627305 0.000000 700.000000 0.000000 0.000000
0.000000 2296.000000 0.000000 16.311929 0.000000 701.000000 0.000000 0.000000
0.000000 2296.000000 0.000000 17.433335 0.000000 701.000000 0.000000 0.000000
0.000000 2297.000000 2325.000000 18.781519 33.196743 708.000000 1.000000 39.930000
0.000000 2297.000000 2320.000000 15.346936 26.061633 708.000000 2.000000 64.000000
0.000000 2299.000000 2325.000000 16.534094 30.393623 709.000000 4.000000 97.949749
0.000000 2299.000000 2328.000000 16.699116 33.302888 709.000000 7.000000 135.328638
0.000000 2320.000000 2357.000000 13.306656 33.808077 715.000000 5.000000 99.688679
0.000000 2320.000000 2347.000000 13.358011 25.348287 715.000000 4.000000 108.987879
0.000000 2323.000000 0.000000 14.423558 0.000000 710.000000 0.000000 0.000000
0.000000 2323.000000 0.000000 14.333467 0.000000 710.000000 0.000000 0.000000
0.000000 2325.000000 2354.000000 17.220575 30.328192 714.000000 1.000000 38.273224
0.000000 2325.000000 2356.000000 15.800478 31.377587 714.000000 3.000000 68.529703
0.000000 2325.000000 2351.000000 15.450487 29.288473 716.000000 6.000000 144.075758
0.000000 2325.000000 0.000000 14.505939 0.000000 716.000000 0.000000 0.000000
0.000000 2328.000000 0.000000 17.744286 0.000000 717.000000 0.000000 0.000000
0.000000 2328.000000 0.000000 17.175982 0.000000 717.000000 0.000000 0.000000
0.000000 2347.000000 0.000000 12.251617 0.000000 719.000000 0.000000 0.000000
0.000000 2347.000000 0.000000 12.364992 0.000000 719.000000 0.000000 0.000000
0.000000 2351.000000 0.000000 14.367719 0.000000 724.000000 0.000000 0.000000
0.000000 2351.000000 0.000000 15.084658 0.000000 724.000000 0.000000 0.000000
0.000000 2354.000000 2379.000000 16.626046 27.708352 722.000000 1.000000 37.467066
0.000000 2354.000000 2381.000000 13.321267 25.651833 722.000000 3.000000 63.061350
0.000000 2356.000000 2379.000000 16.298864 26.785161 723.000000 3.000000 85.586207
0.000000 2356.000000 2374.000000 14.680003 23.274057 723.000000 4.000000 100.033557
0.000000 2357.000000 0.000000 17.831013 0.000000 718.000000 0.000000 0.000000
0.000000 2357.000000 0.000000 14.419791 0.000000 718.000000 0.000000 0.000000
0.000000 2374.000000 0.000000 11.280367 0.000000 735.000000 0.000000 0.000000
0.000000 2374.000000 0.000000 11.191036 0.000000 735.000000 0.000000 0.000000
0.000000 2379.000000 2410.000000 14.362708 25.501581 732.000000 1.000000 36.394904
0.000000 2379.000000 2404.000000 13.568782 22.498857 732.000000 2.000000 56.376712
0.000000 2379.000000 2412.000000 14.448634 29.879413 734.000000 8.000000 138.088083
0.000000 2379.000000 2408.000000 12.107014 26.216051 734.000000 7.000000 151.086705
0.000000 2381.000000 2410.000000 12.461864 24.794030 733.000000 4.000000 85.493506
0.000000 2381.000000 2413.000000 12.529779 26.030674 733.000000 7.000000 114.502994
0.000000 2404.000000 2439.000000 11.146234 25.633173 741.000000 3.000000 78.129630
0.000000 2404.000000 2435.000000 11.364436 24.481276 741.000000 4.000000 95.628931
0.000000 2408.000000 0.000000 12.334575 0.000000 743.000000 0.000000 0.000000
0.000000 2408.000000 0.000000 14.134594 0.000000 743.000000 0.000000 0.000000
0.000000 2410.000000 2453.000000 12.953533 31.900327 740.000000 1.000000 39.303665
0.000000 2410.000000 2447.000000 12.307034 27.733487 740.000000 2.000000 62.105263
0.000000 2410.000000 2444.000000 12.097728 26.373192 744.000000 7.000000 139.366864
0.000000 2410.000000 0.000000 13.221209 0.000000 744.000000 0.000000 0.000000
0.000000 2412.000000 0.000000 15.434176 0.000000 742.000000 0.000000 0.000000
0.000000 2412.000000 0.000000 14.198092 0.000000 742.000000 0.000000 0.000000
0.000000 2413.000000 0.000000 13.086354 0.000000 745.000000 0.000000 0.000000
0.000000 2413.000000 0.000000 11.973903 0.000000 745.000000 0.000000 0.000000
0.000000 2435.000000 0.000000 12.371662 0.000000 747.000000 0.000000 0.000000
0.000000 2435.000000 0.000000 12.434245 0.000000 747.000000 0.000000 0.000000
0.000000 2439.000000 2473.000000 12.376054 26.660961 746.000000 5.000000 126.473684
0.000000 2439.000000 2467.000000 12.487143 26.250706 746.000000 6.000000 137.288235
0.000000 2444.000000 0.000000 12.081966 0.000000 752.000000 0.000000 0.000000
0.000000 2444.000000 0.000000 15.045660 0.000000 752.000000 0.000000 0.000000
0.000000 2447.000000 2475.000000 13.300911 27.242670 751.000000 3.000000 83.648485
0.000000 2447.000000 2480.000000 13.483628 27.809908 751.000000 7.000000 118.779661
0.000000 2453.000000 2476.000000 16.387510 28.237885 750.000000 1.000000 37.125749
0.000000 2453.000000 2477.000000 14.507976 23.691273 750.000000 3.000000 61.729730
0.000000 2467.000000 0.000000 12.934192 0.000000 761.000000 0.000000 0.000000
0.000000 2467.000000 0.000000 12.910601 0.000000 761.000000 0.000000 0.000000
0.000000 2473.000000 0.000000 12.400254 0.000000 760.000000 0.000000 0.000000
0.000000 2473.000000 0.000000 14.246324 0.000000 760.000000 0.000000 0.000000
0.000000 2475.000000 2503.000000 12.588742 24.352484 764.000000 6.000000 124.516340
0.000000 2475.000000 0.000000 13.204593 0.000000 764.000000 0.000000 0.000000
0.000000 2476.000000 2500.000000 14.325783 24.918753 766.000000 1.000000 35.842105
0.000000 2476.000000 2503.000000 13.541005 24.885610 766.000000 3.000000 60.342105
0.000000 2477.000000 2505.000000 11.373420 22.681602 767.000000 5.000000 84.710145
0.000000 2477.000000 2507.000000 12.558100 24.524092 767.000000 7.000000 110.461538
0.000000 2480.000000 0.000000 13.439931 0.000000 765.000000 0.000000 0.000000
0.000000 2480.000000 0.000000 14.160807 0.000000 765.000000 0.000000 0.000000
0.000000 2500.000000 2534.000000 13.062743 26.094691 774.000000 1.000000 36.189542
0.000000 2500.000000 2530.000000 11.675190 23.712883 774.000000 2.000000 57.027586
0.000000 2503.000000 2533.000000 11.239975 24.081858 775.000000 4.000000 82.474026
0.000000 2503.000000 2539.000000 12.316199 27.819221 775.000000 7.000000 117.367816
0.000000 2503.000000 0.000000 11.209753 0.000000 772.000000 0.000000 0.000000
0.000000 2503.000000 0.000000 13.077124 0.000000 772.000000 0.000000 0.000000
0.000000 2505.000000 2542.000000 10.270496 25.683180 776.000000 9.000000 150.256098
0.000000 2505.000000 0.000000 12.384005 0.000000 776.000000 0.000000 0.000000
0.000000 2507.000000 0.000000 12.285402 0.000000 777.000000 0.000000 0.000000
0.000000 2507.000000 0.000000 12.381878 0.000000 777.000000 0.000000 0.000000
0.000000 2530.000000 2567.000000 11.309978 27.751468 781.000000 4.000000 83.837079
0.000000 2530.000000 2568.000000 11.380755 28.872392 781.000000 6.000000 112.589888
0.000000 2533.000000 2566.000000 11.216525 24.105531 782.000000 6.000000 133.509317
0.000000 2533.000000 2563.000000 11.930531 25.668494 782.000000 6.000000 149.204969
0.000000 2534.000000 2569.000000 12.221694 24.603667 780.000000 1.000000 35.516340
0.000000 2534.000000 2565.000000 12.703438 26.315569 780.000000 2.000000 57.900621
0.000000 2539.000000 0.000000 13.378899 0.000000 783.000000 0.000000 0.000000
0.000000 2539.000000 0.000000 13.067410 0.000000 783.000000 0.000000 0.000000
0.000000 2542.000000 0.000000 12.210531 0.000000 786.000000 0.000000 0.000000
0.000000 2542.000000 0.000000 12.771684 0.000000 786.000000 0.000000 0.000000
0.000000 2563.000000 0.000000 12.118537 0.000000 793.000000 0.000000 0.000000
0.000000 2563.000000 0.000000 12.876573 0.000000 793.000000 0.000000 0.000000
0.000000 2565.000000 2591.000000 13.315854 25.638604 795.000000 3.000000 71.798742
0.000000 2565.000000 2603.000000 12.488905 27.789743 795.000000 5.000000 116.245614
0.000000 2566.000000 0.000000 12.327593 0.000000 792.000000 0.000000 0.000000
0.000000 2566.000000 0.000000 12.001665 0.000000 792.000000 0.000000 0.000000
0.000000 2567.000000 2597.000000 13.467529 27.667783 790.000000 6.000000 126.983516
0.000000 2567.000000 2597.000000 13.540677 27.111307 790.000000 7.000000 153.189944
0.000000 2568.000000 0.000000 14.274641 0.000000 791.000000 0.000000 0.000000
0.000000 2568.000000 0.000000 14.466559 0.000000 791.000000 0.000000 0.000000
0.000000 2569.000000 2604.000000 12.954953 27.240741 794.000000 1.000000 37.093023
0.000000 2569.000000 2604.000000 11.248858 24.813875 794.000000 2.000000 61.483660
0.000000 2591.000000 2633.000000 11.614247 31.311810 802.000000 5.000000 133.445000
0.000000 2591.000000 2625.000000 13.286268 28.396552 802.000000 6.000000 140.234043
0.000000 2597.000000 0.000000 14.416310 0.000000 806.000000 0.000000 0.000000
0.000000 2597.000000 0.000000 13.135132 0.000000 806.000000 0.000000 0.000000
0.000000 2597.000000 0.000000 12.131460 0.000000 807.000000 0.000000 0.000000
0.000000 2597.000000 0.000000 14.298773 0.000000 807.000000 0.000000 0.000000
0.000000 2603.000000 0.000000 13.077124 0.000000 803.000000 0.000000 0.000000
0.000000 2603.000000 0.000000 14.848739 0.000000 803.000000 0.000000 0.000000
0.000000 2604.000000 2636.000000 13.746198 27.307114 810.000000 1.000000 37.456140
0.000000 2604.000000 2639.000000 12.408154 30.492220 810.000000 3.000000 65.938776
0.000000 2604.000000 2638.000000 12.150595 25.743625 811.000000 4.000000 90.889571
0.000000 2604.000000 2636.000000 11.514500 28.156985 811.000000 4.000000 113.076923
0.000000 2625.000000 0.000000 14.547401 0.000000 813.000000 0.000000 0.000000
0.000000 2625.000000 0.000000 13.978716 0.000000 813.000000 0.000000 0.000000
9.000000 2633.000000 0.000000 15.716992 0.000000 812.000000 0.000000 0.000000
0.000000 2633.000000 0.000000 16.450609 0.000000 812.000000 0.000000 0.000000
1.000000 2636.000000 0.000000 13.041185 0.000000 820.000000 0.000000 0.000000
2.000000 2636.000000 0.000000 13.426281 0.000000 820.000000 0.000000 0.000000
7.000000 2636.000000 0.000000 13.487125 0.000000 823.000000 0.000000 0.000000
8.000000 2636.000000 0.000000 13.568105 0.000000 823.000000 0.000000 0.000000
5.000000 2638.000000 0.000000 13.385164 0.000000 822.000000 0.000000 0.000000
6.000000 2638.000000 0.000000 12.119720 0.000000 822.000000 0.000000 0.000000
3.000000 2639.000000 0.000000 16.620830 0.000000 821.000000 0.000000 0.000000
4.000000 2639.000000 0.000000 13.452851 0.000000 821.000000 0.000000 0.000000
