0.000000 2.258065 2.455402
1.000000 2.258065 2.476681
2.000000 2.096774 2.292749
3.000000 2.258065 2.513380
4.000000 2.258065 2.453024
5.000000 2.419355 2.582466
6.000000 2.419355 2.587945
7.000000 2.580645 2.704807
8.000000 2.580645 2.730846
9.000000 2.580645 2.790428
10.000000 2.580645 2.764375
11.000000 2.741935 2.963598
12.000000 2.741935 2.945296
13.000000 2.741935 3.022368
14.000000 2.903226 3.146220
15.000000 2.903226 3.111085
16.000000 3.064516 3.303695
17.000000 3.064516 3.317036
18.000000 3.064516 3.282193
19.000000 3.225806 3.442776
20.000000 3.225806 3.413761
21.000000 3.387097 3.586085
22.000000 3.387097 3.554702
23.000000 3.387097 3.659383
24.000000 3.548387 3.812830
25.000000 3.548387 3.800839
26.000000 3.548387 3.907333
27.000000 3.709677 3.998824
28.000000 3.870968 4.148907
29.000000 4.032258 4.353264
30.000000 3.870968 4.315924
31.000000 4.193548 4.475730
32.000000 4.193548 4.618736
33.000000 2.096774 2.285359
34.000000 2.258065 2.520345
35.000000 2.258065 2.508967
36.000000 2.419355 2.555798
37.000000 2.419355 2.561274
38.000000 2.419355 2.609818
39.000000 2.419355 2.686887
40.000000 2.419355 2.643401
41.000000 2.741935 2.835503
42.000000 2.741935 2.913650
43.000000 2.741935 2.916137
44.000000 2.741935 2.953626
45.000000 2.741935 2.960800
46.000000 2.903226 3.090411
47.000000 2.903226 3.140504
48.000000 2.903226 3.211539
49.000000 3.064516 3.295227
50.000000 3.064516 3.313634
51.000000 3.064516 3.353329
52.000000 3.225806 3.465553
53.000000 3.387097 3.672392
54.000000 3.387097 3.720559
55.000000 3.387097 3.770648
56.000000 3.548387 3.865298
57.000000 3.548387 3.882147
58.000000 3.709677 4.070417
59.000000 3.870968 4.167424
60.000000 3.870968 4.205810
61.000000 1.935484 2.074707
62.000000 2.258065 2.476681
63.000000 2.096774 2.292749
64.000000 2.258065 2.421296
65.000000 2.258065 2.405468
66.000000 2.258065 2.476681
67.000000 2.258065 2.405850
68.000000 2.419355 2.578381
69.000000 2.419355 2.639528
70.000000 2.580645 2.743568
71.000000 2.580645 2.777831
72.000000 2.580645 2.741743
73.000000 2.741935 2.877028
74.000000 2.741935 2.953870
75.000000 2.903226 3.049412
76.000000 2.903226 3.029030
77.000000 2.903226 3.109575
78.000000 2.903226 3.103167
79.000000 2.903226 3.199496
80.000000 3.064516 3.359528
81.000000 3.225806 3.470094
82.000000 3.225806 3.460255
83.000000 3.225806 3.515929
84.000000 3.387097 3.647956
85.000000 3.548387 3.805322
86.000000 3.548387 3.812657
87.000000 3.709677 3.955105
88.000000 3.709677 3.993939
89.000000 3.870968 4.185016
90.000000 3.870968 4.125751
91.000000 3.870968 4.311947
92.000000 2.096774 2.203371
93.000000 2.258065 2.389960
94.000000 2.258065 2.391043
95.000000 2.258065 2.349849
96.000000 2.258065 2.391352
97.000000 2.258065 2.423380
98.000000 2.258065 2.435832
99.000000 2.419355 2.547736
100.000000 2.419355 2.578488
101.000000 2.419355 2.549493
102.000000 2.580645 2.724060
103.000000 2.580645 2.775633
104.000000 2.741935 2.792457
105.000000 2.741935 2.871918
106.000000 2.741935 2.859973
107.000000 2.741935 2.846813
108.000000 2.903226 3.079241
109.000000 2.903226 3.068575
110.000000 2.903226 3.025712
111.000000 2.903226 3.142460
112.000000 3.064516 3.251327
113.000000 3.064516 3.272316
114.000000 3.225806 3.401843
115.000000 3.387097 3.575893
116.000000 3.387097 3.647853
117.000000 3.387097 3.763962
118.000000 3.548387 3.803064
119.000000 3.709677 3.951404
120.000000 3.548387 3.923065
121.000000 3.870968 4.137721
122.000000 3.870968 4.209960
123.000000 3.870968 4.274582
124.000000 3.870968 4.316793
125.000000 4.032258 4.503180
126.000000 4.193548 4.585243
127.000000 4.193548 4.704614
128.000000 4.354839 4.896122
129.000000 4.516129 5.030346
130.000000 4.677419 5.209999
131.000000 4.677419 5.234160
132.000000 2.419355 2.700363
133.000000 2.580645 2.836611
134.000000 2.580645 2.845431
135.000000 2.580645 2.838079
136.000000 2.741935 3.005275
137.000000 2.741935 3.086330
138.000000 2.903226 3.180120
139.000000 2.903226 3.199275
140.000000 2.903226 3.226667
141.000000 3.064516 3.338584
142.000000 3.064516 3.371257
143.000000 3.225806 3.556442
144.000000 3.225806 3.538934
145.000000 3.387097 3.673668
146.000000 3.387097 3.704899
147.000000 3.387097 3.735007
148.000000 3.548387 3.909394
149.000000 3.709677 4.107442
150.000000 3.709677 4.021681
151.000000 3.870968 4.259879
152.000000 4.032258 4.456057
153.000000 4.032258 4.439834
154.000000 4.193548 4.670839
155.000000 4.193548 4.658753
156.000000 4.354839 4.835065
157.000000 4.354839 4.898440
158.000000 4.516129 5.023624
159.000000 4.677419 5.249144
160.000000 4.838710 5.335181
161.000000 2.580645 2.830872
162.000000 2.580645 2.834514
163.000000 2.741935 2.978690
164.000000 2.741935 3.025082
165.000000 2.741935 3.057625
166.000000 2.903226 3.208606
167.000000 2.903226 3.209777
168.000000 2.903226 3.157024
169.000000 3.064516 3.328980
170.000000 3.064516 3.355977
171.000000 3.064516 3.415096
172.000000 3.225806 3.578415
173.000000 3.387097 3.718614
174.000000 3.387097 3.755422
175.000000 3.387097 3.748779
176.000000 3.548387 3.898325
177.000000 3.548387 3.983577
178.000000 3.709677 4.097780
179.000000 3.709677 4.174958
180.000000 3.870968 4.254163
181.000000 3.870968 4.349331
182.000000 4.032258 4.482824
183.000000 4.193548 4.674708
184.000000 4.354839 4.807651
185.000000 4.354839 4.915151
186.000000 4.516129 5.002112
187.000000 2.258065 2.500892
188.000000 2.258065 2.460074
189.000000 2.419355 2.659967
190.000000 2.419355 2.619207
191.000000 2.419355 2.649092
192.000000 2.580645 2.807363
193.000000 2.580645 2.812094
194.000000 2.741935 2.957519
195.000000 2.741935 2.927829
196.000000 2.741935 2.990235
197.000000 2.903226 3.153787
198.000000 2.903226 3.170587
199.000000 2.903226 3.135966
200.000000 3.064516 3.289519
201.000000 3.064516 3.283594
202.000000 3.225806 3.525691
203.000000 3.225806 3.524549
204.000000 3.225806 3.513843
205.000000 3.387097 3.612078
206.000000 3.387097 3.715927
207.000000 3.548387 3.814639
208.000000 3.548387 3.818288
209.000000 3.548387 3.953554
210.000000 3.709677 4.073980
211.000000 3.870968 4.224028
212.000000 3.870968 4.299043
213.000000 4.032258 4.441249
214.000000 4.032258 4.453974
215.000000 4.193548 4.588094
216.000000 2.096774 2.232028
217.000000 2.096774 2.276814
218.000000 2.258065 2.446123
219.000000 2.258065 2.401315
220.000000 2.258065 2.420681
221.000000 2.419355 2.547079
222.000000 2.419355 2.598957
223.000000 2.419355 2.561357
224.000000 2.419355 2.562487
225.000000 2.580645 2.718668
226.000000 2.580645 2.727647
227.000000 2.580645 2.789710
228.000000 2.741935 2.925116
229.000000 2.741935 2.952357
230.000000 2.741935 2.973361
231.000000 2.741935 2.958149
232.000000 2.903226 3.116257
233.000000 2.903226 3.180458
234.000000 2.903226 3.143702
235.000000 3.064516 3.273715
236.000000 3.064516 3.294417
237.000000 3.064516 3.365003
238.000000 3.225806 3.481004
239.000000 3.225806 3.473286
240.000000 3.387097 3.688720
241.000000 3.387097 3.642209
242.000000 3.548387 3.867757
243.000000 3.548387 3.883792
244.000000 3.548387 3.922074
245.000000 3.709677 3.999486
246.000000 3.870968 4.182634
247.000000 3.870968 4.291730
248.000000 2.096774 2.252977
249.000000 2.096774 2.292749
250.000000 2.096774 2.285386
251.000000 2.096774 2.171575
252.000000 2.258065 2.397201
253.000000 2.258065 2.341071
254.000000 2.419355 2.512718
255.000000 2.419355 2.603360
256.000000 2.419355 2.585133
257.000000 2.580645 2.720886
258.000000 2.580645 2.743469
259.000000 2.741935 2.854387
260.000000 2.741935 2.867994
261.000000 2.741935 2.911923
262.000000 2.903226 3.016555
263.000000 2.903226 3.056914
264.000000 2.903226 3.044458
265.000000 2.903226 3.108381
266.000000 2.903226 3.154883
267.000000 3.064516 3.351260
268.000000 3.064516 3.281732
269.000000 3.225806 3.476092
270.000000 3.225806 3.427975
271.000000 3.064516 3.359382
272.000000 3.387097 3.640410
273.000000 3.225806 3.604944
274.000000 3.387097 3.722441
275.000000 3.548387 3.788106
276.000000 3.709677 3.951165
277.000000 3.709677 3.973675
278.000000 3.709677 4.025456
279.000000 3.870968 4.154641
280.000000 3.709677 4.151571
281.000000 3.870968 4.308725
282.000000 3.870968 4.330160
283.000000 4.193548 4.538115
284.000000 4.193548 4.655182
285.000000 4.193548 4.689543
286.000000 4.354839 4.862859
287.000000 4.354839 4.891136
288.000000 4.516129 5.066630
289.000000 2.258065 2.465684
290.000000 2.258065 2.454223
291.000000 2.258065 2.488125
292.000000 2.419355 2.658211
293.000000 2.419355 2.679897
294.000000 2.419355 2.645217
295.000000 2.580645 2.834819
296.000000 2.580645 2.863058
297.000000 2.580645 2.834114
298.000000 2.741935 2.866839
299.000000 2.741935 2.913677
300.000000 2.903226 3.087422
301.000000 2.903226 3.111013
302.000000 2.903226 3.179775
303.000000 3.064516 3.300778
304.000000 2.903226 3.216264
305.000000 3.064516 3.354285
306.000000 3.225806 3.366697
307.000000 3.064516 3.372039
308.000000 3.225806 3.562551
309.000000 3.387097 3.686508
310.000000 3.548387 3.772808
311.000000 3.548387 3.753771
312.000000 3.709677 3.969199
313.000000 3.548387 3.924075
314.000000 3.709677 4.063608
315.000000 3.709677 4.099255
316.000000 3.870968 4.245871
317.000000 4.032258 4.335098
318.000000 4.032258 4.439331
319.000000 4.193548 4.643584
320.000000 4.193548 4.671932
321.000000 4.354839 4.811570
322.000000 2.419355 2.511638
323.000000 2.419355 2.610342
324.000000 2.419355 2.574626
325.000000 2.580645 2.800063
326.000000 2.580645 2.758856
327.000000 2.580645 2.766550
328.000000 2.580645 2.755983
329.000000 2.741935 2.875020
330.000000 2.741935 2.906635
331.000000 2.741935 2.942853
332.000000 2.903226 3.014249
333.000000 2.903226 3.063968
334.000000 2.903226 3.122171
335.000000 3.064516 3.284513
336.000000 3.064516 3.232869
337.000000 3.064516 3.328209
338.000000 3.225806 3.390955
339.000000 3.225806 3.409313
340.000000 3.387097 3.626289
341.000000 3.387097 3.645689
342.000000 3.548387 3.832736
343.000000 3.548387 3.855065
344.000000 3.709677 4.024720
345.000000 3.709677 4.066081
346.000000 3.870968 4.247957
347.000000 3.870968 4.204711
348.000000 3.870968 4.259485
349.000000 4.032258 4.356940
350.000000 4.193548 4.619688
351.000000 4.193548 4.598055
352.000000 4.354839 4.793347
353.000000 4.354839 4.864019
354.000000 4.516129 4.928645
355.000000 4.677419 5.147515
356.000000 2.419355 2.585558
357.000000 2.419355 2.604482
358.000000 2.580645 2.749639
359.000000 2.580645 2.740159
360.000000 2.741935 2.902808
361.000000 2.741935 2.993882
362.000000 2.741935 3.004436
363.000000 2.903226 3.106788
364.000000 2.903226 3.125919
365.000000 2.903226 3.176731
366.000000 2.903226 3.144874
367.000000 3.064516 3.291924
368.000000 3.064516 3.304352
369.000000 3.225806 3.452727
370.000000 3.225806 3.497198
371.000000 3.387097 3.680506
372.000000 3.387097 3.714356
373.000000 3.548387 3.850935
374.000000 3.548387 3.882410
375.000000 3.709677 4.079639
376.000000 3.709677 4.150284
377.000000 3.870968 4.243211
378.000000 3.870968 4.300716
379.000000 1.935484 2.111998
380.000000 2.096774 2.298624
381.000000 2.096774 2.286570
382.000000 2.258065 2.453310
383.000000 2.258065 2.409423
384.000000 2.258065 2.406597
385.000000 2.258065 2.460913
386.000000 2.419355 2.625591
387.000000 2.419355 2.530594
388.000000 2.419355 2.545824
389.000000 2.580645 2.690755
390.000000 2.580645 2.765326
391.000000 2.580645 2.704828
392.000000 2.419355 2.684925
393.000000 2.741935 2.903790
394.000000 2.580645 2.861825
395.000000 2.580645 2.873869
396.000000 2.741935 2.904059
397.000000 2.741935 3.041241
398.000000 2.903226 3.021721
399.000000 2.903226 3.143157
400.000000 2.903226 3.110344
401.000000 3.064516 3.276920
402.000000 3.064516 3.293096
403.000000 3.225806 3.426092
404.000000 3.225806 3.469586
405.000000 3.225806 3.540097
406.000000 3.387097 3.624786
407.000000 3.387097 3.741690
408.000000 3.548387 3.815446
409.000000 3.548387 3.868297
410.000000 1.935484 2.103417
411.000000 1.935484 2.109214
412.000000 1.935484 2.109214
413.000000 1.935484 2.089508
414.000000 1.935484 2.036491
415.000000 1.935484 2.060420
416.000000 2.096774 2.220786
417.000000 2.096774 2.302803
418.000000 2.096774 2.319335
419.000000 2.258065 2.389253
420.000000 2.258065 2.444299
421.000000 2.419355 2.538921
422.000000 2.419355 2.539328
423.000000 2.419355 2.549290
424.000000 2.419355 2.586845
425.000000 2.580645 2.724679
426.000000 2.580645 2.711978
427.000000 2.580645 2.743459
428.000000 2.580645 2.707504
429.000000 2.741935 2.909224
430.000000 2.741935 2.971793
431.000000 2.741935 2.916742
432.000000 2.903226 3.095492
433.000000 2.903226 3.116347
434.000000 2.903226 3.100071
435.000000 3.064516 3.250514
436.000000 3.064516 3.302919
437.000000 3.064516 3.248722
438.000000 3.225806 3.441613
439.000000 3.225806 3.482788
440.000000 3.225806 3.465075
441.000000 3.225806 3.526556
442.000000 3.387097 3.657190
443.000000 3.548387 3.889013
444.000000 3.548387 3.911373
445.000000 3.709677 4.058163
446.000000 3.709677 4.042374
447.000000 3.870968 4.253312
448.000000 3.870968 4.314051
449.000000 4.032258 4.417106
450.000000 2.096774 2.252977
451.000000 2.096774 2.258943
452.000000 2.096774 2.316566
453.000000 2.096774 2.334321
454.000000 2.258065 2.457560
455.000000 2.258065 2.445971
456.000000 2.419355 2.595055
457.000000 2.419355 2.584754
458.000000 2.419355 2.588399
459.000000 2.419355 2.669178
460.000000 2.580645 2.757086
461.000000 2.580645 2.725341
462.000000 2.741935 2.914761
463.000000 2.741935 2.900904
464.000000 2.741935 2.964554
465.000000 2.741935 2.954051
466.000000 2.903226 3.140536
467.000000 2.903226 3.142788
468.000000 3.064516 3.353935
469.000000 3.064516 3.322841
470.000000 3.225806 3.412340
471.000000 3.225806 3.490382
472.000000 3.225806 3.493892
473.000000 3.387097 3.696503
474.000000 3.387097 3.660898
475.000000 3.548387 3.892730
476.000000 3.709677 4.008348
477.000000 3.709677 4.060028
478.000000 3.709677 4.040866
479.000000 3.870968 4.203376
480.000000 3.870968 4.270852
481.000000 4.032258 4.477973
482.000000 4.032258 4.472664
483.000000 4.193548 4.621160
484.000000 2.258065 2.396987
485.000000 2.258065 2.404401
486.000000 2.258065 2.476681
487.000000 2.419355 2.639528
488.000000 2.419355 2.519725
489.000000 2.419355 2.532322
490.000000 2.580645 2.737093
491.000000 2.580645 2.697227
492.000000 2.580645 2.727384
493.000000 2.741935 2.927978
494.000000 2.741935 2.934077
495.000000 2.741935 2.939937
496.000000 2.903226 3.094862
497.000000 2.903226 3.108851
498.000000 2.903226 3.196837
499.000000 3.064516 3.302976
500.000000 3.064516 3.340427
501.000000 3.225806 3.440342
502.000000 3.225806 3.548671
503.000000 3.387097 3.653643
504.000000 3.387097 3.680913
505.000000 3.548387 3.826775
506.000000 3.548387 3.854767
507.000000 3.709677 4.060400
508.000000 3.709677 4.080709
509.000000 3.870968 4.202601
510.000000 3.870968 4.250584
511.000000 4.032258 4.383897
512.000000 4.193548 4.533795
513.000000 4.354839 4.738887
514.000000 4.354839 4.755195
515.000000 4.516129 4.954277
516.000000 2.419355 2.587661
517.000000 2.419355 2.638094
518.000000 2.419355 2.628418
519.000000 2.580645 2.770113
520.000000 2.580645 2.812620
521.000000 2.580645 2.790369
522.000000 2.741935 2.960159
523.000000 2.741935 2.924327
524.000000 2.903226 3.177880
525.000000 2.903226 3.149708
526.000000 2.903226 3.147869
527.000000 3.064516 3.374127
528.000000 3.064516 3.346629
529.000000 3.064516 3.394609
530.000000 3.064516 3.346473
531.000000 3.225806 3.558001
532.000000 3.225806 3.550234
533.000000 3.387097 3.700243
534.000000 3.387097 3.733486
535.000000 3.548387 3.932550
536.000000 3.548387 3.959398
537.000000 3.709677 4.141661
538.000000 3.709677 4.185955
539.000000 3.870968 4.300020
540.000000 3.870968 4.262741
541.000000 4.032258 4.428433
542.000000 4.032258 4.466410
543.000000 2.096774 2.254867
544.000000 2.096774 2.272355
545.000000 2.096774 2.311542
546.000000 2.096774 2.334321
547.000000 2.258065 2.437213
548.000000 2.258065 2.472111
549.000000 2.419355 2.598027
550.000000 2.419355 2.582936
551.000000 2.419355 2.641544
552.000000 2.580645 2.775662
553.000000 2.580645 2.782124
554.000000 2.580645 2.837209
555.000000 2.580645 2.841453
556.000000 2.580645 2.802417
557.000000 2.741935 3.014727
558.000000 2.741935 2.995453
559.000000 2.741935 2.979267
560.000000 2.903226 3.206440
561.000000 2.903226 3.186233
562.000000 2.903226 3.198397
563.000000 3.064516 3.386777
564.000000 3.064516 3.392472
565.000000 3.225806 3.496594
566.000000 3.225806 3.518437
567.000000 3.225806 3.630395
568.000000 3.387097 3.682431
569.000000 3.387097 3.859041
570.000000 3.387097 3.870713
571.000000 3.548387 3.994353
572.000000 3.548387 3.999860
573.000000 3.870968 4.219242
574.000000 1.774194 1.995429
575.000000 1.935484 2.179446
576.000000 1.935484 2.179446
577.000000 2.096774 2.252977
578.000000 2.096774 2.342421
579.000000 2.258065 2.392264
580.000000 2.096774 2.316728
581.000000 2.258065 2.466478
582.000000 2.258065 2.404618
583.000000 2.258065 2.464071
584.000000 2.419355 2.604539
585.000000 2.419355 2.658937
586.000000 2.580645 2.719729
587.000000 2.580645 2.770121
588.000000 2.580645 2.747441
589.000000 2.580645 2.810678
590.000000 2.741935 2.973330
591.000000 2.580645 2.927486
592.000000 2.903226 3.147938
593.000000 2.903226 3.134811
594.000000 2.903226 3.118737
595.000000 3.064516 3.299021
596.000000 3.064516 3.313402
597.000000 3.225806 3.448818
598.000000 3.064516 3.432345
599.000000 3.225806 3.483811
600.000000 3.387097 3.633966
601.000000 3.387097 3.761384
602.000000 3.548387 3.832610
603.000000 3.387097 3.822662
604.000000 3.548387 3.965728
605.000000 3.548387 3.981479
606.000000 3.709677 4.116880
607.000000 1.935484 2.109362
608.000000 1.935484 2.118336
609.000000 1.935484 2.179446
610.000000 2.096774 2.257943
611.000000 2.096774 2.252191
612.000000 2.258065 2.379595
613.000000 2.258065 2.413709
614.000000 2.419355 2.526935
615.000000 2.419355 2.551020
616.000000 2.419355 2.552542
617.000000 2.419355 2.673666
618.000000 2.419355 2.585747
619.000000 2.741935 2.834345
620.000000 2.741935 2.924494
621.000000 2.741935 2.929450
622.000000 2.741935 2.932073
623.000000 2.903226 3.079147
624.000000 2.903226 3.135516
625.000000 2.903226 3.149780
626.000000 3.064516 3.302762
627.000000 3.064516 3.329293
628.000000 3.225806 3.453817
629.000000 3.225806 3.467661
630.000000 3.225806 3.521014
631.000000 3.387097 3.649015
632.000000 3.548387 3.783736
633.000000 3.387097 3.742259
634.000000 3.548387 3.810516
635.000000 3.548387 3.859736
636.000000 3.548387 3.945396
637.000000 3.709677 4.111264
638.000000 3.709677 4.138939
639.000000 4.032258 4.351102
640.000000 3.870968 4.299944
641.000000 4.032258 4.516735
642.000000 4.032258 4.505692
643.000000 4.193548 4.696629
644.000000 4.354839 4.839016
645.000000 2.419355 2.734219
646.000000 2.419355 2.640761
647.000000 2.419355 2.714918
648.000000 2.580645 2.866053
649.000000 2.580645 2.890209
650.000000 2.741935 2.978377
651.000000 2.741935 2.985078
652.000000 2.741935 3.039116
653.000000 2.903226 3.226712
654.000000 2.903226 3.227114
655.000000 2.903226 3.225711
656.000000 3.225806 3.405482
657.000000 3.225806 3.454355
658.000000 3.387097 3.668483
659.000000 3.387097 3.626286
660.000000 3.548387 3.802806
661.000000 3.548387 3.807698
662.000000 3.387097 3.807330
663.000000 3.548387 3.968657
664.000000 1.774194 1.955151
665.000000 1.774194 1.936324
666.000000 1.774194 1.904337
667.000000 1.935484 2.122828
668.000000 1.935484 2.082459
669.000000 1.935484 2.070888
670.000000 2.096774 2.300513
671.000000 2.096774 2.328837
672.000000 2.096774 2.319335
673.000000 2.258065 2.461731
674.000000 2.258065 2.462876
675.000000 2.258065 2.448677
676.000000 2.258065 2.497674
677.000000 2.419355 2.618882
678.000000 2.419355 2.645930
679.000000 2.419355 2.650029
680.000000 2.419355 2.649584
681.000000 2.580645 2.802572
682.000000 2.580645 2.805174
683.000000 2.580645 2.840081
684.000000 2.741935 3.024815
685.000000 2.741935 2.994857
686.000000 2.741935 3.040419
687.000000 2.741935 3.038656
688.000000 2.903226 3.183923
689.000000 2.903226 3.188257
690.000000 2.903226 3.221161
691.000000 3.064516 3.376759
692.000000 3.064516 3.364560
693.000000 3.064516 3.373580
694.000000 3.225806 3.553320
695.000000 3.225806 3.555383
696.000000 3.387097 3.723633
697.000000 3.387097 3.731796
698.000000 3.387097 3.755369
699.000000 3.548387 3.909509
700.000000 3.548387 3.986085
701.000000 3.709677 4.092743
702.000000 3.870968 4.253968
703.000000 3.870968 4.323254
704.000000 4.032258 4.461449
705.000000 2.096774 2.289615
706.000000 2.096774 2.262140
707.000000 2.258065 2.437908
708.000000 2.258065 2.454520
709.000000 2.258065 2.382584
710.000000 2.258065 2.402474
711.000000 2.419355 2.616245
712.000000 2.419355 2.550997
713.000000 2.580645 2.700308
714.000000 2.580645 2.811118
715.000000 2.580645 2.835777
716.000000 2.580645 2.784201
717.000000 2.741935 2.972626
718.000000 2.741935 2.966309
719.000000 2.741935 2.995030
720.000000 2.903226 3.127665
721.000000 2.903226 3.132680
722.000000 3.064516 3.331261
723.000000 3.064516 3.319878
724.000000 3.064516 3.363720
725.000000 3.225806 3.503952
726.000000 3.225806 3.501730
727.000000 3.225806 3.556959
728.000000 3.387097 3.692973
729.000000 3.387097 3.775152
730.000000 3.548387 3.871494
731.000000 3.548387 3.935311
732.000000 3.709677 4.108602
733.000000 3.709677 4.081677
734.000000 1.774194 1.925085
735.000000 1.935484 2.154661
736.000000 1.935484 2.154661
737.000000 1.935484 2.082663
738.000000 2.096774 2.316728
739.000000 2.096774 2.305456
740.000000 2.096774 2.305993
741.000000 2.258065 2.494702
742.000000 2.258065 2.464653
743.000000 2.258065 2.427041
744.000000 2.258065 2.494702
745.000000 2.258065 2.433381
746.000000 2.419355 2.647932
747.000000 2.419355 2.674413
748.000000 2.419355 2.683804
749.000000 2.580645 2.862030
750.000000 2.580645 2.864104
751.000000 2.741935 3.048067
752.000000 2.741935 3.042967
753.000000 2.741935 3.045038
754.000000 2.903226 3.105693
755.000000 2.903226 3.228508
756.000000 2.903226 3.206776
757.000000 3.064516 3.384105
758.000000 3.064516 3.437049
759.000000 3.225806 3.612925
760.000000 3.225806 3.599138
761.000000 3.387097 3.764743
762.000000 3.387097 3.759139
763.000000 3.548387 3.939067
764.000000 3.548387 3.970346
765.000000 3.709677 4.130177
766.000000 3.709677 4.182831
767.000000 1.935484 2.077502
768.000000 1.935484 2.115209
769.000000 1.935484 2.154661
770.000000 2.096774 2.303057
771.000000 2.096774 2.271125
772.000000 2.096774 2.271357
773.000000 2.096774 2.280404
774.000000 2.258065 2.462645
775.000000 2.258065 2.435256
776.000000 2.419355 2.571064
777.000000 2.419355 2.627420
778.000000 2.419355 2.611703
779.000000 2.419355 2.663720
780.000000 2.580645 2.730759
781.000000 2.580645 2.858378
782.000000 2.580645 2.838279
783.000000 2.580645 2.845916
784.000000 2.580645 2.915446
785.000000 2.741935 3.033461
786.000000 2.741935 3.055064
787.000000 2.741935 3.080897
788.000000 2.903226 3.255063
789.000000 2.903226 3.217430
790.000000 3.064516 3.426779
791.000000 3.064516 3.392960
792.000000 3.225806 3.625864
793.000000 3.225806 3.607412
794.000000 3.225806 3.618792
795.000000 3.387097 3.822531
796.000000 3.387097 3.833855
797.000000 3.548387 3.975275
798.000000 3.548387 3.981509
799.000000 1.935484 2.174779
800.000000 1.935484 2.132453
801.000000 1.935484 2.125449
802.000000 1.935484 2.142407
803.000000 2.096774 2.263693
804.000000 2.096774 2.254789
805.000000 2.096774 2.319335
806.000000 2.258065 2.385621
807.000000 2.258065 2.396107
808.000000 2.258065 2.472967
809.000000 2.419355 2.620300
810.000000 2.419355 2.602465
811.000000 2.419355 2.668738
812.000000 2.580645 2.754096
813.000000 2.580645 2.780828
814.000000 2.741935 2.953241
815.000000 2.741935 2.947404
816.000000 2.741935 2.992529
817.000000 2.741935 3.021580
818.000000 2.903226 3.184590
819.000000 2.903226 3.124976
820.000000 3.064516 3.317826
821.000000 3.064516 3.342331
822.000000 3.064516 3.367433
823.000000 3.225806 3.509226
824.000000 3.225806 3.560757
825.000000 3.387097 3.664398
826.000000 3.387097 3.740179
827.000000 3.387097 3.791432
828.000000 3.387097 3.803194
829.000000 3.548387 3.956776
830.000000 3.709677 4.121177
831.000000 3.709677 4.091493
832.000000 1.935484 2.113596
833.000000 2.096774 2.292749
834.000000 2.096774 2.252191
835.000000 2.096774 2.285569
836.000000 2.096774 2.295331
837.000000 2.258065 2.433526
838.000000 2.258065 2.487655
839.000000 2.419355 2.624196
840.000000 2.419355 2.596254
841.000000 2.419355 2.666442
842.000000 2.580645 2.748422
843.000000 2.580645 2.819688
844.000000 2.580645 2.805012
845.000000 2.741935 2.940690
846.000000 2.741935 2.998728
847.000000 2.741935 2.971018
848.000000 2.741935 3.001394
849.000000 2.903226 3.197580
850.000000 2.903226 3.189968
851.000000 2.903226 3.178558
852.000000 3.064516 3.408924
853.000000 3.064516 3.387908
854.000000 3.064516 3.386379
855.000000 3.225806 3.554018
856.000000 3.225806 3.578112
857.000000 3.387097 3.714161
858.000000 3.387097 3.766101
859.000000 3.548387 3.898142
860.000000 3.548387 3.903006
861.000000 3.709677 4.069728
862.000000 3.870968 4.268460
863.000000 3.870968 4.269634
864.000000 1.774194 1.942122
865.000000 1.935484 2.093245
866.000000 1.935484 2.087086
867.000000 1.935484 2.061518
868.000000 2.096774 2.275934
869.000000 2.096774 2.272726
870.000000 2.096774 2.240029
871.000000 2.096774 2.287776
872.000000 2.096774 2.324261
873.000000 2.258065 2.386190
874.000000 2.258065 2.458411
875.000000 2.419355 2.590985
876.000000 2.419355 2.557311
877.000000 2.419355 2.610742
878.000000 2.580645 2.747293
879.000000 2.580645 2.743586
880.000000 2.580645 2.736615
881.000000 2.741935 2.950274
882.000000 2.741935 2.999377
883.000000 2.741935 2.942936
884.000000 2.741935 2.955936
885.000000 2.903226 3.128945
886.000000 2.903226 3.127184
887.000000 2.903226 3.134511
888.000000 3.064516 3.323789
889.000000 3.064516 3.330125
890.000000 3.225806 3.473122
891.000000 3.225806 3.481887
892.000000 3.225806 3.511550
893.000000 3.387097 3.660280
894.000000 3.387097 3.725155
895.000000 3.387097 3.767431
896.000000 3.548387 3.886824
897.000000 3.709677 4.066673
898.000000 3.709677 4.111650
899.000000 3.870968 4.282083
900.000000 2.096774 2.252366
901.000000 2.258065 2.487174
902.000000 2.096774 2.281194
903.000000 2.096774 2.274877
904.000000 2.258065 2.437613
905.000000 2.258065 2.424019
906.000000 2.258065 2.457560
907.000000 2.258065 2.415727
908.000000 2.419355 2.605387
909.000000 2.419355 2.594699
910.000000 2.419355 2.649132
911.000000 2.580645 2.796628
912.000000 2.580645 2.782497
913.000000 2.741935 2.995224
914.000000 2.741935 2.970369
915.000000 2.741935 3.026093
916.000000 2.903226 3.143650
917.000000 2.903226 3.149909
918.000000 2.903226 3.155412
919.000000 3.064516 3.290836
920.000000 3.064516 3.323121
921.000000 3.225806 3.463549
922.000000 3.225806 3.564729
923.000000 3.387097 3.655586
924.000000 3.387097 3.722241
925.000000 3.387097 3.736811
926.000000 3.548387 3.914190
927.000000 3.548387 3.952751
928.000000 3.709677 4.107912
929.000000 3.709677 4.100485
930.000000 3.870968 4.260846
931.000000 3.870968 4.352436
932.000000 4.032258 4.482366
933.000000 4.032258 4.517893
934.000000 4.193548 4.772484
935.000000 4.354839 4.909275
936.000000 4.354839 4.858381
937.000000 2.419355 2.734079
938.000000 2.580645 2.892552
939.000000 2.580645 2.886566
940.000000 2.419355 2.707335
941.000000 2.580645 2.828881
942.000000 2.580645 2.865086
943.000000 2.580645 2.873679
944.000000 2.741935 3.013853
945.000000 2.741935 3.026419
946.000000 2.903226 3.200872
947.000000 2.903226 3.166075
948.000000 3.064516 3.356950
949.000000 3.064516 3.293179
950.000000 3.225806 3.515330
951.000000 3.225806 3.510065
952.000000 3.225806 3.524008
953.000000 3.387097 3.714732
954.000000 3.387097 3.750325
955.000000 3.387097 3.773725
956.000000 3.548387 3.919242
957.000000 3.709677 4.040384
958.000000 3.709677 4.076697
959.000000 3.709677 4.103392
960.000000 3.870968 4.298729
961.000000 4.032258 4.468535
962.000000 4.032258 4.503462
963.000000 4.193548 4.705923
964.000000 4.354839 4.837276
965.000000 2.258065 2.502875
966.000000 2.258065 2.506011
967.000000 2.258065 2.523013
968.000000 2.419355 2.659203
969.000000 2.419355 2.686887
970.000000 2.419355 2.667323
971.000000 2.580645 2.773376
972.000000 2.580645 2.790023
973.000000 2.741935 2.931457
974.000000 2.741935 2.999187
975.000000 2.741935 2.956227
976.000000 2.741935 3.021823
977.000000 2.903226 3.115247
978.000000 2.903226 3.196278
979.000000 3.064516 3.322122
980.000000 3.064516 3.371028
981.000000 3.064516 3.346627
982.000000 3.225806 3.511838
983.000000 3.225806 3.572294
984.000000 3.225806 3.578147
985.000000 3.387097 3.734565
986.000000 3.387097 3.746539
987.000000 3.548387 3.884090
988.000000 3.548387 3.942554
989.000000 3.709677 4.093800
990.000000 3.709677 4.109535
991.000000 3.870968 4.293510
992.000000 4.032258 4.448640
993.000000 4.032258 4.474289
994.000000 2.096774 2.309932
995.000000 2.096774 2.322263
996.000000 2.096774 2.321901
997.000000 2.258065 2.438575
998.000000 2.258065 2.425749
999.000000 2.419355 2.578358
1000.000000 2.419355 2.665626
1001.000000 2.419355 2.621493
1002.000000 2.419355 2.660500
1003.000000 2.580645 2.748982
1004.000000 2.580645 2.767828
1005.000000 2.580645 2.810811
1006.000000 2.741935 2.928028
1007.000000 2.741935 2.978343
1008.000000 2.741935 3.005580
1009.000000 2.903226 3.126777
1010.000000 2.903226 3.189337
1011.000000 3.064516 3.271796
1012.000000 3.064516 3.314110
1013.000000 3.064516 3.309491
1014.000000 3.064516 3.363216
1015.000000 3.225806 3.495508
1016.000000 3.225806 3.527392
1017.000000 3.387097 3.708434
1018.000000 3.387097 3.721014
1019.000000 3.548387 3.906351
1020.000000 3.709677 4.022211
1021.000000 3.709677 4.099059
1022.000000 3.870968 4.302333
1023.000000 3.870968 4.252090
1024.000000 1.935484 2.078932
1025.000000 1.935484 2.071852
1026.000000 2.096774 2.232366
1027.000000 2.096774 2.297817
1028.000000 2.096774 2.268434
1029.000000 2.096774 2.257765
1030.000000 2.258065 2.393426
1031.000000 2.258065 2.425171
1032.000000 2.258065 2.422634
1033.000000 2.258065 2.460073
1034.000000 2.419355 2.593831
1035.000000 2.419355 2.616695
1036.000000 2.419355 2.614770
1037.000000 2.580645 2.807894
1038.000000 2.580645 2.788071
1039.000000 2.580645 2.798993
1040.000000 2.741935 2.952527
1041.000000 2.741935 2.948768
1042.000000 2.741935 2.979921
1043.000000 2.903226 3.119434
1044.000000 2.903226 3.136862
1045.000000 2.903226 3.184094
1046.000000 3.064516 3.321478
1047.000000 3.064516 3.394810
1048.000000 3.225806 3.503782
1049.000000 3.225806 3.519348
1050.000000 3.225806 3.570159
1051.000000 3.387097 3.708731
1052.000000 3.387097 3.801582
1053.000000 3.548387 3.939882
1054.000000 3.548387 3.911334
1055.000000 3.709677 4.114586
1056.000000 1.935484 2.106043
1057.000000 1.935484 2.117093
1058.000000 2.096774 2.267058
1059.000000 1.935484 2.112205
1060.000000 2.096774 2.254722
1061.000000 2.096774 2.254722
1062.000000 2.258065 2.438980
1063.000000 2.258065 2.438201
1064.000000 2.258065 2.453555
1065.000000 2.258065 2.444246
1066.000000 2.419355 2.624192
1067.000000 2.419355 2.608362
1068.000000 2.419355 2.617261
1069.000000 2.580645 2.773862
1070.000000 2.580645 2.805540
1071.000000 2.580645 2.809876
1072.000000 2.741935 2.997726
1073.000000 2.741935 2.978946
1074.000000 2.903226 3.113442
1075.000000 2.903226 3.143218
1076.000000 2.903226 3.184870
1077.000000 2.903226 3.173208
1078.000000 3.064516 3.392900
1079.000000 3.225806 3.538724
1080.000000 3.225806 3.596350
1081.000000 3.225806 3.603607
1082.000000 3.225806 3.610555
1083.000000 1.612903 1.772695
1084.000000 1.774194 1.971241
1085.000000 1.774194 1.946566
1086.000000 1.774194 1.940736
1087.000000 1.935484 2.112662
1088.000000 1.935484 2.108689
1089.000000 1.935484 2.128729
1090.000000 1.935484 2.135276
1091.000000 1.935484 2.123152
1092.000000 2.096774 2.295416
1093.000000 2.096774 2.313624
1094.000000 2.258065 2.430941
1095.000000 2.258065 2.458411
1096.000000 2.258065 2.446713
1097.000000 2.258065 2.461231
1098.000000 2.419355 2.630254
1099.000000 2.419355 2.646297
1100.000000 2.419355 2.606170
1101.000000 2.580645 2.775021
1102.000000 2.580645 2.802428
1103.000000 2.580645 2.788510
1104.000000 2.741935 2.951208
1105.000000 2.741935 2.969641
1106.000000 2.741935 2.979443
1107.000000 2.903226 3.161045
1108.000000 2.903226 3.168101
1109.000000 3.064516 3.293589
1110.000000 3.064516 3.336436
1111.000000 3.225806 3.540314
1112.000000 3.225806 3.502910
1113.000000 3.225806 3.573040
1114.000000 3.387097 3.746403
1115.000000 3.387097 3.732820
1116.000000 3.387097 3.822709
1117.000000 3.548387 3.953031
1118.000000 3.709677 4.072283
1119.000000 3.709677 4.127525
1120.000000 1.774194 1.967047
1121.000000 1.935484 2.131083
1122.000000 1.935484 2.154661
1123.000000 1.935484 2.143863
1124.000000 1.935484 2.112731
1125.000000 2.096774 2.277322
1126.000000 2.096774 2.290197
1127.000000 2.096774 2.283198
1128.000000 2.258065 2.476193
1129.000000 2.258065 2.503229
1130.000000 2.258065 2.436562
1131.000000 2.419355 2.609634
1132.000000 2.419355 2.640728
1133.000000 2.419355 2.661702
1134.000000 2.419355 2.689950
1135.000000 2.419355 2.703416
1136.000000 2.580645 2.841242
1137.000000 2.580645 2.858623
1138.000000 2.741935 3.003233
1139.000000 2.741935 3.032335
1140.000000 2.741935 3.046309
1141.000000 2.903226 3.221815
1142.000000 2.903226 3.229572
1143.000000 2.903226 3.229133
1144.000000 3.064516 3.371127
1145.000000 3.225806 3.552586
1146.000000 3.225806 3.572098
1147.000000 3.387097 3.697909
1148.000000 3.387097 3.732720
1149.000000 3.387097 3.755127
1150.000000 3.548387 3.892818
1151.000000 3.548387 3.923304
1152.000000 1.935484 2.105492
1153.000000 1.935484 2.076625
1154.000000 1.935484 2.073169
1155.000000 2.096774 2.299625
1156.000000 2.096774 2.312041
1157.000000 2.096774 2.283833
1158.000000 2.258065 2.402730
1159.000000 2.258065 2.471501
1160.000000 2.419355 2.610368
1161.000000 2.419355 2.651811
1162.000000 2.419355 2.649498
1163.000000 2.580645 2.795210
1164.000000 2.580645 2.732552
1165.000000 2.580645 2.784072
1166.000000 2.741935 2.950923
1167.000000 2.741935 2.955041
1168.000000 2.903226 3.088774
1169.000000 2.903226 3.129794
1170.000000 2.903226 3.153674
1171.000000 3.064516 3.290371
1172.000000 3.064516 3.356694
1173.000000 3.064516 3.374260
1174.000000 3.225806 3.498459
1175.000000 3.225806 3.523765
1176.000000 3.387097 3.712820
1177.000000 3.387097 3.724157
1178.000000 3.548387 3.820137
1179.000000 3.548387 3.883301
1180.000000 3.548387 3.942638
1181.000000 3.709677 4.041094
1182.000000 3.870968 4.250046
1183.000000 1.935484 2.103249
1184.000000 1.935484 2.124111
1185.000000 1.935484 2.124111
1186.000000 2.096774 2.282092
1187.000000 2.096774 2.302228
1188.000000 2.258065 2.386050
1189.000000 2.258065 2.430733
1190.000000 2.258065 2.411842
1191.000000 2.419355 2.546059
1192.000000 2.419355 2.598661
1193.000000 2.580645 2.749478
1194.000000 2.580645 2.711173
1195.000000 2.580645 2.792508
1196.000000 2.580645 2.804352
1197.000000 2.580645 2.802010
1198.000000 2.741935 2.971424
1199.000000 2.741935 2.978236
1200.000000 2.903226 3.145516
1201.000000 2.903226 3.175861
1202.000000 2.903226 3.166603
1203.000000 3.064516 3.333782
1204.000000 3.064516 3.327771
1205.000000 3.064516 3.413042
1206.000000 3.225806 3.545168
1207.000000 3.225806 3.525813
1208.000000 3.225806 3.536056
1209.000000 3.387097 3.735615
1210.000000 3.387097 3.758405
1211.000000 3.548387 3.906941
1212.000000 3.548387 3.941211
1213.000000 3.709677 4.055145
1214.000000 3.870968 4.283650
1215.000000 4.032258 4.462644
1216.000000 4.032258 4.513290
1217.000000 2.258065 2.484322
1218.000000 2.258065 2.460018
1219.000000 2.258065 2.472856
1220.000000 2.258065 2.472856
1221.000000 2.419355 2.618085
1222.000000 2.419355 2.623682
1223.000000 2.580645 2.792894
1224.000000 2.580645 2.808748
1225.000000 2.580645 2.814650
1226.000000 2.741935 2.975356
1227.000000 2.741935 2.972398
1228.000000 2.903226 3.157883
1229.000000 2.903226 3.163263
1230.000000 2.903226 3.180949
1231.000000 3.064516 3.333438
1232.000000 3.064516 3.328815
1233.000000 3.225806 3.522420
1234.000000 3.225806 3.502805
1235.000000 3.387097 3.672800
1236.000000 3.387097 3.700644
1237.000000 3.387097 3.719240
1238.000000 3.548387 3.899829
1239.000000 3.548387 3.839655
1240.000000 3.709677 4.094697
1241.000000 3.709677 4.109043
1242.000000 3.870968 4.265161
1243.000000 4.032258 4.393338
1244.000000 4.032258 4.362958
1245.000000 4.193548 4.613945
1246.000000 4.193548 4.602133
1247.000000 4.354839 4.773420
1248.000000 4.354839 4.891332
1249.000000 4.516129 5.021924
1250.000000 4.516129 5.050770
1251.000000 2.419355 2.625901
1252.000000 2.419355 2.571138
1253.000000 2.419355 2.572996
1254.000000 2.419355 2.612177
1255.000000 2.580645 2.812557
1256.000000 2.580645 2.739092
1257.000000 2.741935 2.919107
1258.000000 2.741935 2.968580
1259.000000 2.741935 2.996627
1260.000000 2.903226 3.138721
1261.000000 2.903226 3.122718
1262.000000 2.903226 3.217126
1263.000000 2.903226 3.159826
1264.000000 3.064516 3.310265
1265.000000 3.064516 3.346277
1266.000000 3.225806 3.479777
1267.000000 3.225806 3.531252
1268.000000 3.225806 3.541448
1269.000000 3.387097 3.721045
1270.000000 3.387097 3.724811
1271.000000 3.548387 3.877213
1272.000000 3.548387 3.951908
1273.000000 3.709677 4.059058
1274.000000 3.709677 4.140585
1275.000000 3.870968 4.324736
1276.000000 4.032258 4.487340
1277.000000 2.096774 2.304070
1278.000000 2.096774 2.242501
1279.000000 2.258065 2.421818
1280.000000 2.258065 2.438435
1281.000000 2.419355 2.627353
1282.000000 2.258065 2.403377
1283.000000 2.419355 2.642962
1284.000000 2.419355 2.597443
1285.000000 2.580645 2.772492
1286.000000 2.580645 2.780570
1287.000000 2.580645 2.852003
1288.000000 2.580645 2.861947
1289.000000 2.741935 3.003066
1290.000000 2.741935 3.053492
1291.000000 2.741935 3.051219
1292.000000 2.903226 3.163926
1293.000000 2.903226 3.172114
1294.000000 2.903226 3.229957
1295.000000 2.903226 3.250542
1296.000000 3.064516 3.399008
1297.000000 3.064516 3.380175
1298.000000 3.225806 3.584463
1299.000000 3.225806 3.601464
1300.000000 3.387097 3.735804
1301.000000 3.548387 3.928577
1302.000000 3.548387 3.957522
1303.000000 3.548387 3.960926
1304.000000 1.935484 2.057971
1305.000000 1.935484 2.045927
1306.000000 1.935484 2.039872
1307.000000 2.096774 2.214679
1308.000000 2.096774 2.249670
1309.000000 2.096774 2.180987
1310.000000 2.096774 2.272355
1311.000000 2.096774 2.225176
1312.000000 2.258065 2.407326
1313.000000 2.258065 2.388682
1314.000000 2.258065 2.380608
1315.000000 2.419355 2.508045
1316.000000 2.419355 2.492375
1317.000000 2.419355 2.513026
1318.000000 2.419355 2.516063
1319.000000 2.419355 2.576081
1320.000000 2.580645 2.716164
1321.000000 2.580645 2.723640
1322.000000 2.580645 2.692833
1323.000000 2.580645 2.758775
1324.000000 2.580645 2.748267
1325.000000 2.741935 2.949647
1326.000000 2.741935 2.916687
1327.000000 2.903226 3.097799
1328.000000 2.903226 3.136957
1329.000000 2.903226 3.159226
1330.000000 3.064516 3.296894
1331.000000 3.064516 3.228569
1332.000000 3.064516 3.284640
1333.000000 3.064516 3.322430
1334.000000 3.225806 3.427839
1335.000000 3.225806 3.453796
1336.000000 3.225806 3.505532
1337.000000 3.387097 3.628065
1338.000000 3.387097 3.683807
1339.000000 3.548387 3.840535
1340.000000 3.548387 3.918557
1341.000000 3.709677 4.017428
1342.000000 1.935484 2.109214
1343.000000 2.096774 2.292749
1344.000000 2.258065 2.476681
1345.000000 2.096774 2.292749
1346.000000 2.096774 2.292749
1347.000000 2.096774 2.285359
1348.000000 2.258065 2.476681
1349.000000 2.258065 2.435951
1350.000000 2.419355 2.610072
1351.000000 2.419355 2.537247
1352.000000 2.419355 2.634688
1353.000000 2.580645 2.748603
1354.000000 2.580645 2.772968
1355.000000 2.580645 2.738749
1356.000000 2.741935 2.890087
1357.000000 2.741935 2.896841
1358.000000 2.741935 2.966387
1359.000000 2.903226 3.058154
1360.000000 2.903226 3.083497
1361.000000 2.903226 3.091776
1362.000000 3.064516 3.248137
1363.000000 3.064516 3.236724
1364.000000 3.225806 3.402990
1365.000000 3.225806 3.486717
1366.000000 3.387097 3.592728
1367.000000 3.387097 3.663701
1368.000000 3.387097 3.735776
1369.000000 3.548387 3.850424
1370.000000 3.548387 3.885529
1371.000000 3.709677 4.073686
1372.000000 3.709677 4.033407
1373.000000 1.935484 2.043026
1374.000000 2.096774 2.292749
1375.000000 2.096774 2.261367
1376.000000 2.096774 2.175350
1377.000000 2.258065 2.396415
1378.000000 2.258065 2.342813
1379.000000 2.258065 2.384729
1380.000000 2.419355 2.548238
1381.000000 2.258065 2.447614
1382.000000 2.258065 2.436562
1383.000000 2.419355 2.642985
1384.000000 2.580645 2.667257
1385.000000 2.580645 2.692691
1386.000000 2.580645 2.798993
1387.000000 2.741935 2.908724
1388.000000 2.741935 2.879495
1389.000000 2.741935 2.934723
1390.000000 2.903226 3.058966
1391.000000 2.903226 3.140159
1392.000000 3.064516 3.235959
1393.000000 3.064516 3.328482
1394.000000 3.064516 3.313755
1395.000000 3.225806 3.460022
1396.000000 3.225806 3.499753
1397.000000 3.225806 3.511317
1398.000000 3.387097 3.624492
1399.000000 3.387097 3.671253
1400.000000 3.387097 3.752602
1401.000000 3.387097 3.840346
1402.000000 3.709677 4.030421
1403.000000 1.612903 1.812965
1404.000000 1.935484 2.098839
1405.000000 1.935484 2.059828
1406.000000 1.774194 2.010289
1407.000000 1.774194 2.023000
1408.000000 1.774194 2.019000
1409.000000 1.935484 2.154464
1410.000000 1.935484 2.157918
1411.000000 1.935484 2.118388
1412.000000 2.096774 2.284902
1413.000000 2.096774 2.283364
1414.000000 2.096774 2.288523
1415.000000 2.419355 2.518485
1416.000000 2.419355 2.529427
1417.000000 2.258065 2.478761
1418.000000 2.419355 2.625639
1419.000000 2.419355 2.633090
1420.000000 2.419355 2.655477
1421.000000 2.419355 2.668113
1422.000000 2.419355 2.672803
1423.000000 2.580645 2.817164
1424.000000 2.741935 2.894374
1425.000000 2.903226 3.024011
1426.000000 2.741935 2.981856
1427.000000 2.903226 3.048457
1428.000000 2.903226 3.167434
1429.000000 3.064516 3.227383
1430.000000 3.225806 3.339425
1431.000000 3.064516 3.335127
1432.000000 3.387097 3.589874
1433.000000 3.387097 3.595489
1434.000000 3.387097 3.699513
1435.000000 3.387097 3.785389
1436.000000 3.709677 3.987202
1437.000000 3.709677 4.022361
1438.000000 2.096774 2.227513
1439.000000 2.096774 2.210498
1440.000000 1.935484 2.179446
1441.000000 1.935484 2.154661
1442.000000 2.096774 2.363819
1443.000000 2.096774 2.338642
1444.000000 2.096774 2.338642
1445.000000 2.258065 2.516657
1446.000000 2.419355 2.549400
1447.000000 2.258065 2.478006
1448.000000 2.419355 2.599249
1449.000000 2.580645 2.707753
1450.000000 2.419355 2.672133
1451.000000 2.580645 2.832018
1452.000000 2.580645 2.841922
1453.000000 2.580645 2.830742
1454.000000 2.580645 2.810313
1455.000000 2.903226 3.069003
1456.000000 2.903226 3.124899
1457.000000 2.903226 3.091943
1458.000000 3.064516 3.310886
1459.000000 3.225806 3.419526
1460.000000 3.225806 3.454721
1461.000000 3.387097 3.603228
1462.000000 3.387097 3.672706
1463.000000 3.387097 3.672694
1464.000000 3.548387 3.860731
1465.000000 1.774194 1.828327
1466.000000 1.774194 1.830213
1467.000000 1.774194 1.925580
1468.000000 1.935484 1.979180
1469.000000 1.774194 1.986196
1470.000000 2.096774 2.184540
1471.000000 1.935484 2.094686
1472.000000 2.096774 2.242453
1473.000000 2.096774 2.186625
1474.000000 2.258065 2.385894
1475.000000 2.258065 2.383396
1476.000000 2.258065 2.392264
1477.000000 2.419355 2.511527
1478.000000 2.258065 2.436918
1479.000000 2.419355 2.564666
1480.000000 2.419355 2.591767
1481.000000 2.419355 2.588332
1482.000000 2.580645 2.766504
1483.000000 2.580645 2.782943
1484.000000 2.741935 2.870036
1485.000000 2.741935 2.943501
1486.000000 2.741935 3.008636
1487.000000 2.903226 3.085556
1488.000000 2.903226 3.106008
1489.000000 3.064516 3.268998
1490.000000 3.064516 3.326629
1491.000000 3.225806 3.456646
1492.000000 3.225806 3.462843
1493.000000 3.225806 3.489151
1494.000000 3.387097 3.694161
1495.000000 3.387097 3.656665
1496.000000 3.387097 3.778186
1497.000000 3.387097 3.840534
1498.000000 3.709677 4.029070
1499.000000 3.870968 4.180789
1500.000000 3.709677 4.121956
1501.000000 3.870968 4.281835
1502.000000 3.870968 4.363413
1503.000000 2.096774 2.352286
1504.000000 2.096774 2.363819
1505.000000 2.096774 2.376679
1506.000000 2.258065 2.488587
1507.000000 2.258065 2.500892
1508.000000 2.258065 2.526724
1509.000000 2.258065 2.526724
1510.000000 2.419355 2.688254
1511.000000 2.419355 2.629254
1512.000000 2.580645 2.832746
1513.000000 2.580645 2.841411
1514.000000 2.580645 2.843146
1515.000000 2.741935 3.001543
1516.000000 2.741935 3.044917
1517.000000 2.741935 3.017649
1518.000000 2.741935 3.046736
1519.000000 2.903226 3.209018
1520.000000 2.903226 3.222093
1521.000000 3.064516 3.314899
1522.000000 3.064516 3.373929
1523.000000 3.225806 3.536925
1524.000000 3.225806 3.563037
1525.000000 3.387097 3.778026
1526.000000 3.387097 3.797837
1527.000000 3.387097 3.836504
1528.000000 3.548387 3.993036
1529.000000 3.548387 3.998974
1530.000000 3.709677 4.145274
1531.000000 3.709677 4.210781
1532.000000 3.870968 4.360223
1533.000000 3.870968 4.425487
1534.000000 1.935484 2.096625
1535.000000 2.096774 2.177789
1536.000000 2.096774 2.240670
1537.000000 2.096774 2.272355
1538.000000 2.258065 2.373798
1539.000000 2.258065 2.357595
1540.000000 2.258065 2.402653
1541.000000 2.419355 2.545154
1542.000000 2.419355 2.497361
1543.000000 2.580645 2.680981
1544.000000 2.580645 2.642400
1545.000000 2.580645 2.695094
1546.000000 2.580645 2.781965
1547.000000 2.580645 2.779778
1548.000000 2.580645 2.865756
1549.000000 2.741935 2.932413
1550.000000 2.903226 3.094393
1551.000000 2.903226 3.097394
1552.000000 2.903226 3.176458
1553.000000 3.064516 3.282025
1554.000000 3.064516 3.287338
1555.000000 3.064516 3.392109
1556.000000 3.064516 3.437226
1557.000000 3.225806 3.457395
1558.000000 3.387097 3.624730
1559.000000 3.225806 3.580060
1560.000000 3.548387 3.793407
1561.000000 3.548387 3.837483
1562.000000 3.709677 4.013066
1563.000000 3.709677 4.082032
1564.000000 1.935484 2.027402
1565.000000 2.096774 2.253275
1566.000000 2.258065 2.436646
1567.000000 2.096774 2.220409
1568.000000 2.096774 2.249858
1569.000000 2.258065 2.429712
1570.000000 2.258065 2.411821
1571.000000 2.258065 2.378406
1572.000000 2.419355 2.543224
1573.000000 2.419355 2.556203
1574.000000 2.419355 2.611410
1575.000000 2.580645 2.738794
1576.000000 2.580645 2.765471
1577.000000 2.580645 2.738562
1578.000000 2.741935 2.888934
1579.000000 2.741935 2.914911
1580.000000 2.903226 3.061066
1581.000000 2.903226 3.066160
1582.000000 2.903226 3.089546
1583.000000 2.903226 3.152701
1584.000000 2.903226 3.201783
1585.000000 3.064516 3.321522
1586.000000 3.064516 3.343030
1587.000000 3.225806 3.486054
1588.000000 3.225806 3.483179
1589.000000 3.387097 3.651254
1590.000000 3.387097 3.657716
1591.000000 3.387097 3.687608
1592.000000 3.548387 3.890485
1593.000000 3.709677 4.063180
1594.000000 3.709677 3.987826
1595.000000 3.709677 4.080039
1596.000000 3.870968 4.196663
1597.000000 4.032258 4.425066
1598.000000 2.096774 2.233187
1599.000000 2.096774 2.336807
1600.000000 2.096774 2.345338
1601.000000 2.096774 2.377607
1602.000000 2.258065 2.513034
1603.000000 2.258065 2.498174
1604.000000 2.419355 2.586745
1605.000000 2.419355 2.704777
1606.000000 2.580645 2.744257
1607.000000 2.580645 2.723580
1608.000000 2.580645 2.862930
1609.000000 2.741935 2.887338
1610.000000 2.580645 2.876789
1611.000000 2.741935 3.073514
1612.000000 2.903226 3.090111
1613.000000 2.741935 3.076488
1614.000000 2.903226 3.148315
1615.000000 3.064516 3.312915
1616.000000 2.903226 3.250644
1617.000000 3.064516 3.405742
1618.000000 3.225806 3.452957
1619.000000 3.225806 3.579943
1620.000000 3.387097 3.664907
1621.000000 3.387097 3.788302
1622.000000 3.387097 3.828106
1623.000000 3.548387 3.866619
1624.000000 3.709677 4.045416
1625.000000 3.870968 4.202284
1626.000000 3.870968 4.196476
1627.000000 3.870968 4.279288
1628.000000 2.096774 2.238607
1629.000000 2.096774 2.203466
1630.000000 2.258065 2.432353
1631.000000 2.258065 2.460563
1632.000000 2.258065 2.424629
1633.000000 2.096774 2.356471
1634.000000 2.258065 2.540079
1635.000000 2.419355 2.550962
1636.000000 2.580645 2.682667
1637.000000 2.580645 2.654451
1638.000000 2.419355 2.638882
1639.000000 2.419355 2.668485
1640.000000 2.580645 2.753557
1641.000000 2.741935 2.923111
1642.000000 2.741935 2.906121
1643.000000 2.741935 2.950666
1644.000000 2.903226 3.079070
1645.000000 2.903226 3.160078
1646.000000 2.903226 3.136107
1647.000000 3.064516 3.278678
1648.000000 2.903226 3.237761
1649.000000 3.225806 3.446178
1650.000000 3.225806 3.478838
1651.000000 3.225806 3.402655
1652.000000 3.387097 3.625668
1653.000000 3.225806 3.611955
1654.000000 3.387097 3.772538
1655.000000 3.548387 3.821299
1656.000000 3.548387 3.903221
1657.000000 3.548387 3.951611
1658.000000 3.709677 4.097529
1659.000000 3.870968 4.243130
1660.000000 4.032258 4.354494
1661.000000 4.032258 4.397130
1662.000000 4.032258 4.542377
1663.000000 4.193548 4.612078
1664.000000 4.354839 4.744112
1665.000000 4.354839 4.815849
1666.000000 4.516129 5.012420
1667.000000 4.677419 5.138128
1668.000000 2.580645 2.806402
1669.000000 2.419355 2.738735
1670.000000 2.580645 2.820658
1671.000000 2.741935 2.970594
1672.000000 2.741935 2.971117
1673.000000 2.903226 3.125663
1674.000000 2.903226 3.108734
1675.000000 3.064516 3.314530
1676.000000 3.064516 3.289581
1677.000000 3.225806 3.427981
1678.000000 3.225806 3.419328
1679.000000 3.064516 3.369222
1680.000000 3.225806 3.514651
1681.000000 3.387097 3.616978
1682.000000 3.387097 3.665433
1683.000000 3.548387 3.900250
1684.000000 3.709677 4.035332
1685.000000 3.709677 4.076220
1686.000000 3.709677 4.113833
1687.000000 3.870968 4.257215
1688.000000 3.870968 4.271157
1689.000000 4.032258 4.479951
1690.000000 4.032258 4.526470
1691.000000 2.258065 2.474599
1692.000000 2.258065 2.488280
1693.000000 2.258065 2.458670
1694.000000 2.419355 2.629087
1695.000000 2.419355 2.595086
1696.000000 2.419355 2.640908
1697.000000 2.580645 2.770952
1698.000000 2.580645 2.739036
1699.000000 2.741935 2.920373
1700.000000 2.741935 2.867993
1701.000000 2.741935 2.913677
1702.000000 2.741935 2.861477
1703.000000 2.741935 2.888151
1704.000000 2.903226 3.080118
1705.000000 2.903226 3.103426
1706.000000 2.903226 3.110167
1707.000000 3.064516 3.333295
1708.000000 3.064516 3.327990
1709.000000 3.064516 3.386108
1710.000000 3.225806 3.500027
1711.000000 3.225806 3.559136
1712.000000 3.387097 3.666505
1713.000000 3.387097 3.707642
1714.000000 3.387097 3.765845
1715.000000 3.548387 3.955983
1716.000000 1.774194 1.952853
1717.000000 1.774194 1.911530
1718.000000 1.935484 2.069182
1719.000000 1.935484 2.109327
1720.000000 1.935484 2.096811
1721.000000 1.935484 2.089953
1722.000000 1.935484 2.154661
1723.000000 2.096774 2.235847
1724.000000 2.096774 2.269885
1725.000000 2.096774 2.286575
1726.000000 2.096774 2.313473
1727.000000 2.258065 2.456584
1728.000000 2.258065 2.450726
1729.000000 2.258065 2.445615
1730.000000 2.419355 2.614000
1731.000000 2.419355 2.615785
1732.000000 2.580645 2.735864
1733.000000 2.580645 2.771825
1734.000000 2.741935 2.934871
1735.000000 2.741935 2.903128
1736.000000 2.903226 3.114021
1737.000000 2.903226 3.127154
1738.000000 2.903226 3.139791
1739.000000 2.903226 3.149563
1740.000000 2.903226 3.199608
1741.000000 3.064516 3.327546
1742.000000 3.064516 3.328376
1743.000000 3.225806 3.524955
1744.000000 3.225806 3.530370
1745.000000 3.387097 3.659181
1746.000000 3.387097 3.725030
1747.000000 3.387097 3.719403
1748.000000 3.548387 3.816814
1749.000000 1.774194 1.920233
1750.000000 1.935484 2.082056
1751.000000 1.935484 2.082056
1752.000000 1.935484 2.087698
1753.000000 2.096774 2.268434
1754.000000 2.096774 2.266212
1755.000000 2.258065 2.405324
1756.000000 2.258065 2.382778
1757.000000 2.258065 2.403788
1758.000000 2.419355 2.593665
1759.000000 2.419355 2.566309
1760.000000 2.580645 2.721233
1761.000000 2.580645 2.711347
1762.000000 2.580645 2.774286
1763.000000 2.580645 2.721773
1764.000000 2.741935 2.924995
1765.000000 2.741935 2.897358
1766.000000 2.741935 2.967288
1767.000000 2.903226 3.048910
1768.000000 2.903226 3.114732
1769.000000 2.903226 3.140536
1770.000000 3.064516 3.338001
1771.000000 3.225806 3.461186
1772.000000 3.064516 3.442235
1773.000000 3.225806 3.482668
1774.000000 3.387097 3.619646
1775.000000 3.548387 3.821622
1776.000000 1.612903 1.676314
1777.000000 1.612903 1.711397
1778.000000 1.774194 1.867983
1779.000000 1.774194 1.858890
1780.000000 1.774194 1.899768
1781.000000 1.774194 1.891883
1782.000000 1.935484 2.059410
1783.000000 1.935484 2.078383
1784.000000 1.935484 2.043440
1785.000000 1.935484 2.054233
1786.000000 2.096774 2.183199
1787.000000 2.096774 2.170121
1788.000000 2.096774 2.217129
1789.000000 2.258065 2.378739
1790.000000 2.258065 2.353647
1791.000000 2.258065 2.368903
1792.000000 2.258065 2.397610
1793.000000 2.258065 2.385894
1794.000000 2.258065 2.423834
1795.000000 2.419355 2.544410
1796.000000 2.419355 2.564697
1797.000000 2.419355 2.614474
1798.000000 2.580645 2.696628
1799.000000 2.580645 2.758154
1800.000000 2.580645 2.793589
1801.000000 2.741935 2.862123
1802.000000 2.741935 2.924546
1803.000000 2.741935 2.896841
1804.000000 2.903226 3.055928
1805.000000 2.903226 3.051478
1806.000000 2.903226 3.102377
1807.000000 3.064516 3.228716
1808.000000 3.064516 3.275265
1809.000000 3.225806 3.444215
1810.000000 3.225806 3.471189
1811.000000 3.225806 3.424928
1812.000000 3.225806 3.460505
1813.000000 3.387097 3.639893
1814.000000 3.387097 3.729619
1815.000000 3.548387 3.809607
1816.000000 3.548387 3.901829
1817.000000 3.709677 4.049799
1818.000000 3.709677 4.096060
1819.000000 3.870968 4.263119
1820.000000 3.870968 4.285134
1821.000000 4.032258 4.449387
1822.000000 4.032258 4.476995
1823.000000 4.193548 4.674458
1824.000000 4.193548 4.726741
1825.000000 4.354839 4.872434
1826.000000 4.354839 4.889788
1827.000000 4.516129 5.021574
1828.000000 4.516129 5.092740
1829.000000 4.677419 5.293619
1830.000000 4.677419 5.325303
1831.000000 4.838710 5.522550
1832.000000 4.838710 5.522486
1833.000000 5.000000 5.636380
1834.000000 5.161290 5.916320
1835.000000 5.322581 6.021511
1836.000000 5.483871 6.240443
1837.000000 2.903226 3.242520
1838.000000 2.903226 3.240352
1839.000000 2.903226 3.266718
1840.000000 3.064516 3.414053
1841.000000 3.064516 3.405215
1842.000000 3.225806 3.572255
1843.000000 3.225806 3.566144
1844.000000 3.387097 3.729331
1845.000000 3.387097 3.743645
1846.000000 3.387097 3.782789
1847.000000 3.548387 3.972140
1848.000000 3.709677 4.107938
1849.000000 3.709677 4.128308
1850.000000 3.870968 4.302924
1851.000000 3.870968 4.331059
1852.000000 4.032258 4.514405
1853.000000 4.193548 4.652665
1854.000000 4.193548 4.689157
1855.000000 4.354839 4.860237
1856.000000 2.258065 2.515057
1857.000000 2.258065 2.466068
1858.000000 2.419355 2.685337
1859.000000 2.419355 2.672126
1860.000000 2.419355 2.672126
1861.000000 2.419355 2.680356
1862.000000 2.580645 2.836754
1863.000000 2.580645 2.818386
1864.000000 2.580645 2.821621
1865.000000 2.741935 3.005794
1866.000000 2.741935 3.028911
1867.000000 2.741935 3.028870
1868.000000 2.741935 3.074808
1869.000000 2.903226 3.165739
1870.000000 2.903226 3.207346
1871.000000 2.903226 3.228410
1872.000000 3.064516 3.354581
1873.000000 3.064516 3.384349
1874.000000 3.225806 3.593872
1875.000000 3.225806 3.607494
1876.000000 3.387097 3.755453
1877.000000 3.387097 3.804477
1878.000000 3.548387 3.957288
1879.000000 3.548387 3.976337
1880.000000 1.774194 1.945154
1881.000000 1.774194 1.945154
1882.000000 1.935484 2.068868
1883.000000 1.935484 2.125460
1884.000000 1.935484 2.108860
1885.000000 1.935484 2.108860
1886.000000 1.935484 2.119163
1887.000000 2.096774 2.307978
1888.000000 2.096774 2.291297
1889.000000 2.096774 2.282345
1890.000000 2.258065 2.440046
1891.000000 2.258065 2.421136
1892.000000 2.258065 2.467717
1893.000000 2.419355 2.565802
1894.000000 2.419355 2.592481
1895.000000 2.419355 2.637582
1896.000000 2.580645 2.750456
1897.000000 2.580645 2.786946
1898.000000 2.580645 2.778939
1899.000000 2.580645 2.834673
1900.000000 2.741935 2.981737
1901.000000 2.741935 2.979184
1902.000000 2.741935 3.016288
1903.000000 2.903226 3.167095
1904.000000 2.903226 3.168209
1905.000000 3.064516 3.313709
1906.000000 3.064516 3.364368
1907.000000 3.225806 3.519140
1908.000000 3.225806 3.571696
1909.000000 3.225806 3.566077
1910.000000 3.387097 3.691027
1911.000000 3.387097 3.749745
1912.000000 1.612903 1.769916
1913.000000 1.774194 1.923326
1914.000000 1.774194 1.907252
1915.000000 1.774194 1.899032
1916.000000 1.935484 2.078344
1917.000000 1.935484 2.078102
1918.000000 1.935484 2.078344
1919.000000 1.935484 2.050830
1920.000000 2.096774 2.256811
1921.000000 2.096774 2.201559
1922.000000 2.258065 2.325750
1923.000000 2.258065 2.368255
1924.000000 2.096774 2.274157
1925.000000 2.419355 2.512612
1926.000000 2.258065 2.430026
1927.000000 2.258065 2.468809
1928.000000 2.419355 2.615064
1929.000000 2.419355 2.606457
1930.000000 2.419355 2.655880
1931.000000 2.419355 2.673463
1932.000000 2.580645 2.829953
1933.000000 2.580645 2.822872
1934.000000 2.741935 2.983248
1935.000000 2.741935 3.001726
1936.000000 2.741935 3.044281
1937.000000 2.903226 3.248102
1938.000000 2.903226 3.240335
1939.000000 3.064516 3.437484
1940.000000 3.064516 3.449258
1941.000000 3.064516 3.461520
1942.000000 3.225806 3.637461
1943.000000 3.225806 3.656129
1944.000000 3.387097 3.841604
1945.000000 3.548387 4.044026
1946.000000 3.548387 4.020922
1947.000000 1.774194 1.995429
1948.000000 1.774194 2.015446
1949.000000 1.774194 1.991337
1950.000000 1.935484 2.113040
1951.000000 1.935484 2.165255
1952.000000 2.096774 2.327461
1953.000000 2.096774 2.322531
1954.000000 2.096774 2.335016
1955.000000 2.258065 2.493789
1956.000000 2.258065 2.504068
1957.000000 2.258065 2.468005
1958.000000 2.419355 2.663939
1959.000000 2.580645 2.651530
1960.000000 2.419355 2.681724
1961.000000 2.419355 2.697428
1962.000000 2.580645 2.863324
1963.000000 2.580645 2.833182
1964.000000 2.580645 2.845427
1965.000000 2.741935 3.024934
1966.000000 2.741935 3.018666
1967.000000 2.903226 3.171272
1968.000000 2.903226 3.210608
1969.000000 2.903226 3.228410
1970.000000 3.064516 3.394867
1971.000000 3.064516 3.406813
1972.000000 3.064516 3.426285
1973.000000 3.225806 3.579879
1974.000000 3.387097 3.775433
1975.000000 3.387097 3.754464
1976.000000 3.387097 3.833951
1977.000000 3.548387 3.984544
1978.000000 3.548387 4.001475
1979.000000 3.709677 4.172656
1980.000000 3.870968 4.347242
1981.000000 3.870968 4.357604
1982.000000 4.032258 4.507498
1983.000000 4.193548 4.662265
1984.000000 2.096774 2.306732
1985.000000 2.096774 2.291051
1986.000000 2.258065 2.469200
1987.000000 2.258065 2.468302
1988.000000 2.258065 2.500892
1989.000000 2.419355 2.658412
1990.000000 2.419355 2.633632
1991.000000 2.419355 2.633632
1992.000000 2.580645 2.820955
1993.000000 2.580645 2.815590
1994.000000 2.741935 2.972390
1995.000000 2.741935 2.984822
1996.000000 2.741935 2.995343
1997.000000 2.741935 3.027197
1998.000000 2.741935 3.040972
1999.000000 2.903226 3.203199
2000.000000 2.903226 3.224213
2001.000000 2.903226 3.279066
2002.000000 3.064516 3.402780
2003.000000 3.064516 3.412182
2004.000000 3.225806 3.518497
2005.000000 3.225806 3.590538
2006.000000 3.387097 3.784306
2007.000000 3.387097 3.757737
2008.000000 3.548387 4.016104
2009.000000 3.548387 3.983659
2010.000000 3.709677 4.120467
2011.000000 1.935484 2.100026
2012.000000 1.935484 2.075780
2013.000000 1.935484 2.104551
2014.000000 2.096774 2.267024
2015.000000 2.096774 2.259026
2016.000000 2.096774 2.259026
2017.000000 2.258065 2.473340
2018.000000 2.258065 2.434636
2019.000000 2.419355 2.588221
2020.000000 2.419355 2.554555
2021.000000 2.419355 2.565259
2022.000000 2.580645 2.683056
2023.000000 2.580645 2.763636
2024.000000 2.580645 2.773706
2025.000000 2.580645 2.813711
2026.000000 2.741935 2.927353
2027.000000 2.741935 2.968605
2028.000000 2.903226 3.110341
2029.000000 2.903226 3.116161
2030.000000 2.903226 3.144475
2031.000000 3.064516 3.288349
2032.000000 3.064516 3.369126
2033.000000 3.225806 3.538263
2034.000000 3.225806 3.560225
2035.000000 3.387097 3.653517
2036.000000 3.387097 3.703634
2037.000000 1.612903 1.807306
2038.000000 1.612903 1.793143
2039.000000 1.774194 1.942557
2040.000000 1.774194 1.927901
2041.000000 1.774194 1.953504
2042.000000 1.935484 2.085171
2043.000000 1.935484 2.100309
2044.000000 1.935484 2.095824
2045.000000 2.096774 2.260312
2046.000000 2.096774 2.237919
2047.000000 2.096774 2.219914
2048.000000 2.258065 2.424000
2049.000000 2.258065 2.396157
2050.000000 2.419355 2.531042
2051.000000 2.419355 2.531042
2052.000000 2.419355 2.553444
2053.000000 2.580645 2.720728
2054.000000 2.580645 2.779442
2055.000000 2.580645 2.770840
2056.000000 2.741935 2.908039
2057.000000 2.741935 2.934221
2058.000000 2.741935 2.990279
2059.000000 2.741935 2.996996
2060.000000 2.741935 3.029882
2061.000000 2.903226 3.191848
2062.000000 3.064516 3.263526
2063.000000 3.064516 3.337299
2064.000000 3.064516 3.325475
2065.000000 3.064516 3.326683
2066.000000 3.225806 3.546436
2067.000000 3.225806 3.507394
2068.000000 3.387097 3.685157
2069.000000 3.387097 3.729124
2070.000000 3.548387 3.856636
2071.000000 3.548387 3.934108
2072.000000 3.709677 4.063911
2073.000000 3.870968 4.219825
2074.000000 1.935484 2.091711
2075.000000 2.096774 2.245215
2076.000000 2.096774 2.249874
2077.000000 2.096774 2.253981
2078.000000 2.258065 2.459494
2079.000000 2.258065 2.421912
2080.000000 2.419355 2.579665
2081.000000 2.419355 2.584133
2082.000000 2.258065 2.522027
2083.000000 2.419355 2.670121
2084.000000 2.580645 2.671726
2085.000000 2.580645 2.751437
2086.000000 2.580645 2.770182
2087.000000 2.741935 2.889073
2088.000000 2.741935 2.967596
2089.000000 2.741935 2.954898
2090.000000 2.903226 3.103484
2091.000000 2.903226 3.123093
2092.000000 2.903226 3.081220
2093.000000 3.064516 3.278525
2094.000000 3.064516 3.297071
2095.000000 3.064516 3.329603
2096.000000 3.225806 3.515716
2097.000000 3.225806 3.528203
2098.000000 3.387097 3.708308
2099.000000 3.387097 3.701137
2100.000000 3.548387 3.868980
2101.000000 1.774194 1.919174
2102.000000 1.935484 2.072428
2103.000000 2.096774 2.253981
2104.000000 1.935484 2.078156
2105.000000 1.935484 2.080399
2106.000000 2.096774 2.254537
2107.000000 2.096774 2.204932
2108.000000 2.096774 2.216284
2109.000000 2.258065 2.374089
2110.000000 2.258065 2.365327
2111.000000 2.419355 2.520401
2112.000000 2.419355 2.552135
2113.000000 2.419355 2.591975
2114.000000 2.580645 2.752489
2115.000000 2.580645 2.743073
2116.000000 2.580645 2.724823
2117.000000 2.741935 2.925159
2118.000000 2.741935 2.927957
2119.000000 2.741935 2.917810
2120.000000 2.903226 3.090939
2121.000000 2.903226 3.166282
2122.000000 2.903226 3.147183
2123.000000 3.064516 3.248380
2124.000000 3.064516 3.339117
2125.000000 3.225806 3.445310
2126.000000 3.225806 3.538389
2127.000000 3.225806 3.520425
2128.000000 3.387097 3.686112
2129.000000 3.548387 3.845016
2130.000000 3.548387 3.926756
2131.000000 1.774194 1.886534
2132.000000 2.096774 2.303990
2133.000000 1.774194 1.900098
2134.000000 1.935484 2.046761
2135.000000 1.935484 2.050547
2136.000000 1.935484 2.125630
2137.000000 1.935484 2.090724
2138.000000 2.096774 2.240029
2139.000000 2.096774 2.285634
2140.000000 2.096774 2.265245
2141.000000 2.258065 2.385894
2142.000000 2.258065 2.444751
2143.000000 2.419355 2.552118
2144.000000 2.419355 2.583092
2145.000000 2.419355 2.581708
2146.000000 2.419355 2.607611
2147.000000 2.580645 2.738489
2148.000000 2.580645 2.787684
2149.000000 2.580645 2.762438
2150.000000 2.741935 2.891211
2151.000000 2.741935 2.988515
2152.000000 2.741935 2.945837
2153.000000 2.741935 2.971414
2154.000000 2.903226 3.113194
2155.000000 2.903226 3.124899
2156.000000 2.903226 3.162444
2157.000000 3.064516 3.406113
2158.000000 3.064516 3.386212
2159.000000 3.225806 3.562675
2160.000000 3.387097 3.686381
2161.000000 3.387097 3.710793
2162.000000 3.387097 3.766322
2163.000000 1.774194 1.888307
2164.000000 1.935484 2.061265
2165.000000 1.774194 1.864186
2166.000000 1.935484 2.138260
2167.000000 1.935484 2.087086
2168.000000 1.935484 2.090724
2169.000000 2.096774 2.288380
2170.000000 2.096774 2.218617
2171.000000 2.096774 2.275934
2172.000000 2.258065 2.385766
2173.000000 2.419355 2.522354
2174.000000 2.419355 2.561236
2175.000000 2.419355 2.561368
2176.000000 2.419355 2.562098
2177.000000 2.419355 2.605721
2178.000000 2.580645 2.737840
2179.000000 2.580645 2.787170
2180.000000 2.580645 2.767352
2181.000000 2.580645 2.754491
2182.000000 2.741935 2.953596
2183.000000 2.741935 2.948920
2184.000000 2.903226 3.145516
2185.000000 2.903226 3.145548
2186.000000 2.903226 3.152068
2187.000000 3.064516 3.259566
2188.000000 3.064516 3.281114
2189.000000 3.225806 3.443297
2190.000000 3.225806 3.488885
2191.000000 3.225806 3.571159
2192.000000 1.612903 1.718540
2193.000000 1.774194 1.913130
2194.000000 1.612903 1.719944
2195.000000 1.774194 1.894719
2196.000000 1.774194 1.897059
2197.000000 1.774194 1.860572
2198.000000 1.935484 2.064264
2199.000000 1.935484 2.062767
2200.000000 1.935484 2.025218
2201.000000 1.935484 2.046629
2202.000000 2.096774 2.185630
2203.000000 2.096774 2.231470
2204.000000 2.096774 2.221159
2205.000000 2.258065 2.358081
2206.000000 2.258065 2.418812
2207.000000 2.258065 2.417917
2208.000000 2.258065 2.462867
2209.000000 2.419355 2.556933
2210.000000 2.419355 2.595330
2211.000000 2.419355 2.619457
2212.000000 2.580645 2.745808
2213.000000 2.580645 2.743997
2214.000000 2.580645 2.755905
2215.000000 2.741935 2.886486
2216.000000 2.741935 2.903204
2217.000000 2.903226 3.088164
2218.000000 2.903226 3.089449
2219.000000 2.903226 3.189904
2220.000000 3.064516 3.279430
2221.000000 3.064516 3.369226
2222.000000 3.064516 3.305157
2223.000000 3.225806 3.486118
2224.000000 3.225806 3.517929
2225.000000 3.387097 3.596055
2226.000000 3.387097 3.668288
2227.000000 3.548387 3.904305
2228.000000 1.935484 2.044746
2229.000000 1.935484 2.024097
2230.000000 1.935484 2.077509
2231.000000 1.935484 2.047272
2232.000000 2.096774 2.229799
2233.000000 2.096774 2.256811
2234.000000 2.096774 2.262726
2235.000000 2.258065 2.447756
2236.000000 2.258065 2.423991
2237.000000 2.258065 2.428367
2238.000000 2.419355 2.553855
2239.000000 2.419355 2.580414
2240.000000 2.419355 2.641871
2241.000000 2.419355 2.651222
2242.000000 2.580645 2.781491
2243.000000 2.580645 2.809038
2244.000000 2.580645 2.800800
2245.000000 2.741935 3.020071
2246.000000 2.741935 3.022183
2247.000000 2.903226 3.127770
2248.000000 2.903226 3.116187
2249.000000 3.064516 3.328181
2250.000000 3.064516 3.370589
2251.000000 3.225806 3.494896
2252.000000 3.225806 3.532665
2253.000000 3.387097 3.654314
2254.000000 3.387097 3.688775
2255.000000 3.548387 3.878876
2256.000000 3.548387 3.894373
2257.000000 3.709677 4.065871
2258.000000 1.774194 1.895907
2259.000000 1.935484 2.100925
2260.000000 1.935484 2.073400
2261.000000 1.935484 2.072618
2262.000000 2.096774 2.251448
2263.000000 2.096774 2.253584
2264.000000 2.096774 2.276656
2265.000000 2.096774 2.276656
2266.000000 2.258065 2.428878
2267.000000 2.258065 2.395684
2268.000000 2.419355 2.547886
2269.000000 2.419355 2.553444
2270.000000 2.419355 2.559958
2271.000000 2.580645 2.714691
2272.000000 2.580645 2.726401
2273.000000 2.580645 2.761201
2274.000000 2.580645 2.768247
2275.000000 2.741935 2.943115
2276.000000 2.741935 2.956658
2277.000000 2.741935 2.959435
2278.000000 2.903226 3.104155
2279.000000 2.903226 3.139371
2280.000000 2.903226 3.137706
2281.000000 3.064516 3.312831
2282.000000 3.064516 3.303067
2283.000000 3.064516 3.373764
2284.000000 3.225806 3.516415
2285.000000 3.225806 3.551968
2286.000000 3.387097 3.724983
2287.000000 1.774194 1.946104
2288.000000 1.612903 1.747408
2289.000000 1.774194 1.926830
2290.000000 1.774194 1.919692
2291.000000 1.935484 2.145706
2292.000000 1.935484 2.100358
2293.000000 1.935484 2.098978
2294.000000 1.935484 2.098978
2295.000000 2.096774 2.252962
2296.000000 2.096774 2.248185
2297.000000 2.096774 2.255650
2298.000000 2.258065 2.411850
2299.000000 2.258065 2.416123
2300.000000 2.419355 2.598194
2301.000000 2.419355 2.590719
2302.000000 2.419355 2.599584
2303.000000 2.419355 2.598181
2304.000000 2.419355 2.656922
2305.000000 2.580645 2.792405
2306.000000 2.580645 2.847502
2307.000000 2.741935 2.955786
2308.000000 2.741935 2.984596
2309.000000 2.903226 3.142668
2310.000000 2.903226 3.139371
2311.000000 2.903226 3.179819
2312.000000 3.064516 3.308674
2313.000000 3.064516 3.332461
2314.000000 3.225806 3.490664
2315.000000 1.612903 1.745075
2316.000000 1.612903 1.762417
2317.000000 1.774194 1.899032
2318.000000 1.774194 1.962307
2319.000000 1.774194 1.962307
2320.000000 1.774194 1.923326
2321.000000 1.935484 2.082768
2322.000000 1.935484 2.078344
2323.000000 1.935484 2.078344
2324.000000 2.096774 2.246239
2325.000000 2.096774 2.252191
2326.000000 2.096774 2.226001
2327.000000 2.096774 2.267704
2328.000000 2.258065 2.391094
2329.000000 2.258065 2.402660
2330.000000 2.419355 2.514032
2331.000000 2.419355 2.559030
2332.000000 2.419355 2.519060
2333.000000 2.419355 2.574756
2334.000000 2.419355 2.602338
2335.000000 2.580645 2.757383
2336.000000 2.580645 2.740366
2337.000000 2.580645 2.737816
2338.000000 2.741935 2.897854
2339.000000 2.741935 2.962524
2340.000000 2.741935 2.959161
2341.000000 2.903226 3.122863
2342.000000 2.903226 3.129183
2343.000000 2.903226 3.168591
2344.000000 3.064516 3.346175
2345.000000 3.064516 3.296502
2346.000000 3.225806 3.496577
2347.000000 3.225806 3.541717
2348.000000 1.612903 1.654348
2349.000000 1.612903 1.719944
2350.000000 1.612903 1.733707
2351.000000 1.612903 1.704758
2352.000000 1.774194 1.899032
2353.000000 1.774194 1.923326
2354.000000 1.774194 1.924503
2355.000000 1.774194 1.923326
2356.000000 1.774194 1.919692
2357.000000 1.935484 2.054659
2358.000000 1.935484 2.082981
2359.000000 1.935484 2.100358
2360.000000 2.096774 2.248185
2361.000000 2.096774 2.229799
2362.000000 2.096774 2.242300
2363.000000 2.096774 2.273201
2364.000000 2.258065 2.400728
2365.000000 2.258065 2.443605
2366.000000 2.258065 2.456919
2367.000000 2.258065 2.450726
2368.000000 2.419355 2.619012
2369.000000 2.419355 2.646444
2370.000000 2.580645 2.828962
2371.000000 2.580645 2.831973
2372.000000 2.580645 2.840276
2373.000000 2.741935 2.977729
2374.000000 2.741935 2.969548
2375.000000 2.903226 3.186356
2376.000000 2.903226 3.186033
2377.000000 2.903226 3.174604
2378.000000 3.064516 3.388312
2379.000000 3.064516 3.351177
2380.000000 3.225806 3.508361
2381.000000 3.225806 3.572866
2382.000000 3.387097 3.776168
2383.000000 3.387097 3.727573
2384.000000 1.612903 1.750793
2385.000000 1.774194 1.957466
2386.000000 1.774194 1.945154
2387.000000 1.774194 1.916359
2388.000000 1.774194 1.930565
2389.000000 1.935484 2.106511
2390.000000 1.935484 2.086998
2391.000000 1.935484 2.122819
2392.000000 2.096774 2.205802
2393.000000 2.096774 2.258367
2394.000000 2.096774 2.221159
2395.000000 2.258065 2.325614
2396.000000 2.258065 2.422601
2397.000000 2.258065 2.354918
2398.000000 2.258065 2.402252
2399.000000 2.258065 2.429343
2400.000000 2.419355 2.595935
2401.000000 2.419355 2.604823
2402.000000 2.419355 2.617488
2403.000000 2.580645 2.747044
2404.000000 2.580645 2.772968
2405.000000 2.580645 2.819850
2406.000000 2.741935 2.915198
2407.000000 2.741935 3.002110
2408.000000 2.903226 3.148061
2409.000000 2.903226 3.169414
2410.000000 3.064516 3.352792
2411.000000 3.064516 3.381169
2412.000000 3.064516 3.366520
2413.000000 3.225806 3.555499
2414.000000 3.225806 3.601007
2415.000000 3.387097 3.768184
2416.000000 1.774194 1.940274
2417.000000 1.774194 1.952837
2418.000000 1.774194 1.928948
2419.000000 1.935484 2.125459
2420.000000 1.935484 2.075532
2421.000000 1.935484 2.085171
2422.000000 2.096774 2.300489
2423.000000 2.096774 2.259379
2424.000000 2.096774 2.242010
2425.000000 2.258065 2.389409
2426.000000 2.258065 2.389409
2427.000000 2.419355 2.572745
2428.000000 2.419355 2.538824
2429.000000 2.419355 2.623849
2430.000000 2.419355 2.617488
2431.000000 2.419355 2.632710
2432.000000 2.580645 2.819750
2433.000000 2.580645 2.815465
2434.000000 2.741935 3.008958
2435.000000 2.741935 3.032164
2436.000000 2.741935 3.030295
2437.000000 2.741935 3.100094
2438.000000 2.903226 3.180254
2439.000000 2.903226 3.218675
2440.000000 3.064516 3.366311
2441.000000 3.064516 3.393970
2442.000000 3.064516 3.422305
2443.000000 3.225806 3.602322
2444.000000 3.225806 3.592188
2445.000000 3.387097 3.761457
2446.000000 1.774194 1.940970
2447.000000 1.774194 1.929929
2448.000000 1.774194 1.941204
2449.000000 1.774194 1.949574
2450.000000 1.935484 2.096068
2451.000000 1.935484 2.100091
2452.000000 2.096774 2.260223
2453.000000 2.096774 2.299267
2454.000000 2.096774 2.289804
2455.000000 2.258065 2.455250
2456.000000 2.258065 2.462620
2457.000000 2.258065 2.455716
2458.000000 2.419355 2.613940
2459.000000 2.419355 2.606758
2460.000000 2.419355 2.688419
2461.000000 2.580645 2.773987
2462.000000 2.580645 2.785979
2463.000000 2.580645 2.797772
2464.000000 2.741935 3.002399
2465.000000 2.741935 3.062713
2466.000000 2.741935 3.004588
2467.000000 2.903226 3.167585
2468.000000 2.903226 3.178412
2469.000000 3.064516 3.352342
2470.000000 3.064516 3.363359
2471.000000 3.225806 3.540390
2472.000000 3.225806 3.539058
2473.000000 1.612903 1.777575
2474.000000 1.774194 1.933929
2475.000000 1.612903 1.783824
2476.000000 1.774194 1.938493
2477.000000 1.612903 1.775987
2478.000000 1.774194 1.930565
2479.000000 1.774194 1.921330
2480.000000 1.935484 2.098860
2481.000000 1.935484 2.075613
2482.000000 1.935484 2.110158
2483.000000 1.935484 2.125460
2484.000000 2.096774 2.273523
2485.000000 2.096774 2.254676
2486.000000 2.258065 2.406426
2487.000000 2.258065 2.408010
2488.000000 2.258065 2.438025
2489.000000 2.419355 2.547398
2490.000000 2.419355 2.597035
2491.000000 2.419355 2.603040
2492.000000 2.580645 2.753004
2493.000000 2.580645 2.770094
2494.000000 2.580645 2.783722
2495.000000 2.741935 2.963988
2496.000000 2.741935 2.985274
2497.000000 2.741935 2.974805
2498.000000 2.903226 3.143342
2499.000000 2.903226 3.145202
2500.000000 2.903226 3.163325
2501.000000 3.064516 3.347701
2502.000000 3.064516 3.380218
2503.000000 3.225806 3.493454
2504.000000 3.225806 3.552729
2505.000000 3.387097 3.700393
2506.000000 3.387097 3.759369
2507.000000 3.548387 3.902404
2508.000000 1.774194 1.939491
2509.000000 1.935484 2.154661
2510.000000 1.774194 1.963730
2511.000000 1.935484 2.129033
2512.000000 1.935484 2.125630
2513.000000 2.096774 2.322123
2514.000000 2.096774 2.282469
2515.000000 2.096774 2.293926
2516.000000 2.096774 2.288231
2517.000000 2.258065 2.459996
2518.000000 2.258065 2.501197
2519.000000 2.258065 2.510889
2520.000000 2.419355 2.583512
2521.000000 2.419355 2.610989
2522.000000 2.419355 2.635890
2523.000000 2.580645 2.849072
2524.000000 2.580645 2.862677
2525.000000 2.580645 2.825083
2526.000000 2.741935 3.004765
2527.000000 2.741935 3.058596
2528.000000 2.741935 3.102511
2529.000000 2.903226 3.245315
2530.000000 2.903226 3.230338
2531.000000 2.903226 3.183427
2532.000000 3.064516 3.312002
2533.000000 3.225806 3.532511
2534.000000 3.225806 3.578788
2535.000000 3.387097 3.815858
2536.000000 3.387097 3.780271
2537.000000 3.548387 3.901180
2538.000000 3.548387 3.978314
2539.000000 3.709677 4.103241
2540.000000 3.870968 4.269741
2541.000000 3.870968 4.329764
2542.000000 2.096774 2.338642
2543.000000 2.096774 2.313452
2544.000000 2.096774 2.304123
2545.000000 2.258065 2.500892
2546.000000 2.258065 2.494353
2547.000000 2.258065 2.441342
2548.000000 2.419355 2.628940
2549.000000 2.419355 2.618249
2550.000000 2.419355 2.693651
2551.000000 2.580645 2.800869
2552.000000 2.580645 2.785607
2553.000000 2.741935 2.973545
2554.000000 2.741935 2.960196
2555.000000 2.741935 2.968077
2556.000000 2.741935 3.068455
2557.000000 2.741935 3.034639
2558.000000 2.903226 3.099297
2559.000000 2.903226 3.257463
2560.000000 3.064516 3.402975
2561.000000 2.903226 3.269915
2562.000000 3.064516 3.408194
2563.000000 3.225806 3.586789
2564.000000 3.225806 3.613625
2565.000000 3.225806 3.610252
2566.000000 3.387097 3.790155
2567.000000 3.387097 3.801129
2568.000000 3.548387 3.971402
2569.000000 3.548387 3.967606
2570.000000 3.548387 3.995501
2571.000000 3.709677 4.200789
2572.000000 1.935484 2.126173
2573.000000 1.935484 2.151790
2574.000000 2.096774 2.334869
2575.000000 2.096774 2.368890
2576.000000 2.096774 2.295184
2577.000000 2.258065 2.454134
2578.000000 2.258065 2.559987
2579.000000 2.419355 2.655883
2580.000000 2.580645 2.804598
2581.000000 2.580645 2.729112
2582.000000 2.580645 2.748701
2583.000000 2.741935 2.975580
2584.000000 2.741935 2.930736
2585.000000 2.741935 2.971567
2586.000000 2.741935 3.027467
2587.000000 2.903226 3.079434
2588.000000 2.903226 3.208554
2589.000000 2.903226 3.193376
2590.000000 3.064516 3.321986
2591.000000 3.064516 3.329266
2592.000000 3.064516 3.402530
2593.000000 3.225806 3.559726
2594.000000 3.225806 3.569915
2595.000000 3.387097 3.769397
2596.000000 3.387097 3.731778
2597.000000 3.548387 3.929430
2598.000000 3.548387 3.985870
2599.000000 3.709677 4.145100
2600.000000 3.709677 4.136696
2601.000000 3.870968 4.291020
2602.000000 4.032258 4.434311
2603.000000 4.032258 4.456760
2604.000000 4.193548 4.677922
2605.000000 2.096774 2.206365
2606.000000 2.096774 2.292347
2607.000000 2.096774 2.334321
2608.000000 2.096774 2.262480
2609.000000 2.258065 2.427768
2610.000000 2.258065 2.435235
2611.000000 2.419355 2.608808
2612.000000 2.419355 2.652772
2613.000000 2.419355 2.626511
2614.000000 2.580645 2.808121
2615.000000 2.580645 2.766874
2616.000000 2.580645 2.749342
2617.000000 2.580645 2.785612
2618.000000 2.741935 2.973405
2619.000000 2.741935 2.983594
2620.000000 2.741935 2.988661
2621.000000 2.903226 3.136862
2622.000000 2.903226 3.164328
2623.000000 2.903226 3.138184
2624.000000 3.064516 3.362199
2625.000000 3.064516 3.335974
2626.000000 3.225806 3.558914
2627.000000 3.225806 3.556353
2628.000000 3.225806 3.567587
2629.000000 3.387097 3.721059
2630.000000 3.387097 3.748751
2631.000000 3.548387 3.904355
2632.000000 3.709677 4.035191
2633.000000 3.709677 4.134666
2634.000000 3.870968 4.284091
2635.000000 1.935484 2.100091
2636.000000 1.935484 2.061349
2637.000000 2.096774 2.236798
2638.000000 2.096774 2.209215
2639.000000 2.096774 2.217129
2640.000000 2.258065 2.426039
