0.000000 7.258065 8.183801
1.000000 2.096774 2.329196
2.000000 2.096774 2.400751
3.000000 2.419355 2.767282
4.000000 2.258065 2.499532
5.000000 2.258065 2.534290
6.000000 2.258065 2.528658
7.000000 2.258065 2.558261
8.000000 2.419355 2.652995
9.000000 2.903226 3.224648
10.000000 2.419355 2.745158
11.000000 3.064516 3.476075
12.000000 2.903226 3.335298
13.000000 2.580645 2.975379
14.000000 3.225806 3.629279
15.000000 2.580645 2.908027
16.000000 2.741935 3.098922
17.000000 3.387097 3.840218
18.000000 2.741935 3.073573
19.000000 2.741935 3.035769
20.000000 2.903226 3.215706
21.000000 3.064516 3.403711
22.000000 2.903226 3.148215
23.000000 2.903226 3.250567
24.000000 3.064516 3.331395
25.000000 3.225806 3.489958
26.000000 3.225806 3.567342
27.000000 3.387097 3.863428
28.000000 3.387097 3.725950
29.000000 3.387097 3.828491
30.000000 3.548387 3.968251
31.000000 3.387097 3.825406
32.000000 3.709677 4.127338
33.000000 3.709677 4.144842
34.000000 3.709677 4.209695
35.000000 3.870968 4.379866
36.000000 3.870968 4.361086
37.000000 3.870968 4.336961
38.000000 4.032258 4.550244
39.000000 4.193548 4.702142
40.000000 4.193548 4.722622
41.000000 4.354839 4.918411
42.000000 4.516129 5.016704
43.000000 2.580645 2.802640
44.000000 2.580645 2.790181
45.000000 2.741935 2.980958
46.000000 2.741935 2.976343
47.000000 2.741935 3.036831
48.000000 2.903226 3.109041
49.000000 2.903226 3.177091
50.000000 2.903226 3.186328
51.000000 3.064516 3.288226
52.000000 3.064516 3.347230
53.000000 3.225806 3.513383
54.000000 3.225806 3.442000
55.000000 3.225806 3.507411
56.000000 3.225806 3.540093
57.000000 3.387097 3.659248
58.000000 3.387097 3.654623
59.000000 3.548387 3.813769
60.000000 3.548387 3.823240
61.000000 3.709677 4.041108
62.000000 3.709677 3.991455
63.000000 3.870968 4.142414
64.000000 3.870968 4.199720
65.000000 4.032258 4.422011
66.000000 4.193548 4.470773
67.000000 4.193548 4.589808
68.000000 4.354839 4.674970
69.000000 4.354839 4.750731
70.000000 2.580645 2.783987
71.000000 2.580645 2.790777
72.000000 2.741935 2.928870
73.000000 2.741935 2.897579
74.000000 2.741935 2.934343
75.000000 2.903226 3.058900
76.000000 2.903226 3.096062
77.000000 3.064516 3.258927
78.000000 3.064516 3.272955
79.000000 3.064516 3.257720
80.000000 3.064516 3.281614
81.000000 3.064516 3.347794
82.000000 3.225806 3.444146
83.000000 3.387097 3.603057
84.000000 3.387097 3.568932
85.000000 3.548387 3.716834
86.000000 3.548387 3.725170
87.000000 3.709677 3.918323
88.000000 3.709677 3.931116
89.000000 3.870968 4.072364
90.000000 3.870968 4.181445
91.000000 3.870968 4.234592
92.000000 4.032258 4.327810
93.000000 4.032258 4.443123
94.000000 4.193548 4.625195
95.000000 4.193548 4.685495
96.000000 2.096774 2.314053
97.000000 2.258065 2.452102
98.000000 2.258065 2.497349
99.000000 2.419355 2.520740
100.000000 2.419355 2.575216
101.000000 2.580645 2.737293
102.000000 2.419355 2.677129
103.000000 2.741935 2.864173
104.000000 2.580645 2.779342
105.000000 2.741935 2.984603
106.000000 2.741935 3.012003
107.000000 2.741935 2.977200
108.000000 2.903226 3.146415
109.000000 2.903226 3.200001
110.000000 3.064516 3.328385
111.000000 3.064516 3.311349
112.000000 3.064516 3.337881
113.000000 3.225806 3.507125
114.000000 3.225806 3.503919
115.000000 3.387097 3.687158
116.000000 3.387097 3.697767
117.000000 3.548387 3.882413
118.000000 3.548387 3.897650
119.000000 3.709677 4.045868
120.000000 3.709677 4.147733
121.000000 3.870968 4.313851
122.000000 4.032258 4.491981
123.000000 2.096774 2.261482
124.000000 2.096774 2.289677
125.000000 2.258065 2.419698
126.000000 2.258065 2.506011
127.000000 2.258065 2.443382
128.000000 2.258065 2.470255
129.000000 2.419355 2.627963
130.000000 2.419355 2.625073
131.000000 2.580645 2.775854
132.000000 2.580645 2.784545
133.000000 2.580645 2.790023
134.000000 2.741935 2.934848
135.000000 2.741935 2.959684
136.000000 2.741935 2.967647
137.000000 2.741935 2.957038
138.000000 2.903226 3.151350
139.000000 2.903226 3.186334
140.000000 2.903226 3.209558
141.000000 2.903226 3.160726
142.000000 3.064516 3.326874
143.000000 3.064516 3.370670
144.000000 3.225806 3.529633
145.000000 3.225806 3.491319
146.000000 3.387097 3.686219
147.000000 3.548387 3.851893
148.000000 3.548387 3.896017
149.000000 3.709677 4.052949
150.000000 3.709677 4.112477
151.000000 3.709677 4.133579
152.000000 3.709677 4.098708
153.000000 3.870968 4.268836
154.000000 4.032258 4.495583
155.000000 4.193548 4.635137
156.000000 4.193548 4.732610
157.000000 4.354839 4.839542
158.000000 4.516129 5.101694
159.000000 4.677419 5.191281
160.000000 4.677419 5.269942
161.000000 2.580645 2.815177
162.000000 2.580645 2.831320
163.000000 2.741935 3.044566
164.000000 2.741935 3.053327
165.000000 2.741935 3.047489
166.000000 2.903226 3.202352
167.000000 2.903226 3.236203
168.000000 3.064516 3.391785
169.000000 3.064516 3.359054
170.000000 3.064516 3.399964
171.000000 3.064516 3.405809
172.000000 3.225806 3.570843
173.000000 3.387097 3.796540
174.000000 3.387097 3.732812
175.000000 3.548387 4.024858
176.000000 3.548387 3.984637
177.000000 3.548387 3.994666
178.000000 3.870968 4.349047
179.000000 3.870968 4.350090
180.000000 3.870968 4.355954
181.000000 4.032258 4.551535
182.000000 4.193548 4.754378
183.000000 4.193548 4.763409
184.000000 2.419355 2.644236
185.000000 2.419355 2.648541
186.000000 2.419355 2.696217
187.000000 2.580645 2.872256
188.000000 2.580645 2.863427
189.000000 2.741935 3.005693
190.000000 2.741935 3.036164
191.000000 2.741935 3.037205
192.000000 2.741935 3.017699
193.000000 2.903226 3.186805
194.000000 2.903226 3.196384
195.000000 3.064516 3.329465
196.000000 3.064516 3.361954
197.000000 3.064516 3.403271
198.000000 3.064516 3.394656
199.000000 3.225806 3.547044
200.000000 3.387097 3.743714
201.000000 3.387097 3.765357
202.000000 3.548387 3.908050
203.000000 3.548387 3.950657
204.000000 3.709677 4.096062
205.000000 1.774194 1.881242
206.000000 1.774194 1.936452
207.000000 1.774194 1.951839
208.000000 1.935484 2.059343
209.000000 1.935484 2.050499
210.000000 1.935484 2.086706
211.000000 2.096774 2.217671
212.000000 2.096774 2.193723
213.000000 2.096774 2.251585
214.000000 2.096774 2.258893
215.000000 1.935484 2.193118
216.000000 2.096774 2.248422
217.000000 2.096774 2.270642
218.000000 2.096774 2.239483
219.000000 2.258065 2.443988
220.000000 2.258065 2.443988
221.000000 2.258065 2.430349
222.000000 2.258065 2.407068
223.000000 2.419355 2.547486
224.000000 2.419355 2.638619
225.000000 2.419355 2.542201
226.000000 2.419355 2.580927
227.000000 2.419355 2.639651
228.000000 2.419355 2.731112
229.000000 2.580645 2.758988
230.000000 2.580645 2.801650
231.000000 2.580645 2.887486
232.000000 2.580645 2.894146
233.000000 2.741935 2.947277
234.000000 2.741935 3.013529
235.000000 2.741935 3.037003
236.000000 2.903226 3.116635
237.000000 2.903226 3.280067
238.000000 3.064516 3.318590
239.000000 3.064516 3.436042
240.000000 3.225806 3.472137
241.000000 3.225806 3.527928
242.000000 3.387097 3.724897
243.000000 3.387097 3.753596
244.000000 3.548387 3.884384
245.000000 3.548387 3.900333
246.000000 1.935484 2.070130
247.000000 1.935484 2.052914
248.000000 2.096774 2.225793
249.000000 2.096774 2.197908
250.000000 2.096774 2.225793
251.000000 1.935484 2.152692
252.000000 2.258065 2.368368
253.000000 2.096774 2.235394
254.000000 2.258065 2.321372
255.000000 2.258065 2.308580
256.000000 2.419355 2.447681
257.000000 2.258065 2.439796
258.000000 2.258065 2.413301
259.000000 2.419355 2.576138
260.000000 2.419355 2.577941
261.000000 2.419355 2.599989
262.000000 2.580645 2.723822
263.000000 2.419355 2.714205
264.000000 2.580645 2.781987
265.000000 2.419355 2.749787
266.000000 2.580645 2.914808
267.000000 2.580645 2.900167
268.000000 2.903226 3.102798
269.000000 2.741935 3.074567
270.000000 2.903226 3.252235
271.000000 3.064516 3.254236
272.000000 2.903226 3.290116
273.000000 3.064516 3.451698
274.000000 3.064516 3.430398
275.000000 3.225806 3.615697
276.000000 3.225806 3.647081
277.000000 3.225806 3.642313
278.000000 3.225806 3.644966
279.000000 1.774194 1.769864
280.000000 1.774194 1.969950
281.000000 1.612903 1.795524
282.000000 1.774194 1.986301
283.000000 1.935484 2.018098
284.000000 1.774194 1.982886
285.000000 1.935484 1.941730
286.000000 1.774194 1.971241
287.000000 1.935484 2.132643
288.000000 1.935484 2.090129
289.000000 1.935484 2.087335
290.000000 2.096774 2.269941
291.000000 2.096774 2.274406
292.000000 2.096774 2.269905
293.000000 2.096774 2.281665
294.000000 2.258065 2.434956
295.000000 2.258065 2.455334
296.000000 2.258065 2.460559
297.000000 2.419355 2.582605
298.000000 2.580645 2.682300
299.000000 2.419355 2.627942
300.000000 2.419355 2.607937
301.000000 2.419355 2.647832
302.000000 2.741935 2.834341
303.000000 2.580645 2.804313
304.000000 2.741935 2.953570
305.000000 2.741935 3.004454
306.000000 2.741935 2.959263
307.000000 2.741935 2.987979
308.000000 2.903226 3.150656
309.000000 2.903226 3.198859
310.000000 3.064516 3.317998
311.000000 3.064516 3.320706
312.000000 3.064516 3.391415
313.000000 3.225806 3.566196
314.000000 3.225806 3.595472
315.000000 3.387097 3.736660
316.000000 3.387097 3.791869
317.000000 3.548387 3.906271
318.000000 3.548387 3.967961
319.000000 3.709677 4.106396
320.000000 3.709677 4.131022
321.000000 1.935484 2.108254
322.000000 1.935484 2.150061
323.000000 1.935484 2.131678
324.000000 2.096774 2.291665
325.000000 2.096774 2.287977
326.000000 2.096774 2.284134
327.000000 2.258065 2.461340
328.000000 2.258065 2.433125
329.000000 2.258065 2.509280
330.000000 2.258065 2.467201
331.000000 2.419355 2.621053
332.000000 2.419355 2.652298
333.000000 2.419355 2.689366
334.000000 2.580645 2.740754
335.000000 2.741935 2.829242
336.000000 2.741935 2.894982
337.000000 2.741935 2.907544
338.000000 2.903226 3.058239
339.000000 2.741935 2.986276
340.000000 2.903226 3.210774
341.000000 2.903226 3.153954
342.000000 3.064516 3.213934
343.000000 3.225806 3.404164
344.000000 3.064516 3.392605
345.000000 3.387097 3.624678
346.000000 3.225806 3.563290
347.000000 3.548387 3.751474
348.000000 3.548387 3.763115
349.000000 3.709677 3.911402
350.000000 3.548387 3.943381
351.000000 3.709677 4.132907
352.000000 3.709677 4.118603
353.000000 1.935484 2.034360
354.000000 1.935484 2.028835
355.000000 1.935484 2.142885
356.000000 1.935484 2.179446
357.000000 1.935484 2.191161
358.000000 2.096774 2.207384
359.000000 2.096774 2.277482
360.000000 2.096774 2.286749
361.000000 2.258065 2.337970
362.000000 2.419355 2.509921
363.000000 2.419355 2.516816
364.000000 2.419355 2.509623
365.000000 2.258065 2.496082
366.000000 2.580645 2.758111
367.000000 2.419355 2.659359
368.000000 2.419355 2.669831
369.000000 2.580645 2.868661
370.000000 2.580645 2.875914
371.000000 2.741935 2.872607
372.000000 2.580645 2.858854
373.000000 2.741935 3.031455
374.000000 2.741935 3.052194
375.000000 2.741935 3.045866
376.000000 3.064516 3.304216
377.000000 2.903226 3.214341
378.000000 2.903226 3.262190
379.000000 3.064516 3.434071
380.000000 3.225806 3.445887
381.000000 3.225806 3.538220
382.000000 3.387097 3.663430
383.000000 3.387097 3.774295
384.000000 3.387097 3.780122
385.000000 3.709677 4.053425
386.000000 3.709677 4.016752
387.000000 3.870968 4.172137
388.000000 4.032258 4.356549
389.000000 4.032258 4.455089
390.000000 4.193548 4.602269
391.000000 4.193548 4.559198
392.000000 4.354839 4.689076
393.000000 4.354839 4.741606
394.000000 4.354839 4.945716
395.000000 2.258065 2.498924
396.000000 2.258065 2.562300
397.000000 2.419355 2.676052
398.000000 2.580645 2.735030
399.000000 2.580645 2.799332
400.000000 2.741935 2.998136
401.000000 2.741935 2.966215
402.000000 2.903226 3.220103
403.000000 2.903226 3.169223
404.000000 3.064516 3.328533
405.000000 3.064516 3.316339
406.000000 3.064516 3.357307
407.000000 3.064516 3.288021
408.000000 3.225806 3.450709
409.000000 3.225806 3.479912
410.000000 3.225806 3.524100
411.000000 3.387097 3.713849
412.000000 3.387097 3.709524
413.000000 3.548387 3.842310
414.000000 3.548387 3.928200
415.000000 3.709677 4.063374
416.000000 3.709677 4.102958
417.000000 3.870968 4.311659
418.000000 3.870968 4.325481
419.000000 4.032258 4.428667
420.000000 4.193548 4.647627
421.000000 4.193548 4.621898
422.000000 4.354839 4.739123
423.000000 4.516129 4.950003
424.000000 2.419355 2.660928
425.000000 2.419355 2.565432
426.000000 2.580645 2.814836
427.000000 2.580645 2.722036
428.000000 2.580645 2.746636
429.000000 2.741935 2.994796
430.000000 2.741935 2.979235
431.000000 2.741935 2.870519
432.000000 2.903226 3.015927
433.000000 2.903226 3.041632
434.000000 2.903226 3.165099
435.000000 3.064516 3.213674
436.000000 3.064516 3.287592
437.000000 3.064516 3.408769
438.000000 3.064516 3.403179
439.000000 3.225806 3.421509
440.000000 3.387097 3.613766
441.000000 3.387097 3.644216
442.000000 3.548387 3.818974
443.000000 3.548387 3.845864
444.000000 3.548387 3.896790
445.000000 3.709677 4.063323
446.000000 3.870968 4.204046
447.000000 3.870968 4.279109
448.000000 3.870968 4.271038
449.000000 4.032258 4.456423
450.000000 4.193548 4.602031
451.000000 4.193548 4.606309
452.000000 4.354839 4.837568
453.000000 4.354839 4.886604
454.000000 4.516129 5.011660
455.000000 2.258065 2.433125
456.000000 2.258065 2.433125
457.000000 2.258065 2.424471
458.000000 2.419355 2.619360
459.000000 2.419355 2.639528
460.000000 2.580645 2.745559
461.000000 2.580645 2.731106
462.000000 2.741935 2.878672
463.000000 2.741935 2.932258
464.000000 2.741935 2.953296
465.000000 2.741935 2.965326
466.000000 2.903226 3.133635
467.000000 2.903226 3.101427
468.000000 2.903226 3.080932
469.000000 3.064516 3.368358
470.000000 3.064516 3.230617
471.000000 3.064516 3.334785
472.000000 3.064516 3.341600
473.000000 3.225806 3.442681
474.000000 3.387097 3.623907
475.000000 3.387097 3.681735
476.000000 3.225806 3.621303
477.000000 3.548387 3.906878
478.000000 3.548387 3.848224
479.000000 3.709677 4.036875
480.000000 3.709677 4.026477
481.000000 3.870968 4.210367
482.000000 4.032258 4.371812
483.000000 4.032258 4.423686
484.000000 4.032258 4.510609
485.000000 4.193548 4.648921
486.000000 4.354839 4.799553
487.000000 4.354839 4.859037
488.000000 4.516129 5.076226
489.000000 4.516129 5.096959
490.000000 4.677419 5.246684
491.000000 4.838710 5.449463
492.000000 4.838710 5.410982
493.000000 5.161290 5.650047
494.000000 5.161290 5.673794
495.000000 5.322581 5.964681
496.000000 2.903226 3.214886
497.000000 3.064516 3.291493
498.000000 3.064516 3.273865
499.000000 3.225806 3.553456
500.000000 3.225806 3.494539
501.000000 3.387097 3.622599
502.000000 3.548387 3.871548
503.000000 3.548387 3.748851
504.000000 3.548387 3.876869
505.000000 3.548387 4.029399
506.000000 3.548387 3.982845
507.000000 3.709677 4.184466
508.000000 3.709677 4.180383
509.000000 3.870968 4.361042
510.000000 4.032258 4.542971
511.000000 4.193548 4.678568
512.000000 4.193548 4.704193
513.000000 4.354839 4.935021
514.000000 4.354839 4.887380
515.000000 4.516129 5.070451
516.000000 4.677419 5.222725
517.000000 4.677419 5.289721
518.000000 4.838710 5.437806
519.000000 2.419355 2.644735
520.000000 2.580645 2.892552
521.000000 2.580645 2.806051
522.000000 2.580645 2.871249
523.000000 2.580645 2.851396
524.000000 2.580645 2.836055
525.000000 2.580645 2.887824
526.000000 2.741935 3.041241
527.000000 2.741935 2.983005
528.000000 2.741935 3.031776
529.000000 2.903226 3.229389
530.000000 2.903226 3.196115
531.000000 3.064516 3.280585
532.000000 2.903226 3.240844
533.000000 3.064516 3.455454
534.000000 3.064516 3.444941
535.000000 3.225806 3.580580
536.000000 3.225806 3.639170
537.000000 3.225806 3.653988
538.000000 3.387097 3.797036
539.000000 3.387097 3.795561
540.000000 3.548387 3.948361
541.000000 3.548387 4.022200
542.000000 3.709677 4.119017
543.000000 3.709677 4.144452
544.000000 3.870968 4.313223
545.000000 3.870968 4.409359
546.000000 4.032258 4.593412
547.000000 4.193548 4.729826
548.000000 4.193548 4.767662
549.000000 4.354839 4.904007
550.000000 4.516129 5.107683
551.000000 2.096774 2.326141
552.000000 2.258065 2.505253
553.000000 2.258065 2.526121
554.000000 2.258065 2.550222
555.000000 2.258065 2.526571
556.000000 2.419355 2.692255
557.000000 2.419355 2.725484
558.000000 2.419355 2.691507
559.000000 2.580645 2.865527
560.000000 2.580645 2.806770
561.000000 2.580645 2.877173
562.000000 2.741935 2.965982
563.000000 2.741935 3.014107
564.000000 2.903226 3.015041
565.000000 2.741935 2.987397
566.000000 2.903226 3.172132
567.000000 2.903226 3.160887
568.000000 2.903226 3.152530
569.000000 3.064516 3.311315
570.000000 3.064516 3.303132
571.000000 3.064516 3.325716
572.000000 3.225806 3.516637
573.000000 3.225806 3.545614
574.000000 3.387097 3.664668
575.000000 3.387097 3.711217
576.000000 3.387097 3.745155
577.000000 3.548387 3.900695
578.000000 3.709677 4.050142
579.000000 3.709677 4.110375
580.000000 3.709677 4.113438
581.000000 3.870968 4.288954
582.000000 3.870968 4.332615
583.000000 4.032258 4.516319
584.000000 4.032258 4.513895
585.000000 2.096774 2.302904
586.000000 2.096774 2.318270
587.000000 2.096774 2.322647
588.000000 2.096774 2.317468
589.000000 2.258065 2.364880
590.000000 2.258065 2.504790
591.000000 2.258065 2.475312
592.000000 2.419355 2.567462
593.000000 2.419355 2.650402
594.000000 2.580645 2.768263
595.000000 2.580645 2.805960
596.000000 2.580645 2.810350
597.000000 2.580645 2.832880
598.000000 2.580645 2.858838
599.000000 2.741935 3.042868
600.000000 2.741935 3.066413
601.000000 2.903226 3.239956
602.000000 2.903226 3.246682
603.000000 3.064516 3.343072
604.000000 3.064516 3.399394
605.000000 3.225806 3.568719
606.000000 3.225806 3.551968
607.000000 3.387097 3.733952
608.000000 3.387097 3.739829
609.000000 3.387097 3.760226
610.000000 3.548387 3.913415
611.000000 3.709677 4.039894
612.000000 3.870968 4.227244
613.000000 3.870968 4.224223
614.000000 2.096774 2.301874
615.000000 2.258065 2.444041
616.000000 2.258065 2.478898
617.000000 2.419355 2.646260
618.000000 2.419355 2.623448
619.000000 2.419355 2.599756
620.000000 2.419355 2.620072
621.000000 2.580645 2.796351
622.000000 2.580645 2.794213
623.000000 2.580645 2.795743
624.000000 2.903226 2.978936
625.000000 2.903226 3.073971
626.000000 2.903226 3.045793
627.000000 2.903226 3.078665
628.000000 2.903226 3.177675
629.000000 3.064516 3.332460
630.000000 3.064516 3.325158
631.000000 3.225806 3.442497
632.000000 3.225806 3.526904
633.000000 3.387097 3.641709
634.000000 3.387097 3.687057
635.000000 3.548387 3.826362
636.000000 3.709677 4.020432
637.000000 3.709677 4.031354
638.000000 3.709677 4.070227
639.000000 3.870968 4.201929
640.000000 2.096774 2.268749
641.000000 2.258065 2.432425
642.000000 2.258065 2.448271
643.000000 2.258065 2.477752
644.000000 2.258065 2.447242
645.000000 2.258065 2.440991
646.000000 2.419355 2.631578
647.000000 2.419355 2.676222
648.000000 2.580645 2.777756
649.000000 2.580645 2.805816
650.000000 2.580645 2.816742
651.000000 2.741935 3.003286
652.000000 2.741935 3.012463
653.000000 2.741935 2.979789
654.000000 2.903226 3.166477
655.000000 2.903226 3.173181
656.000000 2.903226 3.213077
657.000000 3.064516 3.380948
658.000000 3.064516 3.403962
659.000000 3.064516 3.397172
660.000000 3.225806 3.565264
661.000000 3.225806 3.619883
662.000000 3.225806 3.634533
663.000000 3.387097 3.805113
664.000000 3.387097 3.781345
665.000000 3.548387 3.965363
666.000000 3.709677 4.081356
667.000000 3.709677 4.122793
668.000000 3.870968 4.252298
669.000000 3.870968 4.323884
670.000000 4.032258 4.444716
671.000000 4.193548 4.573756
672.000000 4.193548 4.676168
673.000000 4.354839 4.841053
674.000000 4.354839 4.835468
675.000000 2.419355 2.625912
676.000000 2.419355 2.633003
677.000000 2.580645 2.829609
678.000000 2.580645 2.829240
679.000000 2.580645 2.843141
680.000000 2.741935 2.926812
681.000000 2.741935 2.958166
682.000000 2.903226 3.168082
683.000000 2.903226 3.100373
684.000000 2.903226 3.135816
685.000000 3.064516 3.310114
686.000000 3.064516 3.285573
687.000000 3.064516 3.336108
688.000000 3.064516 3.403782
689.000000 3.225806 3.599130
690.000000 3.225806 3.611856
691.000000 3.225806 3.648844
692.000000 3.387097 3.786705
693.000000 3.387097 3.741058
694.000000 3.387097 3.756442
695.000000 3.548387 3.971464
696.000000 3.709677 4.156884
697.000000 3.709677 4.173692
698.000000 3.870968 4.326810
699.000000 3.870968 4.367767
700.000000 4.032258 4.486919
701.000000 4.032258 4.547310
702.000000 4.193548 4.682955
703.000000 4.354839 4.899303
704.000000 4.354839 4.919956
705.000000 4.516129 5.062905
706.000000 4.677419 5.290156
707.000000 4.677419 5.281220
708.000000 4.838710 5.401172
709.000000 2.580645 2.830158
710.000000 2.580645 2.811669
711.000000 2.580645 2.883879
712.000000 2.580645 2.815228
713.000000 2.741935 2.994205
714.000000 2.741935 3.030461
715.000000 2.903226 3.178318
716.000000 2.903226 3.170007
717.000000 2.903226 3.173887
718.000000 3.064516 3.312608
719.000000 2.903226 3.289854
720.000000 3.064516 3.421617
721.000000 3.064516 3.446264
722.000000 3.225806 3.617472
723.000000 3.225806 3.607034
724.000000 3.225806 3.602217
725.000000 3.387097 3.792385
726.000000 3.387097 3.821560
727.000000 3.548387 4.004192
728.000000 3.548387 4.007496
729.000000 3.709677 4.144366
730.000000 3.870968 4.327954
731.000000 3.870968 4.361396
732.000000 4.032258 4.547430
733.000000 4.032258 4.576356
734.000000 4.193548 4.812099
735.000000 4.193548 4.809338
736.000000 2.258065 2.439224
737.000000 2.419355 2.599093
738.000000 2.419355 2.624919
739.000000 2.419355 2.618085
740.000000 2.419355 2.657919
741.000000 2.419355 2.689670
742.000000 2.580645 2.814451
743.000000 2.580645 2.781178
744.000000 2.580645 2.827744
745.000000 2.741935 3.001222
746.000000 2.741935 2.998085
747.000000 2.741935 3.003398
748.000000 2.741935 3.037593
749.000000 2.903226 3.158088
750.000000 2.903226 3.208143
751.000000 3.064516 3.366959
752.000000 3.064516 3.303664
753.000000 3.225806 3.505266
754.000000 3.064516 3.399249
755.000000 3.225806 3.542647
756.000000 3.387097 3.649282
757.000000 3.387097 3.663433
758.000000 3.548387 3.812663
759.000000 3.548387 3.877788
760.000000 3.709677 4.033033
761.000000 3.709677 4.113504
762.000000 3.870968 4.306756
763.000000 3.870968 4.292999
764.000000 3.870968 4.406364
765.000000 4.032258 4.534382
766.000000 4.193548 4.698499
767.000000 2.258065 2.457280
768.000000 2.258065 2.511369
769.000000 2.419355 2.654040
770.000000 2.419355 2.527928
771.000000 2.580645 2.713854
772.000000 2.580645 2.722679
773.000000 2.580645 2.731571
774.000000 2.741935 2.874815
775.000000 2.741935 2.881792
776.000000 2.741935 2.926901
777.000000 2.741935 2.968437
778.000000 2.903226 3.093147
779.000000 2.741935 2.980980
780.000000 2.903226 3.176629
781.000000 2.903226 3.160457
782.000000 2.903226 3.192571
783.000000 2.903226 3.234071
784.000000 3.064516 3.378017
785.000000 3.225806 3.495744
786.000000 3.225806 3.561553
787.000000 3.225806 3.538222
788.000000 3.387097 3.748030
789.000000 3.387097 3.766738
790.000000 3.548387 3.867345
791.000000 3.548387 3.880809
792.000000 3.709677 4.085374
793.000000 3.870968 4.278574
794.000000 1.935484 2.017245
795.000000 1.935484 2.057457
796.000000 2.096774 2.199399
797.000000 2.096774 2.220967
798.000000 2.096774 2.228487
799.000000 2.096774 2.211660
800.000000 2.258065 2.356119
801.000000 2.258065 2.414968
802.000000 2.258065 2.422336
803.000000 2.258065 2.432161
804.000000 2.419355 2.576081
805.000000 2.419355 2.549553
806.000000 2.580645 2.735674
807.000000 2.419355 2.631813
808.000000 2.580645 2.727448
809.000000 2.580645 2.760476
810.000000 2.580645 2.732024
811.000000 2.580645 2.775187
812.000000 2.741935 2.920266
813.000000 2.741935 2.937764
814.000000 2.903226 3.098985
815.000000 2.903226 3.105883
816.000000 2.903226 3.141612
817.000000 2.903226 3.166224
818.000000 2.903226 3.173638
819.000000 3.064516 3.309960
820.000000 3.225806 3.508332
821.000000 3.225806 3.544347
822.000000 3.225806 3.554681
823.000000 3.387097 3.704770
824.000000 3.387097 3.722045
825.000000 3.548387 3.893832
826.000000 3.709677 4.070241
827.000000 3.709677 4.128044
828.000000 3.870968 4.271204
829.000000 3.870968 4.278526
830.000000 4.032258 4.388856
831.000000 4.193548 4.631446
832.000000 4.193548 4.634271
833.000000 4.354839 4.805977
834.000000 4.516129 4.982572
835.000000 2.419355 2.604826
836.000000 2.419355 2.561812
837.000000 2.419355 2.533459
838.000000 2.580645 2.774967
839.000000 2.580645 2.773879
840.000000 2.741935 2.913053
841.000000 2.741935 2.944590
842.000000 2.903226 3.098525
843.000000 2.903226 3.174716
844.000000 3.064516 3.333295
845.000000 3.064516 3.320984
846.000000 3.064516 3.360582
847.000000 3.225806 3.482586
848.000000 3.225806 3.537469
849.000000 3.387097 3.640976
850.000000 3.387097 3.677426
851.000000 3.387097 3.728772
852.000000 3.548387 3.834774
853.000000 3.548387 3.882841
854.000000 3.709677 4.036912
855.000000 3.709677 4.127883
856.000000 3.870968 4.274959
857.000000 4.032258 4.366651
858.000000 4.032258 4.474790
859.000000 4.193548 4.599502
860.000000 2.258065 2.517085
861.000000 2.419355 2.672219
862.000000 2.580645 2.722379
863.000000 2.258065 2.392065
864.000000 2.419355 2.587414
865.000000 2.419355 2.569676
866.000000 2.580645 2.759600
867.000000 2.580645 2.696151
868.000000 2.580645 2.802016
869.000000 2.741935 2.966727
870.000000 2.741935 2.958887
871.000000 2.741935 2.980757
872.000000 2.741935 3.013752
873.000000 2.903226 3.141076
874.000000 2.903226 3.182154
875.000000 3.064516 3.327574
876.000000 3.064516 3.310475
877.000000 3.064516 3.357337
878.000000 3.225806 3.521300
879.000000 3.387097 3.682009
880.000000 3.387097 3.690280
881.000000 3.548387 3.791797
882.000000 3.548387 3.894712
883.000000 3.709677 4.001545
884.000000 3.709677 4.033252
885.000000 3.870968 4.170570
886.000000 4.032258 4.335462
887.000000 4.032258 4.395402
888.000000 4.193548 4.503959
889.000000 4.354839 4.765363
890.000000 2.258065 2.476681
891.000000 2.258065 2.445589
892.000000 2.258065 2.323865
893.000000 2.419355 2.538852
894.000000 2.258065 2.548464
895.000000 2.419355 2.615932
896.000000 2.580645 2.732735
897.000000 2.580645 2.819127
898.000000 2.580645 2.753280
899.000000 2.741935 2.975525
900.000000 2.741935 2.915014
901.000000 2.741935 3.011895
902.000000 2.903226 3.197703
903.000000 2.741935 3.044821
904.000000 2.903226 3.216946
905.000000 2.903226 3.216946
906.000000 3.064516 3.396612
907.000000 3.064516 3.408850
908.000000 3.064516 3.414116
909.000000 3.225806 3.544254
910.000000 3.225806 3.649435
911.000000 3.387097 3.765002
912.000000 3.387097 3.801014
913.000000 3.548387 4.036903
914.000000 3.709677 4.112931
915.000000 3.709677 4.141809
916.000000 3.709677 4.139999
917.000000 2.096774 2.256055
918.000000 2.096774 2.234292
919.000000 2.096774 2.255035
920.000000 2.258065 2.458668
921.000000 2.258065 2.447999
922.000000 2.258065 2.491096
923.000000 2.419355 2.580490
924.000000 2.419355 2.599113
925.000000 2.419355 2.599113
926.000000 2.580645 2.780987
927.000000 2.580645 2.791230
928.000000 2.580645 2.820246
929.000000 2.580645 2.817403
930.000000 2.580645 2.835947
931.000000 2.580645 2.827765
932.000000 2.580645 2.843125
933.000000 2.741935 3.102105
934.000000 2.741935 3.074592
935.000000 2.903226 3.233066
936.000000 2.903226 3.270103
937.000000 2.903226 3.226526
938.000000 2.903226 3.166743
939.000000 3.225806 3.547195
940.000000 3.225806 3.508600
941.000000 3.225806 3.573466
942.000000 3.225806 3.545914
943.000000 3.387097 3.722920
944.000000 3.387097 3.729559
945.000000 3.548387 3.856472
946.000000 3.709677 4.114440
947.000000 3.709677 4.057701
948.000000 3.870968 4.232175
949.000000 3.870968 4.233198
950.000000 4.032258 4.444876
951.000000 4.032258 4.473437
952.000000 4.193548 4.673544
953.000000 4.354839 4.799660
954.000000 4.516129 4.972544
955.000000 2.258065 2.396428
956.000000 2.258065 2.436314
957.000000 2.419355 2.617808
958.000000 2.419355 2.621627
959.000000 2.419355 2.632849
960.000000 2.580645 2.746783
961.000000 2.580645 2.766916
962.000000 2.580645 2.738130
963.000000 2.741935 2.923461
964.000000 2.741935 2.916164
965.000000 2.903226 3.105295
966.000000 2.903226 3.114816
967.000000 2.903226 3.165248
968.000000 2.903226 3.189310
969.000000 2.903226 3.178697
970.000000 3.064516 3.380613
971.000000 3.225806 3.473308
972.000000 3.225806 3.491439
973.000000 3.225806 3.523701
974.000000 3.387097 3.643127
975.000000 3.387097 3.726522
976.000000 3.548387 3.935311
977.000000 3.548387 3.940778
978.000000 3.709677 4.084202
979.000000 3.870968 4.214976
980.000000 3.870968 4.244150
981.000000 4.032258 4.392073
982.000000 4.032258 4.467522
983.000000 4.032258 4.482718
984.000000 4.193548 4.675108
985.000000 2.419355 2.618085
986.000000 2.419355 2.662841
987.000000 2.419355 2.629576
988.000000 2.419355 2.648440
989.000000 2.580645 2.793072
990.000000 2.580645 2.794355
991.000000 2.741935 2.933911
992.000000 2.741935 2.993165
993.000000 2.741935 2.989512
994.000000 2.903226 3.172054
995.000000 2.903226 3.161119
996.000000 2.903226 3.177758
997.000000 2.903226 3.141403
998.000000 3.064516 3.290617
999.000000 3.064516 3.364262
1000.000000 3.064516 3.420384
1001.000000 3.225806 3.582851
1002.000000 3.225806 3.603933
1003.000000 3.387097 3.707110
1004.000000 3.387097 3.751717
1005.000000 3.548387 3.921994
1006.000000 3.548387 3.884517
1007.000000 3.548387 3.943494
1008.000000 3.709677 4.131062
1009.000000 3.870968 4.325068
1010.000000 1.935484 2.108215
1011.000000 2.096774 2.267348
1012.000000 2.096774 2.225100
1013.000000 2.258065 2.412269
1014.000000 2.258065 2.416422
1015.000000 2.258065 2.410842
1016.000000 2.258065 2.392275
1017.000000 2.419355 2.597326
1018.000000 2.419355 2.618475
1019.000000 2.419355 2.503041
1020.000000 2.580645 2.679087
1021.000000 2.580645 2.694878
1022.000000 2.580645 2.741513
1023.000000 2.741935 2.919639
1024.000000 2.741935 2.888022
1025.000000 2.741935 2.905924
1026.000000 2.741935 2.945114
1027.000000 2.903226 3.084178
1028.000000 2.903226 3.153237
1029.000000 3.064516 3.278078
1030.000000 3.064516 3.301892
1031.000000 3.064516 3.301523
1032.000000 3.225806 3.487672
1033.000000 3.225806 3.595952
1034.000000 3.225806 3.548893
1035.000000 3.387097 3.719094
1036.000000 3.387097 3.708079
1037.000000 3.548387 3.944921
1038.000000 3.548387 3.948801
1039.000000 3.548387 3.991877
1040.000000 3.709677 4.143222
1041.000000 3.870968 4.223105
1042.000000 3.870968 4.275560
1043.000000 4.032258 4.393324
1044.000000 2.096774 2.263985
1045.000000 2.258065 2.503394
1046.000000 2.258065 2.441509
1047.000000 2.419355 2.666419
1048.000000 2.419355 2.625870
1049.000000 2.580645 2.852323
1050.000000 2.580645 2.842332
1051.000000 2.580645 2.848443
1052.000000 2.580645 2.780882
1053.000000 2.741935 2.978733
1054.000000 2.903226 3.088814
1055.000000 2.903226 3.136859
1056.000000 2.903226 3.113686
1057.000000 3.064516 3.260290
1058.000000 3.064516 3.279761
1059.000000 3.064516 3.291737
1060.000000 3.225806 3.500011
1061.000000 3.387097 3.619204
1062.000000 3.387097 3.650129
1063.000000 3.387097 3.745731
1064.000000 3.548387 3.856369
1065.000000 3.548387 3.940048
1066.000000 3.709677 4.015721
1067.000000 3.709677 4.115957
1068.000000 3.870968 4.236294
1069.000000 4.032258 4.372108
1070.000000 4.032258 4.387581
1071.000000 4.032258 4.453858
1072.000000 4.193548 4.606069
1073.000000 4.193548 4.685631
1074.000000 4.354839 4.794768
1075.000000 4.516129 4.944805
1076.000000 1.774194 1.990100
1077.000000 1.935484 2.176307
1078.000000 1.935484 2.155178
1079.000000 1.935484 2.109836
1080.000000 2.096774 2.257772
1081.000000 2.096774 2.304865
1082.000000 2.096774 2.308929
1083.000000 2.096774 2.304865
1084.000000 2.258065 2.457299
1085.000000 2.258065 2.465555
1086.000000 2.258065 2.485196
1087.000000 2.258065 2.472587
1088.000000 2.258065 2.486661
1089.000000 2.258065 2.526836
1090.000000 2.419355 2.668298
1091.000000 2.419355 2.707176
1092.000000 2.419355 2.706193
1093.000000 2.580645 2.909164
1094.000000 2.580645 2.854043
1095.000000 2.741935 3.042889
1096.000000 2.741935 3.029622
1097.000000 2.741935 3.051694
1098.000000 2.903226 3.200965
1099.000000 2.903226 3.196543
1100.000000 3.064516 3.412832
1101.000000 3.064516 3.440725
1102.000000 3.064516 3.366635
1103.000000 3.225806 3.567444
1104.000000 3.225806 3.607497
1105.000000 3.225806 3.629579
1106.000000 3.387097 3.818797
1107.000000 3.387097 3.813793
1108.000000 3.548387 4.039752
1109.000000 3.548387 3.967790
1110.000000 3.709677 4.152525
1111.000000 3.709677 4.197562
1112.000000 3.709677 4.206833
1113.000000 2.096774 2.263111
1114.000000 2.096774 2.267058
1115.000000 2.258065 2.449530
1116.000000 2.258065 2.442694
1117.000000 2.258065 2.475790
1118.000000 2.419355 2.665169
1119.000000 2.419355 2.621359
1120.000000 2.419355 2.638282
1121.000000 2.580645 2.802208
1122.000000 2.419355 2.660205
1123.000000 2.580645 2.778699
1124.000000 2.580645 2.811794
1125.000000 2.580645 2.815454
1126.000000 2.741935 2.963163
1127.000000 2.741935 2.974587
1128.000000 2.741935 3.023058
1129.000000 2.903226 3.188470
1130.000000 2.903226 3.183900
1131.000000 3.064516 3.320321
1132.000000 3.064516 3.336296
1133.000000 3.225806 3.499895
1134.000000 3.225806 3.532356
1135.000000 3.387097 3.689173
1136.000000 3.387097 3.709649
1137.000000 3.387097 3.680953
1138.000000 3.548387 3.898634
1139.000000 3.548387 3.921597
1140.000000 3.709677 4.075022
1141.000000 3.709677 4.096092
1142.000000 3.870968 4.311615
1143.000000 3.870968 4.322799
1144.000000 2.096774 2.252152
1145.000000 2.258065 2.476681
1146.000000 2.258065 2.482280
1147.000000 2.258065 2.435134
1148.000000 2.258065 2.439896
1149.000000 2.419355 2.593921
1150.000000 2.419355 2.603676
1151.000000 2.580645 2.752185
1152.000000 2.580645 2.753279
1153.000000 2.580645 2.730765
1154.000000 2.741935 2.923680
1155.000000 2.741935 2.924018
1156.000000 2.741935 2.908771
1157.000000 2.741935 2.960657
1158.000000 2.903226 3.199667
1159.000000 2.903226 3.133261
1160.000000 2.903226 3.153923
1161.000000 3.064516 3.319291
1162.000000 3.064516 3.308349
1163.000000 3.064516 3.414060
1164.000000 3.225806 3.565900
1165.000000 3.225806 3.575255
1166.000000 3.387097 3.746478
1167.000000 3.387097 3.733844
1168.000000 3.387097 3.735551
1169.000000 3.548387 3.857037
1170.000000 3.709677 4.029699
1171.000000 3.709677 4.091402
1172.000000 3.870968 4.222165
1173.000000 1.935484 2.066315
1174.000000 1.935484 2.074671
1175.000000 2.096774 2.257132
1176.000000 2.096774 2.239965
1177.000000 2.096774 2.217332
1178.000000 2.258065 2.396415
1179.000000 2.258065 2.402072
1180.000000 2.258065 2.392275
1181.000000 2.258065 2.421296
1182.000000 2.419355 2.529416
1183.000000 2.419355 2.596301
1184.000000 2.419355 2.598907
1185.000000 2.580645 2.737164
1186.000000 2.580645 2.788978
1187.000000 2.580645 2.840550
1188.000000 2.741935 2.874137
1189.000000 2.741935 2.896501
1190.000000 2.741935 2.942688
1191.000000 2.903226 3.108922
1192.000000 2.903226 3.104657
1193.000000 2.903226 3.126041
1194.000000 3.064516 3.310886
1195.000000 3.064516 3.307331
1196.000000 3.225806 3.451849
1197.000000 3.225806 3.474073
1198.000000 3.387097 3.627633
1199.000000 3.387097 3.594024
1200.000000 3.387097 3.691444
1201.000000 3.548387 3.781207
1202.000000 3.548387 3.835315
1203.000000 3.709677 4.001768
1204.000000 3.709677 4.004197
1205.000000 3.870968 4.198965
1206.000000 3.870968 4.227395
1207.000000 4.032258 4.371259
1208.000000 4.032258 4.442542
1209.000000 2.258065 2.430798
1210.000000 2.258065 2.440057
1211.000000 2.419355 2.553634
1212.000000 2.419355 2.654285
1213.000000 2.580645 2.747863
1214.000000 2.580645 2.729275
1215.000000 2.580645 2.729275
1216.000000 2.741935 2.902021
1217.000000 2.741935 2.877591
1218.000000 2.903226 3.028690
1219.000000 2.903226 3.038574
1220.000000 2.903226 3.051566
1221.000000 3.064516 3.258476
1222.000000 3.064516 3.286582
1223.000000 3.064516 3.267069
1224.000000 3.225806 3.474266
1225.000000 3.387097 3.609370
1226.000000 3.387097 3.648942
1227.000000 3.548387 3.780313
1228.000000 3.548387 3.865729
1229.000000 3.709677 4.056745
1230.000000 3.709677 4.066503
1231.000000 3.870968 4.226777
1232.000000 3.870968 4.268708
1233.000000 4.032258 4.471941
1234.000000 2.096774 2.211698
1235.000000 2.258065 2.484353
1236.000000 2.258065 2.397621
1237.000000 2.419355 2.567181
1238.000000 2.419355 2.539726
1239.000000 2.419355 2.608530
1240.000000 2.580645 2.711188
1241.000000 2.580645 2.685425
1242.000000 2.580645 2.725130
1243.000000 2.580645 2.821707
1244.000000 2.741935 2.903318
1245.000000 2.741935 2.924105
1246.000000 2.741935 2.930741
1247.000000 2.903226 3.069299
1248.000000 2.903226 3.180306
1249.000000 2.903226 3.157078
1250.000000 3.064516 3.327121
1251.000000 3.064516 3.337766
1252.000000 3.225806 3.484267
1253.000000 3.225806 3.509738
1254.000000 3.225806 3.565645
1255.000000 3.387097 3.677502
1256.000000 3.387097 3.638681
1257.000000 3.548387 3.889621
1258.000000 3.709677 4.006283
1259.000000 3.709677 4.112119
1260.000000 3.709677 4.152767
1261.000000 3.870968 4.258961
1262.000000 1.774194 1.919692
1263.000000 1.774194 1.922826
1264.000000 1.935484 2.047272
1265.000000 1.935484 2.078296
1266.000000 1.935484 2.054735
1267.000000 2.096774 2.231391
1268.000000 2.096774 2.234299
1269.000000 2.096774 2.222404
1270.000000 2.258065 2.462620
1271.000000 2.258065 2.392951
1272.000000 2.419355 2.576434
1273.000000 2.419355 2.560636
1274.000000 2.419355 2.604159
1275.000000 2.419355 2.561789
1276.000000 2.419355 2.640070
1277.000000 2.580645 2.788906
1278.000000 2.580645 2.828868
1279.000000 2.580645 2.813389
1280.000000 2.580645 2.827929
1281.000000 2.580645 2.839011
1282.000000 2.741935 2.966476
1283.000000 2.741935 3.023586
1284.000000 2.741935 2.969329
1285.000000 2.903226 3.151467
1286.000000 2.903226 3.156744
1287.000000 2.903226 3.196518
1288.000000 3.064516 3.358614
1289.000000 3.225806 3.541914
1290.000000 3.225806 3.558159
1291.000000 3.225806 3.574740
1292.000000 3.225806 3.580093
1293.000000 3.387097 3.752625
1294.000000 3.548387 3.913877
1295.000000 3.548387 3.911634
1296.000000 3.709677 4.066116
1297.000000 3.709677 4.059843
1298.000000 3.870968 4.209322
1299.000000 3.870968 4.247938
1300.000000 4.032258 4.415995
1301.000000 4.032258 4.413362
1302.000000 4.193548 4.564070
1303.000000 4.193548 4.616098
1304.000000 4.193548 4.689744
1305.000000 4.193548 4.715289
1306.000000 4.354839 4.852722
1307.000000 4.516129 4.971253
1308.000000 4.677419 5.122038
1309.000000 4.677419 5.304420
1310.000000 4.838710 5.321860
1311.000000 4.838710 5.481148
1312.000000 4.838710 5.491628
1313.000000 5.000000 5.659454
1314.000000 5.161290 5.833107
1315.000000 5.322581 5.941929
1316.000000 2.903226 3.157795
1317.000000 3.064516 3.340296
1318.000000 3.387097 3.717851
1319.000000 3.225806 3.608978
1320.000000 3.225806 3.608956
1321.000000 3.225806 3.641577
1322.000000 3.387097 3.763999
1323.000000 3.709677 3.971967
1324.000000 3.870968 4.185100
1325.000000 3.870968 4.178885
1326.000000 4.032258 4.320834
1327.000000 4.032258 4.458522
1328.000000 4.193548 4.481304
1329.000000 4.193548 4.547235
1330.000000 4.354839 4.689007
1331.000000 4.354839 4.717795
1332.000000 4.516129 4.975899
1333.000000 4.677419 5.115574
1334.000000 4.677419 5.150549
1335.000000 4.838710 5.326910
1336.000000 5.000000 5.533330
1337.000000 5.000000 5.632420
1338.000000 5.161290 5.705043
1339.000000 5.322581 5.878563
1340.000000 5.483871 6.058294
1341.000000 5.645161 6.263506
1342.000000 5.645161 6.326928
1343.000000 5.806452 6.386225
1344.000000 5.967742 6.567488
1345.000000 3.709677 4.080587
1346.000000 3.709677 4.103958
1347.000000 3.870968 4.259078
1348.000000 4.032258 4.408222
1349.000000 4.032258 4.382499
1350.000000 4.193548 4.603568
1351.000000 4.354839 4.769606
1352.000000 4.354839 4.799775
1353.000000 4.516129 4.981178
1354.000000 4.516129 4.980050
1355.000000 4.677419 5.192190
1356.000000 4.838710 5.284662
1357.000000 5.000000 5.466857
1358.000000 5.161290 5.647114
1359.000000 5.161290 5.745815
1360.000000 5.322581 5.874017
1361.000000 5.483871 6.125796
1362.000000 5.483871 6.144915
1363.000000 5.645161 6.302669
1364.000000 3.064516 3.321480
1365.000000 3.064516 3.330054
1366.000000 3.064516 3.287548
1367.000000 3.225806 3.478477
1368.000000 3.225806 3.490302
1369.000000 3.387097 3.633067
1370.000000 3.387097 3.679705
1371.000000 3.387097 3.717948
1372.000000 3.548387 3.872234
1373.000000 3.548387 3.875068
1374.000000 3.709677 4.016343
1375.000000 3.709677 4.080527
1376.000000 3.709677 4.099289
1377.000000 3.870968 4.227993
1378.000000 3.870968 4.271061
1379.000000 3.870968 4.380018
1380.000000 3.870968 4.373011
1381.000000 4.032258 4.500194
1382.000000 4.193548 4.737836
1383.000000 4.193548 4.672818
1384.000000 4.354839 4.876745
1385.000000 4.516129 5.061893
1386.000000 4.516129 5.076979
1387.000000 4.677419 5.254568
1388.000000 5.000000 5.507581
1389.000000 5.000000 5.467466
1390.000000 5.161290 5.721188
1391.000000 5.161290 5.831704
1392.000000 5.322581 5.989004
1393.000000 5.483871 6.042436
1394.000000 5.645161 6.254280
1395.000000 5.806452 6.443563
1396.000000 5.967742 6.633809
1397.000000 5.967742 6.664497
1398.000000 6.129032 6.898358
1399.000000 4.032258 4.579829
1400.000000 4.193548 4.719627
1401.000000 4.193548 4.757359
1402.000000 4.354839 4.878066
1403.000000 4.516129 5.024235
1404.000000 4.516129 5.083313
1405.000000 4.677419 5.229289
1406.000000 4.838710 5.421664
1407.000000 4.838710 5.462308
1408.000000 5.000000 5.646946
1409.000000 5.000000 5.650402
1410.000000 5.161290 5.857409
1411.000000 5.322581 6.042147
1412.000000 5.483871 6.214121
1413.000000 5.483871 6.171581
1414.000000 5.645161 6.406819
1415.000000 5.967742 6.643967
1416.000000 6.129032 6.877604
1417.000000 3.225806 3.628379
1418.000000 3.225806 3.628379
1419.000000 3.387097 3.796445
1420.000000 3.387097 3.777951
1421.000000 3.548387 3.928777
1422.000000 3.709677 4.096867
1423.000000 3.709677 4.142697
1424.000000 3.709677 4.068578
1425.000000 3.870968 4.333669
1426.000000 3.870968 4.341072
1427.000000 4.032258 4.539820
1428.000000 4.032258 4.545880
1429.000000 4.193548 4.706601
1430.000000 4.354839 4.912843
1431.000000 4.354839 4.955175
1432.000000 4.677419 5.148613
1433.000000 4.677419 5.269007
1434.000000 4.838710 5.430612
1435.000000 4.838710 5.516310
1436.000000 5.000000 5.583893
1437.000000 5.161290 5.738955
1438.000000 5.161290 5.852243
1439.000000 5.322581 6.054265
1440.000000 2.580645 2.898704
1441.000000 2.580645 2.923862
1442.000000 2.741935 2.951789
1443.000000 2.741935 3.058561
1444.000000 2.741935 3.077598
1445.000000 2.741935 3.080180
1446.000000 2.903226 3.242286
1447.000000 2.903226 3.236566
1448.000000 3.064516 3.359427
1449.000000 3.225806 3.468677
1450.000000 3.064516 3.425699
1451.000000 3.225806 3.567298
1452.000000 3.225806 3.551059
1453.000000 3.225806 3.605373
1454.000000 3.387097 3.782125
1455.000000 3.548387 3.843736
1456.000000 3.709677 4.019771
1457.000000 3.709677 4.032713
1458.000000 3.870968 4.253067
1459.000000 3.870968 4.195764
1460.000000 4.032258 4.400715
1461.000000 4.032258 4.450862
1462.000000 4.193548 4.597514
1463.000000 4.354839 4.766035
1464.000000 4.193548 4.757068
1465.000000 2.096774 2.335044
1466.000000 2.258065 2.513976
1467.000000 2.258065 2.502858
1468.000000 2.258065 2.514813
1469.000000 2.419355 2.639568
1470.000000 2.580645 2.760292
1471.000000 2.580645 2.750617
1472.000000 2.741935 2.946321
1473.000000 2.741935 2.908808
1474.000000 2.741935 2.961435
1475.000000 2.903226 3.053313
1476.000000 2.741935 3.049723
1477.000000 2.903226 3.136937
1478.000000 3.064516 3.258700
1479.000000 3.064516 3.281638
1480.000000 3.064516 3.358601
1481.000000 3.064516 3.420684
1482.000000 3.387097 3.545339
1483.000000 3.225806 3.617018
1484.000000 3.548387 3.794474
1485.000000 3.548387 3.844850
1486.000000 3.548387 3.925161
1487.000000 3.709677 4.050066
1488.000000 3.870968 4.216048
1489.000000 1.935484 2.160240
1490.000000 1.935484 1.989384
1491.000000 1.935484 2.125466
1492.000000 1.935484 2.139549
1493.000000 2.258065 2.370797
1494.000000 2.096774 2.378906
1495.000000 2.258065 2.380807
1496.000000 2.258065 2.488729
1497.000000 2.258065 2.485202
1498.000000 2.419355 2.655815
1499.000000 2.419355 2.668640
1500.000000 2.419355 2.672301
1501.000000 2.580645 2.783198
1502.000000 2.419355 2.653193
1503.000000 2.419355 2.673869
1504.000000 2.419355 2.727289
1505.000000 2.580645 2.945188
1506.000000 2.741935 3.031285
1507.000000 2.741935 3.014321
1508.000000 2.903226 3.238426
1509.000000 2.903226 3.236060
1510.000000 2.903226 3.227177
1511.000000 2.903226 3.284391
1512.000000 3.064516 3.402135
1513.000000 3.225806 3.633537
1514.000000 3.225806 3.593268
1515.000000 3.225806 3.592371
1516.000000 3.225806 3.615615
1517.000000 3.387097 3.795169
1518.000000 3.548387 3.974705
1519.000000 3.548387 3.994482
1520.000000 3.709677 4.169882
1521.000000 3.709677 4.189681
1522.000000 2.096774 2.260331
1523.000000 2.096774 2.280536
1524.000000 2.096774 2.252683
1525.000000 2.096774 2.283723
1526.000000 2.096774 2.277382
1527.000000 2.258065 2.439356
1528.000000 2.258065 2.432413
1529.000000 2.419355 2.629230
1530.000000 2.419355 2.648572
1531.000000 2.419355 2.616812
1532.000000 2.580645 2.804271
1533.000000 2.580645 2.823070
1534.000000 2.580645 2.816455
1535.000000 2.741935 3.011429
1536.000000 2.741935 3.005552
1537.000000 2.903226 3.135717
1538.000000 2.903226 3.148895
1539.000000 2.903226 3.188560
1540.000000 2.903226 3.201543
1541.000000 2.903226 3.224807
1542.000000 3.064516 3.395558
1543.000000 3.064516 3.429567
1544.000000 3.225806 3.537060
1545.000000 3.225806 3.613950
1546.000000 3.387097 3.695679
1547.000000 3.387097 3.739243
1548.000000 3.548387 3.926964
1549.000000 3.548387 3.948518
1550.000000 3.709677 4.095778
1551.000000 3.870968 4.300729
1552.000000 3.870968 4.311574
1553.000000 4.032258 4.487892
1554.000000 4.032258 4.484792
1555.000000 2.258065 2.429807
1556.000000 2.258065 2.498150
1557.000000 2.258065 2.488522
1558.000000 2.258065 2.498150
1559.000000 2.419355 2.662935
1560.000000 2.419355 2.625532
1561.000000 2.419355 2.654467
1562.000000 2.419355 2.688401
1563.000000 2.580645 2.889851
1564.000000 2.580645 2.853681
1565.000000 2.741935 2.923770
1566.000000 2.741935 2.953390
1567.000000 3.064516 3.150125
1568.000000 2.903226 3.142431
1569.000000 2.903226 3.220571
1570.000000 3.225806 3.368989
1571.000000 3.064516 3.375317
1572.000000 3.225806 3.433728
1573.000000 3.225806 3.509510
1574.000000 3.387097 3.602190
1575.000000 3.387097 3.684365
1576.000000 3.548387 3.859315
1577.000000 3.548387 3.900604
1578.000000 3.709677 4.067887
1579.000000 3.709677 4.060299
1580.000000 3.870968 4.235725
1581.000000 3.870968 4.286663
1582.000000 4.032258 4.472260
1583.000000 1.935484 2.202693
1584.000000 2.096774 2.392093
1585.000000 2.096774 2.363714
1586.000000 2.258065 2.503717
1587.000000 2.258065 2.546786
1588.000000 2.258065 2.520340
1589.000000 2.419355 2.654268
1590.000000 2.419355 2.657909
1591.000000 2.580645 2.710507
1592.000000 2.580645 2.821411
1593.000000 2.580645 2.818012
1594.000000 2.741935 2.973090
1595.000000 2.741935 2.976537
1596.000000 2.741935 2.966975
1597.000000 2.741935 3.041518
1598.000000 2.903226 3.162598
1599.000000 2.903226 3.213671
1600.000000 3.064516 3.353788
1601.000000 3.064516 3.393900
1602.000000 3.064516 3.417343
1603.000000 3.225806 3.573761
1604.000000 3.225806 3.589487
1605.000000 3.387097 3.686105
1606.000000 3.387097 3.720410
1607.000000 3.387097 3.723411
1608.000000 3.548387 3.925915
1609.000000 3.709677 4.109353
1610.000000 3.709677 4.120433
1611.000000 3.870968 4.296499
1612.000000 4.032258 4.439425
1613.000000 1.935484 2.158425
1614.000000 2.258065 2.522518
1615.000000 2.096774 2.345571
1616.000000 2.096774 2.332492
1617.000000 2.258065 2.482413
1618.000000 2.258065 2.482704
1619.000000 2.258065 2.482833
1620.000000 2.419355 2.618744
1621.000000 2.419355 2.633261
1622.000000 2.419355 2.634891
1623.000000 2.419355 2.633473
1624.000000 2.580645 2.854230
1625.000000 2.580645 2.913715
1626.000000 2.580645 2.913715
1627.000000 2.580645 2.871399
1628.000000 2.741935 3.064660
1629.000000 2.741935 3.077074
1630.000000 2.741935 3.083800
1631.000000 2.903226 3.142730
1632.000000 3.064516 3.350062
1633.000000 2.903226 3.274430
1634.000000 3.064516 3.436548
1635.000000 3.064516 3.454719
1636.000000 3.225806 3.612716
1637.000000 3.225806 3.630360
1638.000000 3.387097 3.777599
1639.000000 3.387097 3.775543
1640.000000 3.387097 3.841618
1641.000000 3.548387 3.972487
1642.000000 3.709677 4.120829
1643.000000 3.709677 4.159487
1644.000000 3.709677 4.190170
1645.000000 3.870968 4.304183
1646.000000 4.032258 4.520033
1647.000000 4.032258 4.509339
1648.000000 4.032258 4.542729
1649.000000 4.193548 4.696698
1650.000000 2.258065 2.552148
1651.000000 2.258065 2.542610
1652.000000 2.419355 2.764396
1653.000000 2.419355 2.735314
1654.000000 2.419355 2.697234
1655.000000 2.580645 2.884418
1656.000000 2.580645 2.840456
1657.000000 2.580645 2.867351
1658.000000 2.741935 3.055752
1659.000000 2.741935 3.070923
1660.000000 2.741935 3.093736
1661.000000 2.903226 3.238227
1662.000000 2.903226 3.195838
1663.000000 3.064516 3.331625
1664.000000 3.064516 3.388531
1665.000000 3.064516 3.388611
1666.000000 3.225806 3.475087
1667.000000 3.387097 3.660863
1668.000000 3.387097 3.646671
1669.000000 3.225806 3.604942
1670.000000 3.387097 3.770854
1671.000000 3.387097 3.787296
1672.000000 3.709677 4.025863
1673.000000 3.709677 4.135185
1674.000000 3.709677 4.179339
1675.000000 3.709677 4.200651
1676.000000 3.870968 4.347127
1677.000000 3.870968 4.372699
1678.000000 2.096774 2.363819
1679.000000 2.419355 2.695840
1680.000000 2.419355 2.712107
1681.000000 2.258065 2.548464
1682.000000 2.258065 2.548464
1683.000000 2.258065 2.548464
1684.000000 2.580645 2.747667
1685.000000 2.580645 2.732112
1686.000000 2.580645 2.754245
1687.000000 2.580645 2.723735
1688.000000 2.741935 2.926068
1689.000000 2.741935 2.992736
1690.000000 2.741935 3.002611
1691.000000 2.741935 2.990771
1692.000000 2.903226 3.126733
1693.000000 2.903226 3.102316
1694.000000 2.741935 3.078369
1695.000000 2.903226 3.246923
1696.000000 3.064516 3.261077
1697.000000 3.064516 3.473886
1698.000000 3.064516 3.429166
1699.000000 3.225806 3.591271
1700.000000 3.225806 3.614567
1701.000000 3.387097 3.762983
1702.000000 3.387097 3.805722
1703.000000 3.387097 3.817794
1704.000000 3.548387 4.009825
1705.000000 3.548387 4.002492
1706.000000 3.709677 4.088349
1707.000000 3.709677 4.190715
1708.000000 1.935484 2.179446
1709.000000 1.935484 2.179446
1710.000000 1.935484 2.158430
1711.000000 2.096774 2.196475
1712.000000 2.096774 2.252977
1713.000000 2.258065 2.414293
1714.000000 2.258065 2.392849
1715.000000 2.258065 2.416637
1716.000000 2.419355 2.605460
1717.000000 2.419355 2.561884
1718.000000 2.580645 2.717419
1719.000000 2.580645 2.657874
1720.000000 2.580645 2.666554
1721.000000 2.580645 2.726194
1722.000000 2.741935 2.912045
1723.000000 2.741935 2.947308
1724.000000 2.741935 2.920089
1725.000000 2.903226 3.081851
1726.000000 2.903226 3.121781
1727.000000 2.903226 3.162712
1728.000000 2.903226 3.172142
1729.000000 3.064516 3.321497
1730.000000 3.064516 3.336751
1731.000000 3.225806 3.476346
1732.000000 3.225806 3.570382
1733.000000 3.387097 3.591298
1734.000000 3.387097 3.622053
1735.000000 3.225806 3.612529
1736.000000 3.387097 3.775126
1737.000000 3.548387 3.860002
1738.000000 3.548387 3.937303
1739.000000 3.709677 4.182830
1740.000000 3.709677 4.170081
1741.000000 1.935484 2.147394
1742.000000 2.096774 2.179090
1743.000000 1.935484 2.154275
1744.000000 2.096774 2.190729
1745.000000 2.096774 2.282092
1746.000000 2.096774 2.298713
1747.000000 2.096774 2.299856
1748.000000 2.096774 2.297817
1749.000000 2.258065 2.449913
1750.000000 2.258065 2.458411
1751.000000 2.419355 2.599816
1752.000000 2.419355 2.599816
1753.000000 2.419355 2.631000
1754.000000 2.419355 2.652170
1755.000000 2.419355 2.681150
1756.000000 2.419355 2.692457
1757.000000 2.580645 2.860672
1758.000000 2.580645 2.853085
1759.000000 2.580645 2.884111
1760.000000 2.741935 3.064678
1761.000000 2.903226 3.193346
1762.000000 2.903226 3.248369
1763.000000 2.903226 3.265927
1764.000000 3.064516 3.309886
1765.000000 3.064516 3.424779
1766.000000 3.225806 3.521436
1767.000000 3.225806 3.646458
1768.000000 3.225806 3.644442
1769.000000 3.387097 3.831425
1770.000000 1.774194 1.969598
1771.000000 1.774194 1.919940
1772.000000 1.774194 1.901200
1773.000000 1.935484 2.086905
1774.000000 1.935484 2.120443
1775.000000 1.935484 2.142551
1776.000000 2.096774 2.302163
1777.000000 2.096774 2.267335
1778.000000 2.096774 2.294764
1779.000000 2.258065 2.462581
1780.000000 2.419355 2.496160
1781.000000 2.258065 2.477094
1782.000000 2.258065 2.464905
1783.000000 2.419355 2.656396
1784.000000 2.419355 2.653762
1785.000000 2.580645 2.708322
1786.000000 2.580645 2.800001
1787.000000 2.580645 2.837681
1788.000000 2.580645 2.852078
1789.000000 2.741935 2.982380
1790.000000 2.741935 3.050772
1791.000000 2.741935 3.023139
1792.000000 3.064516 3.243110
1793.000000 2.903226 3.240064
1794.000000 3.225806 3.437009
1795.000000 3.225806 3.490094
1796.000000 3.225806 3.486125
1797.000000 3.387097 3.665636
1798.000000 3.387097 3.717374
1799.000000 3.548387 3.839555
1800.000000 3.548387 3.838364
1801.000000 3.548387 3.857508
1802.000000 3.548387 3.976525
1803.000000 3.870968 4.223953
1804.000000 2.096774 2.152432
1805.000000 2.096774 2.217391
1806.000000 2.096774 2.156908
1807.000000 2.258065 2.351900
1808.000000 2.258065 2.435832
1809.000000 2.258065 2.435832
1810.000000 2.258065 2.415975
1811.000000 2.419355 2.551950
1812.000000 2.258065 2.486648
1813.000000 2.419355 2.607255
1814.000000 2.580645 2.723626
1815.000000 2.580645 2.773815
1816.000000 2.419355 2.735304
1817.000000 2.580645 2.782075
1818.000000 2.580645 2.842197
1819.000000 2.580645 2.841368
1820.000000 2.741935 3.047308
1821.000000 2.741935 3.044934
1822.000000 2.903226 3.208072
1823.000000 2.903226 3.192700
1824.000000 3.064516 3.400771
1825.000000 3.064516 3.390901
1826.000000 3.064516 3.376185
1827.000000 3.064516 3.385145
1828.000000 3.225806 3.582523
1829.000000 3.225806 3.586313
1830.000000 3.387097 3.753152
1831.000000 3.387097 3.742412
1832.000000 3.387097 3.731422
1833.000000 3.387097 3.805961
1834.000000 3.548387 3.981367
1835.000000 3.709677 4.130226
1836.000000 3.709677 4.078655
1837.000000 3.709677 4.106840
1838.000000 3.870968 4.275808
1839.000000 2.096774 2.224598
1840.000000 2.258065 2.410043
1841.000000 2.258065 2.423778
1842.000000 2.258065 2.400016
1843.000000 2.419355 2.582735
1844.000000 2.419355 2.632181
1845.000000 2.419355 2.525166
1846.000000 2.580645 2.720136
1847.000000 2.580645 2.755120
1848.000000 2.580645 2.792034
1849.000000 2.741935 2.920828
1850.000000 2.741935 2.876326
1851.000000 2.903226 3.103526
1852.000000 2.903226 3.193955
1853.000000 2.903226 3.139067
1854.000000 2.903226 3.148916
1855.000000 3.064516 3.296722
1856.000000 3.064516 3.403923
1857.000000 3.064516 3.424697
1858.000000 3.225806 3.577261
1859.000000 3.225806 3.543537
1860.000000 3.387097 3.699700
1861.000000 3.387097 3.770678
1862.000000 3.548387 3.887204
1863.000000 1.774194 1.911798
1864.000000 1.774194 1.943345
1865.000000 1.774194 1.864186
1866.000000 1.774194 1.908777
1867.000000 1.935484 2.029142
1868.000000 1.935484 2.081203
1869.000000 1.935484 2.056615
1870.000000 1.935484 2.054735
1871.000000 2.096774 2.253671
1872.000000 2.096774 2.197158
1873.000000 2.096774 2.209215
1874.000000 2.258065 2.372588
1875.000000 2.258065 2.336965
1876.000000 2.258065 2.391263
1877.000000 2.419355 2.501099
1878.000000 2.419355 2.559851
1879.000000 2.419355 2.565820
1880.000000 2.419355 2.600793
1881.000000 2.580645 2.669985
1882.000000 2.580645 2.678348
1883.000000 2.580645 2.696971
1884.000000 2.741935 2.857037
1885.000000 2.741935 2.932913
1886.000000 2.741935 2.938602
1887.000000 2.741935 2.945704
1888.000000 2.903226 3.072907
1889.000000 2.903226 3.105438
1890.000000 2.903226 3.119436
1891.000000 2.903226 3.144680
1892.000000 3.064516 3.292725
1893.000000 3.064516 3.309928
1894.000000 3.225806 3.428486
1895.000000 3.225806 3.480632
1896.000000 3.225806 3.511423
1897.000000 3.225806 3.580764
1898.000000 3.387097 3.708664
1899.000000 3.387097 3.792813
1900.000000 3.548387 3.998822
1901.000000 3.709677 4.057331
1902.000000 3.709677 4.082006
1903.000000 1.935484 2.081537
1904.000000 1.935484 2.065474
1905.000000 2.096774 2.211660
1906.000000 2.096774 2.228980
1907.000000 2.096774 2.266256
1908.000000 2.258065 2.399347
1909.000000 2.258065 2.411939
1910.000000 2.258065 2.437962
1911.000000 2.419355 2.587176
1912.000000 2.419355 2.632997
1913.000000 2.419355 2.580207
1914.000000 2.419355 2.595384
1915.000000 2.580645 2.761948
1916.000000 2.580645 2.780041
1917.000000 2.580645 2.789404
1918.000000 2.580645 2.797315
1919.000000 2.580645 2.790181
1920.000000 2.741935 3.036286
1921.000000 2.741935 3.016371
1922.000000 2.903226 3.153259
1923.000000 2.903226 3.201799
1924.000000 2.903226 3.173704
1925.000000 3.064516 3.379596
1926.000000 3.064516 3.386810
1927.000000 3.064516 3.411167
1928.000000 3.225806 3.522320
1929.000000 3.225806 3.543486
1930.000000 3.225806 3.603664
1931.000000 3.548387 3.908022
1932.000000 3.548387 3.941124
1933.000000 3.709677 4.115426
1934.000000 1.935484 2.123154
1935.000000 2.096774 2.262726
1936.000000 2.096774 2.265279
1937.000000 2.258065 2.412613
1938.000000 2.258065 2.427100
1939.000000 2.258065 2.426158
1940.000000 2.258065 2.454910
1941.000000 2.419355 2.671309
1942.000000 2.419355 2.683283
1943.000000 2.419355 2.678727
1944.000000 2.580645 2.802824
1945.000000 2.580645 2.846396
1946.000000 2.580645 2.894948
1947.000000 2.741935 3.003635
1948.000000 2.741935 3.059734
1949.000000 2.903226 3.161766
1950.000000 2.903226 3.207305
1951.000000 3.064516 3.348919
1952.000000 3.064516 3.375586
1953.000000 3.225806 3.501413
1954.000000 3.225806 3.571137
1955.000000 3.387097 3.722441
1956.000000 3.387097 3.710074
1957.000000 3.387097 3.763149
1958.000000 3.548387 3.888556
1959.000000 3.709677 4.072986
1960.000000 3.709677 4.086256
1961.000000 3.870968 4.269782
1962.000000 3.870968 4.302354
1963.000000 1.935484 2.142186
1964.000000 2.096774 2.305669
1965.000000 2.096774 2.273095
1966.000000 2.096774 2.304999
1967.000000 2.258065 2.438039
1968.000000 2.258065 2.449886
1969.000000 2.419355 2.637887
1970.000000 2.419355 2.606417
1971.000000 2.419355 2.575902
1972.000000 2.419355 2.624835
1973.000000 2.580645 2.766169
1974.000000 2.580645 2.803411
1975.000000 2.580645 2.832072
1976.000000 2.580645 2.832241
1977.000000 2.741935 2.995842
1978.000000 2.741935 3.010653
1979.000000 2.741935 3.028426
1980.000000 2.903226 3.177038
1981.000000 2.903226 3.192879
1982.000000 2.903226 3.170399
1983.000000 3.064516 3.328430
1984.000000 3.064516 3.295079
1985.000000 3.225806 3.539796
1986.000000 3.225806 3.459176
1987.000000 3.225806 3.558263
1988.000000 3.387097 3.661030
1989.000000 3.387097 3.676074
1990.000000 3.548387 3.928153
1991.000000 3.548387 3.865562
1992.000000 3.709677 4.004796
1993.000000 3.709677 4.055919
1994.000000 3.870968 4.199065
1995.000000 3.870968 4.259809
1996.000000 4.032258 4.420519
1997.000000 2.258065 2.402337
1998.000000 2.258065 2.397884
1999.000000 2.258065 2.406116
2000.000000 2.419355 2.575902
2001.000000 2.419355 2.585668
2002.000000 2.419355 2.606009
2003.000000 2.580645 2.680643
2004.000000 2.580645 2.808203
2005.000000 2.741935 2.911289
2006.000000 2.741935 2.835958
2007.000000 2.741935 2.972170
2008.000000 2.903226 3.071248
2009.000000 2.903226 3.128079
2010.000000 2.903226 3.098077
2011.000000 3.064516 3.245125
2012.000000 3.064516 3.299662
2013.000000 3.064516 3.303007
2014.000000 3.225806 3.462010
2015.000000 3.225806 3.430316
2016.000000 3.387097 3.573923
2017.000000 3.387097 3.646412
2018.000000 3.387097 3.726036
2019.000000 3.548387 3.813773
2020.000000 3.548387 3.854395
2021.000000 3.709677 4.046005
2022.000000 3.709677 4.070597
2023.000000 3.870968 4.280587
2024.000000 3.870968 4.277706
2025.000000 2.096774 2.216305
2026.000000 2.096774 2.274016
2027.000000 2.096774 2.218228
2028.000000 2.258065 2.363013
2029.000000 2.258065 2.373338
2030.000000 2.258065 2.405861
2031.000000 2.258065 2.404401
2032.000000 2.419355 2.522153
2033.000000 2.419355 2.565177
2034.000000 2.580645 2.682755
2035.000000 2.580645 2.736463
2036.000000 2.580645 2.742770
2037.000000 2.741935 2.879243
2038.000000 2.741935 2.919108
2039.000000 2.741935 2.931641
2040.000000 2.741935 2.945521
2041.000000 2.903226 3.125798
2042.000000 2.903226 3.109990
2043.000000 3.064516 3.276176
2044.000000 3.064516 3.244666
2045.000000 3.064516 3.280143
2046.000000 3.225806 3.408448
2047.000000 3.225806 3.396848
2048.000000 3.225806 3.466556
2049.000000 3.387097 3.640273
2050.000000 3.225806 3.612166
2051.000000 3.548387 3.792528
2052.000000 3.548387 3.837278
2053.000000 3.709677 4.049056
2054.000000 3.709677 4.051972
2055.000000 3.870968 4.159879
2056.000000 4.032258 4.319450
2057.000000 1.935484 2.049193
2058.000000 1.935484 2.043387
2059.000000 1.935484 2.091412
2060.000000 1.935484 2.087086
2061.000000 2.096774 2.230994
2062.000000 2.096774 2.217161
2063.000000 2.096774 2.239168
2064.000000 2.258065 2.339207
2065.000000 2.258065 2.360456
2066.000000 2.258065 2.445320
2067.000000 2.419355 2.546568
2068.000000 2.419355 2.493547
2069.000000 2.580645 2.699092
2070.000000 2.580645 2.728917
2071.000000 2.580645 2.770058
2072.000000 2.580645 2.739468
2073.000000 2.580645 2.719153
2074.000000 2.741935 2.922650
2075.000000 2.580645 2.869973
2076.000000 2.741935 2.908067
2077.000000 2.903226 3.115293
2078.000000 2.741935 3.029764
2079.000000 3.064516 3.204109
2080.000000 2.903226 3.205408
2081.000000 3.064516 3.288357
2082.000000 3.225806 3.390914
2083.000000 3.064516 3.447297
2084.000000 3.387097 3.607775
2085.000000 3.387097 3.617881
2086.000000 3.387097 3.784606
2087.000000 3.387097 3.788626
2088.000000 1.935484 2.013492
2089.000000 2.096774 2.236799
2090.000000 2.096774 2.211041
2091.000000 2.258065 2.379852
2092.000000 2.258065 2.378943
2093.000000 2.096774 2.363819
2094.000000 2.258065 2.429296
2095.000000 2.258065 2.456006
2096.000000 2.419355 2.511465
2097.000000 2.580645 2.658237
2098.000000 2.419355 2.630927
2099.000000 2.419355 2.634050
2100.000000 2.741935 2.878957
2101.000000 2.741935 2.896213
2102.000000 2.580645 2.841706
2103.000000 2.741935 2.887086
2104.000000 2.741935 2.934068
2105.000000 2.741935 2.957933
2106.000000 2.903226 3.091047
2107.000000 3.064516 3.250049
2108.000000 3.064516 3.267262
2109.000000 3.064516 3.301217
2110.000000 3.225806 3.410649
2111.000000 3.225806 3.451250
2112.000000 3.387097 3.615487
2113.000000 3.387097 3.654145
2114.000000 3.548387 3.806804
2115.000000 3.548387 3.774516
2116.000000 3.548387 3.787318
2117.000000 3.548387 3.922357
2118.000000 3.870968 4.128534
2119.000000 3.870968 4.173289
2120.000000 2.096774 2.217391
2121.000000 2.096774 2.227513
2122.000000 1.935484 2.155180
2123.000000 2.096774 2.318462
2124.000000 2.258065 2.353451
2125.000000 2.096774 2.342003
2126.000000 2.258065 2.342931
2127.000000 2.419355 2.545891
2128.000000 2.419355 2.569676
2129.000000 2.419355 2.545690
2130.000000 2.580645 2.724203
2131.000000 2.580645 2.700087
2132.000000 2.580645 2.727688
2133.000000 2.580645 2.770223
2134.000000 2.741935 2.906723
2135.000000 2.741935 2.964443
2136.000000 2.741935 2.937003
2137.000000 2.903226 3.081049
2138.000000 2.903226 3.107098
2139.000000 2.903226 3.096448
2140.000000 3.064516 3.293687
2141.000000 3.064516 3.312529
2142.000000 3.225806 3.416751
2143.000000 3.225806 3.446890
2144.000000 3.225806 3.462282
2145.000000 3.387097 3.684850
2146.000000 3.387097 3.652307
2147.000000 3.548387 3.807123
2148.000000 3.548387 3.884258
2149.000000 3.548387 3.945829
2150.000000 3.709677 3.953853
2151.000000 3.870968 4.154815
2152.000000 1.935484 2.023319
2153.000000 1.935484 2.045753
2154.000000 2.096774 2.166830
2155.000000 2.096774 2.266256
2156.000000 2.096774 2.258310
2157.000000 2.096774 2.251153
2158.000000 2.258065 2.380711
2159.000000 2.258065 2.461654
2160.000000 2.258065 2.386368
2161.000000 2.419355 2.603578
2162.000000 2.419355 2.581717
2163.000000 2.419355 2.580207
2164.000000 2.580645 2.743568
2165.000000 2.580645 2.768624
2166.000000 2.580645 2.765613
2167.000000 2.741935 2.901285
2168.000000 2.741935 2.921521
2169.000000 2.741935 2.937162
2170.000000 2.741935 3.010018
2171.000000 2.903226 3.144106
2172.000000 2.903226 3.112600
2173.000000 3.064516 3.285015
2174.000000 2.903226 3.253972
2175.000000 3.064516 3.400501
2176.000000 3.064516 3.408203
2177.000000 3.225806 3.525066
2178.000000 3.387097 3.709034
2179.000000 3.225806 3.624685
2180.000000 3.387097 3.845547
2181.000000 3.548387 3.853543
2182.000000 3.548387 3.997275
2183.000000 1.774194 1.962308
2184.000000 1.935484 2.030919
2185.000000 1.935484 2.054397
2186.000000 2.096774 2.198385
2187.000000 2.096774 2.212031
2188.000000 2.096774 2.211316
2189.000000 2.096774 2.317512
2190.000000 2.258065 2.416132
2191.000000 2.258065 2.401467
2192.000000 2.419355 2.568356
2193.000000 2.419355 2.592421
2194.000000 2.419355 2.592421
2195.000000 2.580645 2.711678
2196.000000 2.580645 2.754450
2197.000000 2.580645 2.774000
2198.000000 2.741935 2.868848
2199.000000 2.741935 2.930482
2200.000000 2.741935 2.973010
2201.000000 2.903226 3.073704
2202.000000 2.903226 3.185983
2203.000000 3.064516 3.309384
2204.000000 3.064516 3.296189
2205.000000 3.225806 3.485057
2206.000000 3.225806 3.504167
2207.000000 3.225806 3.509081
2208.000000 3.225806 3.542021
2209.000000 3.387097 3.780230
2210.000000 3.387097 3.712368
2211.000000 3.548387 3.922575
2212.000000 1.935484 2.081423
2213.000000 1.935484 2.061518
2214.000000 1.935484 1.985537
2215.000000 2.096774 2.269953
2216.000000 2.096774 2.260069
2217.000000 2.258065 2.362352
2218.000000 2.258065 2.388875
2219.000000 2.258065 2.437567
2220.000000 2.258065 2.417439
2221.000000 2.258065 2.435489
2222.000000 2.419355 2.561102
2223.000000 2.419355 2.594348
2224.000000 2.580645 2.748629
2225.000000 2.580645 2.736183
2226.000000 2.580645 2.759494
2227.000000 2.580645 2.806965
2228.000000 2.580645 2.846873
2229.000000 2.741935 2.959529
2230.000000 2.741935 2.983401
2231.000000 2.903226 3.158648
2232.000000 2.903226 3.139869
2233.000000 2.903226 3.214436
2234.000000 3.064516 3.330807
2235.000000 3.064516 3.379748
2236.000000 3.225806 3.510735
2237.000000 3.225806 3.592396
2238.000000 3.387097 3.687865
2239.000000 1.612903 1.686220
2240.000000 1.935484 2.049592
2241.000000 1.935484 2.151853
2242.000000 1.612903 1.759531
2243.000000 1.774194 1.940516
2244.000000 1.774194 1.957466
2245.000000 1.774194 1.966950
2246.000000 1.935484 2.102420
2247.000000 1.935484 2.109638
2248.000000 1.935484 2.112162
2249.000000 1.935484 2.156649
2250.000000 2.096774 2.239529
2251.000000 2.096774 2.246682
2252.000000 2.096774 2.273804
2253.000000 2.096774 2.289465
2254.000000 2.258065 2.457135
2255.000000 2.419355 2.491910
2256.000000 2.419355 2.628596
2257.000000 2.580645 2.667052
2258.000000 2.580645 2.726354
2259.000000 2.580645 2.676567
2260.000000 2.741935 2.832065
2261.000000 2.741935 2.873487
2262.000000 2.580645 2.827142
2263.000000 2.741935 2.957248
2264.000000 2.903226 3.070339
2265.000000 2.903226 3.165884
2266.000000 2.903226 3.132043
2267.000000 3.064516 3.204800
2268.000000 2.903226 3.222106
2269.000000 3.225806 3.465035
2270.000000 3.225806 3.497317
2271.000000 3.225806 3.496465
2272.000000 3.387097 3.691707
2273.000000 3.387097 3.711807
2274.000000 3.548387 3.861644
2275.000000 3.709677 4.046207
2276.000000 3.709677 3.984774
2277.000000 3.870968 4.255629
2278.000000 1.935484 2.057218
2279.000000 1.935484 2.043485
2280.000000 2.096774 2.218926
2281.000000 2.096774 2.199399
2282.000000 2.096774 2.235568
2283.000000 2.096774 2.225055
2284.000000 2.258065 2.430116
2285.000000 2.258065 2.395684
2286.000000 2.258065 2.413153
2287.000000 2.419355 2.569494
2288.000000 2.419355 2.576081
2289.000000 2.419355 2.598270
2290.000000 2.419355 2.617990
2291.000000 2.580645 2.736097
2292.000000 2.580645 2.806051
2293.000000 2.580645 2.781047
2294.000000 2.741935 2.957726
2295.000000 2.741935 3.015797
2296.000000 2.741935 2.935501
2297.000000 2.903226 3.102832
2298.000000 2.903226 3.144731
2299.000000 2.903226 3.167078
2300.000000 3.064516 3.367012
2301.000000 3.064516 3.399494
2302.000000 3.064516 3.406769
2303.000000 3.225806 3.580019
2304.000000 3.225806 3.594675
2305.000000 3.387097 3.661361
2306.000000 3.387097 3.733714
2307.000000 3.548387 3.918545
2308.000000 3.548387 3.883120
2309.000000 3.709677 4.095876
2310.000000 2.096774 2.262751
2311.000000 1.935484 2.082748
2312.000000 1.935484 2.081788
2313.000000 2.096774 2.316490
2314.000000 2.096774 2.255579
2315.000000 2.096774 2.255579
2316.000000 2.258065 2.438490
2317.000000 2.258065 2.426039
2318.000000 2.258065 2.446523
2319.000000 2.258065 2.443880
2320.000000 2.419355 2.588399
2321.000000 2.419355 2.568343
2322.000000 2.419355 2.634898
2323.000000 2.580645 2.778089
2324.000000 2.580645 2.772202
2325.000000 2.580645 2.781104
2326.000000 2.741935 2.921022
2327.000000 2.741935 2.959072
2328.000000 2.741935 3.003472
2329.000000 2.903226 3.141368
2330.000000 3.064516 3.279388
2331.000000 3.064516 3.297848
2332.000000 3.225806 3.433865
2333.000000 3.225806 3.545050
2334.000000 3.225806 3.591428
2335.000000 1.774194 1.920233
2336.000000 1.774194 1.886534
2337.000000 1.774194 1.871133
2338.000000 1.774194 1.920233
2339.000000 1.935484 2.039555
2340.000000 1.935484 2.084456
2341.000000 2.096774 2.195623
2342.000000 2.096774 2.166197
2343.000000 2.096774 2.195623
2344.000000 2.096774 2.194953
2345.000000 2.258065 2.361821
2346.000000 2.258065 2.323670
2347.000000 2.258065 2.399212
2348.000000 2.419355 2.502310
2349.000000 2.419355 2.541917
2350.000000 2.419355 2.592357
2351.000000 2.419355 2.620055
2352.000000 2.419355 2.636410
2353.000000 2.580645 2.808429
2354.000000 2.580645 2.822271
2355.000000 2.580645 2.825168
2356.000000 2.741935 2.923207
2357.000000 2.741935 2.995173
2358.000000 2.903226 3.119051
2359.000000 2.903226 3.191221
2360.000000 2.903226 3.166413
2361.000000 3.064516 3.324223
2362.000000 3.064516 3.325992
2363.000000 3.225806 3.553858
2364.000000 3.225806 3.543275
2365.000000 3.387097 3.751831
2366.000000 3.387097 3.722792
2367.000000 1.774194 1.925085
2368.000000 1.774194 1.942505
2369.000000 1.774194 1.863711
2370.000000 1.935484 2.071285
2371.000000 1.935484 2.098978
2372.000000 1.935484 2.061349
2373.000000 2.096774 2.214612
2374.000000 2.096774 2.276225
2375.000000 2.096774 2.245215
2376.000000 2.258065 2.417439
2377.000000 2.258065 2.397166
2378.000000 2.258065 2.399347
2379.000000 2.419355 2.561498
2380.000000 2.419355 2.582330
2381.000000 2.419355 2.566922
2382.000000 2.419355 2.622248
2383.000000 2.580645 2.803045
2384.000000 2.580645 2.748982
2385.000000 2.580645 2.797676
2386.000000 2.580645 2.797676
2387.000000 2.741935 2.917034
2388.000000 2.741935 2.973112
2389.000000 2.903226 3.084470
2390.000000 2.903226 3.132076
2391.000000 3.064516 3.271173
2392.000000 3.225806 3.443742
2393.000000 3.225806 3.579850
2394.000000 3.225806 3.537594
2395.000000 3.387097 3.714099
2396.000000 1.774194 1.888307
2397.000000 1.774194 1.871741
2398.000000 1.774194 1.863711
2399.000000 1.935484 2.065609
2400.000000 1.935484 2.051018
2401.000000 1.935484 2.078341
2402.000000 1.935484 2.022234
2403.000000 2.096774 2.206670
2404.000000 2.096774 2.184805
2405.000000 2.258065 2.355365
2406.000000 2.258065 2.356621
2407.000000 2.258065 2.395942
2408.000000 2.258065 2.385894
2409.000000 2.258065 2.421865
2410.000000 2.419355 2.539601
2411.000000 2.419355 2.569015
2412.000000 2.580645 2.691025
2413.000000 2.419355 2.610905
2414.000000 2.580645 2.732019
2415.000000 2.580645 2.725396
2416.000000 2.580645 2.802332
2417.000000 2.741935 2.934042
2418.000000 2.741935 2.953215
2419.000000 2.741935 2.956499
2420.000000 2.741935 2.941971
2421.000000 2.903226 3.154957
2422.000000 2.903226 3.163372
2423.000000 3.064516 3.297798
2424.000000 3.225806 3.430301
2425.000000 3.225806 3.472342
2426.000000 3.387097 3.663178
2427.000000 1.451613 1.591989
2428.000000 1.774194 1.879078
2429.000000 1.774194 1.813150
2430.000000 1.774194 1.867306
2431.000000 1.774194 1.867306
2432.000000 1.774194 1.942411
2433.000000 1.935484 1.981745
2434.000000 1.935484 2.010147
2435.000000 1.935484 2.041762
2436.000000 2.096774 2.248862
2437.000000 2.096774 2.205011
2438.000000 2.258065 2.353186
2439.000000 2.258065 2.346752
2440.000000 2.258065 2.396053
2441.000000 2.258065 2.407979
2442.000000 2.258065 2.437451
2443.000000 2.419355 2.562032
2444.000000 2.419355 2.585216
2445.000000 2.419355 2.638577
2446.000000 2.580645 2.780066
2447.000000 2.580645 2.800425
2448.000000 2.580645 2.786861
2449.000000 2.580645 2.813096
2450.000000 2.741935 2.969531
2451.000000 2.741935 3.027309
2452.000000 2.741935 3.029145
2453.000000 2.903226 3.166259
2454.000000 3.064516 3.360442
2455.000000 3.064516 3.383558
2456.000000 3.225806 3.531280
2457.000000 3.225806 3.559884
2458.000000 3.387097 3.780877
2459.000000 3.387097 3.758298
2460.000000 1.774194 1.942505
2461.000000 1.774194 1.882071
2462.000000 1.935484 2.129033
2463.000000 1.935484 2.113183
2464.000000 1.935484 2.072659
2465.000000 1.935484 2.081788
2466.000000 2.096774 2.205263
2467.000000 2.096774 2.273826
2468.000000 2.258065 2.359488
2469.000000 2.258065 2.389111
2470.000000 2.258065 2.435343
2471.000000 2.258065 2.380574
2472.000000 2.419355 2.511109
2473.000000 2.419355 2.559882
2474.000000 2.419355 2.617048
2475.000000 2.419355 2.652228
2476.000000 2.419355 2.619929
2477.000000 2.580645 2.812640
2478.000000 2.580645 2.869163
2479.000000 2.580645 2.827644
2480.000000 2.741935 2.966530
2481.000000 2.741935 3.043540
2482.000000 2.903226 3.131256
2483.000000 2.903226 3.212256
2484.000000 2.903226 3.227459
2485.000000 3.064516 3.396420
2486.000000 3.064516 3.455038
2487.000000 3.225806 3.558263
2488.000000 3.225806 3.575882
2489.000000 3.387097 3.682285
2490.000000 3.387097 3.774101
2491.000000 1.935484 2.054735
2492.000000 1.935484 2.118163
2493.000000 1.935484 2.061692
2494.000000 2.096774 2.230994
2495.000000 2.096774 2.223761
2496.000000 2.258065 2.389409
2497.000000 2.258065 2.411415
2498.000000 2.258065 2.414188
2499.000000 2.258065 2.457016
2500.000000 2.419355 2.612873
2501.000000 2.419355 2.599283
2502.000000 2.580645 2.718196
2503.000000 2.580645 2.747935
2504.000000 2.580645 2.774028
2505.000000 2.580645 2.821067
2506.000000 2.741935 2.986577
2507.000000 2.741935 3.042639
2508.000000 2.741935 3.038784
2509.000000 2.903226 3.175441
2510.000000 2.903226 3.196297
2511.000000 2.903226 3.175435
2512.000000 3.064516 3.410472
2513.000000 3.064516 3.398565
2514.000000 3.225806 3.559281
2515.000000 3.225806 3.558366
2516.000000 3.387097 3.794288
2517.000000 3.387097 3.731565
2518.000000 3.387097 3.847018
2519.000000 3.548387 3.985307
2520.000000 3.709677 4.213687
2521.000000 3.709677 4.204211
2522.000000 3.870968 4.362101
2523.000000 1.935484 2.152240
2524.000000 1.935484 2.119243
2525.000000 2.096774 2.282469
2526.000000 2.096774 2.299799
2527.000000 2.096774 2.290738
2528.000000 2.096774 2.312034
2529.000000 2.258065 2.470950
2530.000000 2.258065 2.493356
2531.000000 2.419355 2.619500
2532.000000 2.419355 2.629704
2533.000000 2.419355 2.644467
2534.000000 2.580645 2.779123
2535.000000 2.580645 2.862239
2536.000000 2.580645 2.838642
2537.000000 2.580645 2.840172
2538.000000 2.580645 2.906417
2539.000000 2.741935 3.033169
2540.000000 2.741935 3.018953
2541.000000 2.741935 3.031586
2542.000000 2.903226 3.251902
2543.000000 2.903226 3.281375
2544.000000 3.064516 3.464128
2545.000000 3.064516 3.435782
2546.000000 3.225806 3.539252
2547.000000 3.225806 3.592273
2548.000000 3.387097 3.751649
2549.000000 3.387097 3.790022
2550.000000 3.387097 3.805223
2551.000000 3.548387 3.973808
2552.000000 3.709677 4.153882
2553.000000 1.774194 1.956198
2554.000000 1.774194 1.945311
2555.000000 1.935484 2.131793
2556.000000 1.935484 2.106484
2557.000000 1.935484 2.147561
2558.000000 1.935484 2.111541
2559.000000 2.096774 2.298713
2560.000000 2.096774 2.287776
2561.000000 2.096774 2.263664
2562.000000 2.258065 2.396666
2563.000000 2.258065 2.448620
2564.000000 2.258065 2.424222
2565.000000 2.419355 2.615844
2566.000000 2.419355 2.648829
2567.000000 2.419355 2.642065
2568.000000 2.419355 2.642067
2569.000000 2.419355 2.662055
2570.000000 2.580645 2.774625
2571.000000 2.580645 2.812675
2572.000000 2.741935 2.945602
2573.000000 2.741935 3.014294
2574.000000 2.741935 2.937170
2575.000000 2.903226 3.146773
2576.000000 2.903226 3.124432
2577.000000 3.064516 3.299185
2578.000000 3.064516 3.302699
2579.000000 3.064516 3.318706
2580.000000 3.225806 3.498944
2581.000000 3.225806 3.491445
2582.000000 3.225806 3.512593
2583.000000 3.387097 3.620919
2584.000000 3.387097 3.631534
2585.000000 3.387097 3.653995
2586.000000 3.548387 3.913555
2587.000000 3.548387 3.894712
2588.000000 3.709677 4.046813
2589.000000 3.709677 4.094667
2590.000000 3.870968 4.278569
2591.000000 4.032258 4.400854
2592.000000 4.032258 4.515720
2593.000000 2.096774 2.272355
2594.000000 2.096774 2.292749
2595.000000 2.258065 2.476681
2596.000000 2.258065 2.426915
2597.000000 2.419355 2.564440
2598.000000 2.419355 2.559231
2599.000000 2.419355 2.565177
2600.000000 2.419355 2.589790
2601.000000 2.580645 2.791130
2602.000000 2.580645 2.804801
2603.000000 2.580645 2.819419
2604.000000 2.741935 2.906558
2605.000000 2.741935 2.962222
2606.000000 2.741935 2.989861
2607.000000 2.903226 3.088366
2608.000000 2.903226 3.150232
2609.000000 3.064516 3.286981
2610.000000 3.064516 3.341310
2611.000000 3.064516 3.344189
2612.000000 3.064516 3.359899
2613.000000 3.225806 3.574903
2614.000000 3.225806 3.518868
2615.000000 3.387097 3.650325
2616.000000 3.387097 3.709102
2617.000000 3.548387 3.889501
2618.000000 3.548387 3.920060
2619.000000 3.548387 3.957650
2620.000000 1.935484 2.024621
2621.000000 1.935484 2.138853
2622.000000 1.935484 2.109214
2623.000000 2.096774 2.226101
2624.000000 2.096774 2.205788
2625.000000 2.096774 2.230622
2626.000000 2.258065 2.432675
2627.000000 2.258065 2.465486
2628.000000 2.258065 2.395052
2629.000000 2.419355 2.584826
2630.000000 2.419355 2.571064
2631.000000 2.419355 2.584713
2632.000000 2.580645 2.726554
2633.000000 2.419355 2.637655
2634.000000 2.419355 2.687277
2635.000000 2.580645 2.856939
2636.000000 2.580645 2.864236
2637.000000 2.580645 2.893070
2638.000000 2.741935 3.029424
2639.000000 2.903226 3.206392
2640.000000 2.903226 3.205862
