0.000000 0.000000 11.000000 0.000000 27.428474 0.000000 1.000000 31.048128
0.000000 0.000000 30.000000 0.000000 26.446321 0.000000 3.000000 71.430233
0.000000 0.000000 36.000000 0.000000 30.262136 0.000000 5.000000 106.938776
0.000000 0.000000 6.000000 0.000000 25.324549 0.000000 4.000000 81.472603
0.000000 0.000000 8.000000 0.000000 28.690051 0.000000 6.000000 112.565934
0.000000 0.000000 0.000000 0.000000 0.000000 0.000000 0.000000 0.000000
0.000000 0.000000 0.000000 0.000000 0.000000 0.000000 0.000000 0.000000
0.000000 6.000000 0.000000 11.395244 0.000000 4.000000 0.000000 0.000000
0.000000 6.000000 0.000000 13.143442 0.000000 4.000000 0.000000 0.000000
0.000000 8.000000 0.000000 13.518004 0.000000 5.000000 0.000000 0.000000
0.000000 8.000000 0.000000 14.304699 0.000000 5.000000 0.000000 0.000000
0.000000 11.000000 44.000000 13.168872 28.551908 1.000000 1.000000 32.764706
0.000000 11.000000 44.000000 14.444769 29.267566 1.000000 2.000000 59.554404
0.000000 30.000000 61.000000 14.579648 26.058327 2.000000 5.000000 110.941176
0.000000 30.000000 64.000000 12.414416 28.175403 2.000000 7.000000 144.252632
0.000000 36.000000 0.000000 14.449481 0.000000 3.000000 0.000000 0.000000
0.000000 36.000000 0.000000 15.647641 0.000000 3.000000 0.000000 0.000000
0.000000 44.000000 76.000000 14.469989 28.848126 12.000000 1.000000 32.932584
0.000000 44.000000 69.000000 13.382866 25.656490 12.000000 2.000000 54.852273
0.000000 44.000000 65.000000 14.044289 23.985849 13.000000 3.000000 74.388889
0.000000 44.000000 77.000000 14.840398 31.370858 13.000000 7.000000 122.460396
0.000000 61.000000 0.000000 13.773587 0.000000 14.000000 0.000000 0.000000
0.000000 61.000000 0.000000 13.058048 0.000000 14.000000 0.000000 0.000000
0.000000 64.000000 0.000000 14.074152 0.000000 15.000000 0.000000 0.000000
0.000000 64.000000 0.000000 13.188344 0.000000 15.000000 0.000000 0.000000
0.000000 65.000000 96.000000 11.134326 25.469753 20.000000 5.000000 120.012048
0.000000 65.000000 93.000000 12.274514 25.068677 20.000000 6.000000 135.824561
0.000000 69.000000 100.000000 13.339634 29.909334 19.000000 3.000000 78.919192
0.000000 69.000000 105.000000 13.021429 29.015047 19.000000 6.000000 115.228426
0.000000 76.000000 101.000000 16.497754 28.385291 18.000000 1.000000 32.677778
0.000000 76.000000 108.000000 12.131460 24.554516 18.000000 3.000000 62.477707
0.000000 77.000000 0.000000 16.334631 0.000000 21.000000 0.000000 0.000000
0.000000 77.000000 0.000000 15.017884 0.000000 21.000000 0.000000 0.000000
0.000000 93.000000 0.000000 10.924406 0.000000 27.000000 0.000000 0.000000
0.000000 93.000000 0.000000 14.045143 0.000000 27.000000 0.000000 0.000000
0.000000 96.000000 0.000000 12.632593 0.000000 26.000000 0.000000 0.000000
0.000000 96.000000 0.000000 12.304616 0.000000 26.000000 0.000000 0.000000
0.000000 100.000000 134.000000 13.329504 32.067833 28.000000 7.000000 134.067961
0.000000 100.000000 0.000000 16.677243 0.000000 28.000000 0.000000 0.000000
0.000000 101.000000 132.000000 13.692474 27.775699 30.000000 1.000000 33.157895
0.000000 101.000000 129.000000 14.655680 27.008793 30.000000 2.000000 56.451429
0.000000 105.000000 0.000000 14.627132 0.000000 29.000000 0.000000 0.000000
0.000000 105.000000 0.000000 14.319466 0.000000 29.000000 0.000000 0.000000
0.000000 108.000000 137.000000 12.078871 24.418667 31.000000 5.000000 90.413580
0.000000 108.000000 145.000000 12.354523 28.797797 31.000000 7.000000 130.438503
0.000000 129.000000 160.000000 13.314124 27.067304 41.000000 3.000000 78.396648
0.000000 129.000000 163.000000 13.379401 27.892431 41.000000 7.000000 111.290698
0.000000 132.000000 162.000000 14.499580 27.959724 40.000000 1.000000 33.482558
0.000000 132.000000 160.000000 12.331989 23.266824 40.000000 2.000000 55.422819
0.000000 134.000000 0.000000 16.481012 0.000000 38.000000 0.000000 0.000000
0.000000 134.000000 0.000000 15.863040 0.000000 38.000000 0.000000 0.000000
0.000000 137.000000 0.000000 12.468294 0.000000 44.000000 0.000000 0.000000
0.000000 137.000000 0.000000 12.117753 0.000000 44.000000 0.000000 0.000000
0.000000 145.000000 0.000000 14.206362 0.000000 45.000000 0.000000 0.000000
0.000000 145.000000 0.000000 15.568300 0.000000 45.000000 0.000000 0.000000
0.000000 160.000000 191.000000 12.479763 24.703927 49.000000 4.000000 80.596273
0.000000 160.000000 197.000000 11.703335 24.890249 49.000000 7.000000 114.559748
0.000000 160.000000 197.000000 11.410976 32.029551 46.000000 8.000000 141.295238
0.000000 160.000000 0.000000 14.257301 0.000000 46.000000 0.000000 0.000000
0.000000 162.000000 193.000000 13.819376 27.435230 48.000000 1.000000 33.319277
0.000000 162.000000 189.000000 13.560299 24.678430 48.000000 2.000000 54.567742
0.000000 163.000000 0.000000 15.705837 0.000000 47.000000 0.000000 0.000000
0.000000 163.000000 0.000000 12.099168 0.000000 47.000000 0.000000 0.000000
0.000000 189.000000 230.000000 12.338494 31.792111 61.000000 5.000000 93.095960
0.000000 189.000000 223.000000 11.364436 28.276879 61.000000 4.000000 106.687500
0.000000 191.000000 0.000000 11.556938 0.000000 56.000000 0.000000 0.000000
0.000000 191.000000 0.000000 12.933732 0.000000 56.000000 0.000000 0.000000
0.000000 193.000000 226.000000 12.838619 27.067148 60.000000 1.000000 33.583333
0.000000 193.000000 223.000000 13.714308 26.669745 60.000000 2.000000 56.648810
0.000000 197.000000 0.000000 12.216907 0.000000 57.000000 0.000000 0.000000
0.000000 197.000000 0.000000 12.777054 0.000000 57.000000 0.000000 0.000000
0.000000 197.000000 0.000000 13.877909 0.000000 58.000000 0.000000 0.000000
0.000000 197.000000 0.000000 18.068778 0.000000 58.000000 0.000000 0.000000
0.000000 223.000000 254.000000 13.005413 26.188105 69.000000 3.000000 76.058824
0.000000 223.000000 253.000000 13.063435 25.022605 69.000000 4.000000 99.567901
0.000000 223.000000 0.000000 15.229966 0.000000 65.000000 0.000000 0.000000
0.000000 223.000000 0.000000 13.002558 0.000000 65.000000 0.000000 0.000000
0.000000 226.000000 256.000000 13.834724 23.974820 68.000000 1.000000 31.816993
0.000000 226.000000 261.000000 12.877506 29.342092 68.000000 3.000000 58.544974
0.000000 230.000000 0.000000 15.066745 0.000000 64.000000 0.000000 0.000000
0.000000 230.000000 0.000000 15.357976 0.000000 64.000000 0.000000 0.000000
0.000000 253.000000 0.000000 13.379401 0.000000 75.000000 0.000000 0.000000
0.000000 253.000000 0.000000 12.599727 0.000000 75.000000 0.000000 0.000000
0.000000 254.000000 290.000000 12.753508 27.772275 74.000000 5.000000 130.945055
0.000000 254.000000 281.000000 13.165400 26.860114 74.000000 6.000000 135.806630
0.000000 256.000000 294.000000 12.409444 26.376042 78.000000 1.000000 33.789157
0.000000 256.000000 296.000000 11.077877 28.352588 78.000000 3.000000 59.922222
0.000000 261.000000 291.000000 13.299274 27.051049 79.000000 3.000000 79.589595
0.000000 261.000000 290.000000 14.781324 30.225937 79.000000 4.000000 104.041237
0.000000 281.000000 0.000000 14.481324 0.000000 85.000000 0.000000 0.000000
0.000000 281.000000 0.000000 13.459600 0.000000 85.000000 0.000000 0.000000
0.000000 290.000000 0.000000 14.210251 0.000000 89.000000 0.000000 0.000000
0.000000 290.000000 0.000000 15.844053 0.000000 89.000000 0.000000 0.000000
0.000000 290.000000 0.000000 12.414212 0.000000 84.000000 0.000000 0.000000
0.000000 290.000000 0.000000 15.742500 0.000000 84.000000 0.000000 0.000000
0.000000 291.000000 321.000000 13.472919 26.478903 88.000000 5.000000 120.402299
0.000000 291.000000 319.000000 12.434989 26.247047 88.000000 6.000000 139.500000
0.000000 294.000000 329.000000 13.220596 28.127335 86.000000 1.000000 34.218579
0.000000 294.000000 326.000000 12.262667 25.958634 86.000000 2.000000 56.970238
0.000000 296.000000 329.000000 14.289124 29.438857 87.000000 4.000000 86.657754
0.000000 296.000000 326.000000 13.583640 24.395189 87.000000 4.000000 106.608434
0.000000 319.000000 0.000000 12.974296 0.000000 97.000000 0.000000 0.000000
0.000000 319.000000 0.000000 13.168872 0.000000 97.000000 0.000000 0.000000
0.000000 321.000000 0.000000 13.803120 0.000000 96.000000 0.000000 0.000000
0.000000 321.000000 0.000000 13.098455 0.000000 96.000000 0.000000 0.000000
0.000000 326.000000 357.000000 12.285402 25.794700 99.000000 3.000000 82.829545
0.000000 326.000000 368.000000 12.387123 33.709034 99.000000 7.000000 134.694690
0.000000 326.000000 0.000000 13.080676 0.000000 101.000000 0.000000 0.000000
0.000000 326.000000 0.000000 12.624239 0.000000 101.000000 0.000000 0.000000
0.000000 329.000000 359.000000 14.367205 28.664712 98.000000 1.000000 34.038889
0.000000 329.000000 359.000000 13.401494 28.320392 98.000000 2.000000 59.881720
0.000000 329.000000 0.000000 14.496983 0.000000 100.000000 0.000000 0.000000
0.000000 329.000000 0.000000 14.486792 0.000000 100.000000 0.000000 0.000000
0.000000 357.000000 387.000000 12.515777 27.723354 106.000000 7.000000 135.354839
0.000000 357.000000 0.000000 12.224858 0.000000 106.000000 0.000000 0.000000
0.000000 359.000000 385.000000 14.864275 25.411969 110.000000 1.000000 32.396226
0.000000 359.000000 389.000000 13.502083 27.258376 110.000000 3.000000 59.190751
0.000000 359.000000 382.000000 14.386816 25.778285 111.000000 3.000000 75.892857
0.000000 359.000000 389.000000 13.518979 27.377733 111.000000 6.000000 113.917127
0.000000 368.000000 0.000000 17.557136 0.000000 107.000000 0.000000 0.000000
0.000000 368.000000 0.000000 16.766167 0.000000 107.000000 0.000000 0.000000
0.000000 382.000000 417.000000 12.762349 28.751137 118.000000 5.000000 130.751323
0.000000 382.000000 408.000000 13.051338 25.014265 118.000000 6.000000 131.041176
0.000000 385.000000 420.000000 13.968457 28.784793 116.000000 1.000000 34.101695
0.000000 385.000000 417.000000 11.303522 25.072923 116.000000 2.000000 56.607843
0.000000 387.000000 0.000000 14.389410 0.000000 114.000000 0.000000 0.000000
0.000000 387.000000 0.000000 13.846325 0.000000 114.000000 0.000000 0.000000
0.000000 389.000000 419.000000 13.481811 27.400444 117.000000 4.000000 83.711230
0.000000 389.000000 417.000000 14.632082 26.680123 117.000000 4.000000 104.587571
0.000000 389.000000 0.000000 13.175697 0.000000 119.000000 0.000000 0.000000
0.000000 389.000000 0.000000 14.533364 0.000000 119.000000 0.000000 0.000000
0.000000 408.000000 0.000000 12.232489 0.000000 123.000000 0.000000 0.000000
0.000000 408.000000 0.000000 12.663969 0.000000 123.000000 0.000000 0.000000
0.000000 417.000000 458.000000 11.264107 29.561507 125.000000 4.000000 96.774869
0.000000 417.000000 449.000000 12.785302 29.231433 125.000000 4.000000 106.152174
0.000000 417.000000 0.000000 14.191666 0.000000 129.000000 0.000000 0.000000
0.000000 417.000000 0.000000 12.171707 0.000000 129.000000 0.000000 0.000000
0.000000 417.000000 0.000000 14.883669 0.000000 122.000000 0.000000 0.000000
0.000000 417.000000 0.000000 14.459646 0.000000 122.000000 0.000000 0.000000
0.000000 419.000000 447.000000 13.441789 26.841154 128.000000 5.000000 126.531429
0.000000 419.000000 446.000000 13.339634 27.955089 128.000000 6.000000 149.122995
0.000000 420.000000 482.000000 15.371219 58.033735 124.000000 1.000000 47.040698
0.000000 420.000000 449.000000 13.836803 27.232469 124.000000 2.000000 58.508982
0.000000 446.000000 0.000000 14.557038 0.000000 141.000000 0.000000 0.000000
0.000000 446.000000 0.000000 13.267551 0.000000 141.000000 0.000000 0.000000
0.000000 447.000000 0.000000 13.574411 0.000000 140.000000 0.000000 0.000000
0.000000 447.000000 0.000000 14.123371 0.000000 140.000000 0.000000 0.000000
0.000000 449.000000 478.000000 14.580895 27.793190 143.000000 2.000000 82.230337
0.000000 449.000000 480.000000 12.506680 25.681518 143.000000 4.000000 109.993711
0.000000 449.000000 0.000000 14.382977 0.000000 135.000000 0.000000 0.000000
0.000000 449.000000 0.000000 13.722438 0.000000 135.000000 0.000000 0.000000
0.000000 458.000000 483.000000 15.634930 27.317618 134.000000 7.000000 142.022472
0.000000 458.000000 0.000000 13.250728 0.000000 134.000000 0.000000 0.000000
0.000000 478.000000 509.000000 12.232838 25.984204 148.000000 5.000000 130.917647
0.000000 478.000000 0.000000 14.466146 0.000000 148.000000 0.000000 0.000000
0.000000 480.000000 0.000000 12.150101 0.000000 149.000000 0.000000 0.000000
0.000000 480.000000 0.000000 12.556900 0.000000 149.000000 0.000000 0.000000
0.000000 482.000000 499.000000 32.089838 45.363492 142.000000 1.000000 42.127737
0.000000 482.000000 496.000000 26.805087 36.738465 142.000000 2.000000 76.226244
0.000000 483.000000 0.000000 12.312410 0.000000 152.000000 0.000000 0.000000
0.000000 483.000000 0.000000 14.351498 0.000000 152.000000 0.000000 0.000000
0.000000 496.000000 519.000000 17.951384 32.856906 159.000000 4.000000 103.170000
0.000000 496.000000 0.000000 18.462810 0.000000 159.000000 0.000000 0.000000
0.000000 499.000000 518.000000 24.663089 37.991225 158.000000 1.000000 38.931624
0.000000 499.000000 520.000000 20.490231 34.497327 158.000000 3.000000 73.044444
0.000000 509.000000 0.000000 12.680628 0.000000 154.000000 0.000000 0.000000
0.000000 509.000000 0.000000 13.515234 0.000000 154.000000 0.000000 0.000000
0.000000 518.000000 543.000000 18.634246 29.026986 164.000000 1.000000 34.005682
0.000000 518.000000 551.000000 18.844970 39.751002 164.000000 3.000000 68.968750
0.000000 519.000000 0.000000 16.917489 0.000000 162.000000 0.000000 0.000000
0.000000 519.000000 0.000000 15.871917 0.000000 162.000000 0.000000 0.000000
0.000000 520.000000 0.000000 17.679513 0.000000 165.000000 0.000000 0.000000
0.000000 520.000000 558.000000 15.933967 33.491098 165.000000 6.000000 138.716667
0.000000 543.000000 574.000000 15.102156 27.672805 168.000000 1.000000 33.762162
0.000000 543.000000 573.000000 13.779249 23.543839 168.000000 2.000000 54.748428
0.000000 551.000000 570.000000 18.317545 26.564356 169.000000 3.000000 70.853801
0.000000 551.000000 0.000000 21.306586 0.000000 169.000000 0.000000 0.000000
0.000000 558.000000 0.000000 16.311566 0.000000 173.000000 0.000000 0.000000
0.000000 558.000000 0.000000 16.403731 0.000000 173.000000 0.000000 0.000000
0.000000 570.000000 579.000000 9.035186 38.706756 176.000000 7.000000 129.457031
0.000000 570.000000 0.000000 16.016892 0.000000 176.000000 0.000000 0.000000
0.000000 573.000000 578.000000 9.444227 26.479817 175.000000 3.000000 67.481675
0.000000 573.000000 595.000000 24.628301 30.684021 175.000000 6.000000 138.416244
0.000000 574.000000 602.000000 13.358900 24.225400 174.000000 1.000000 32.675497
0.000000 574.000000 578.000000 19.749175 22.756272 174.000000 2.000000 44.073864
0.000000 578.000000 602.000000 15.022368 26.886554 185.000000 2.000000 56.163743
0.000000 578.000000 602.000000 14.396635 24.994411 185.000000 3.000000 80.554878
0.000000 578.000000 604.000000 13.641683 24.336924 182.000000 7.000000 107.272727
0.000000 578.000000 598.000000 17.929236 28.883857 182.000000 5.000000 118.476190
0.000000 579.000000 0.000000 18.805350 0.000000 180.000000 0.000000 0.000000
0.000000 579.000000 0.000000 20.075273 0.000000 180.000000 0.000000 0.000000
0.000000 595.000000 0.000000 15.256634 0.000000 183.000000 0.000000 0.000000
0.000000 595.000000 0.000000 14.185455 0.000000 183.000000 0.000000 0.000000
0.000000 598.000000 0.000000 13.723503 0.000000 189.000000 0.000000 0.000000
0.000000 598.000000 0.000000 14.592716 0.000000 189.000000 0.000000 0.000000
0.000000 602.000000 642.000000 11.832648 29.149382 184.000000 1.000000 34.687861
0.000000 602.000000 636.000000 11.227096 24.378758 184.000000 2.000000 55.375000
0.000000 602.000000 631.000000 13.491784 26.345642 186.000000 3.000000 74.441341
0.000000 602.000000 639.000000 13.467529 29.864394 186.000000 6.000000 113.652632
0.000000 602.000000 636.000000 12.301481 26.310957 187.000000 6.000000 133.508671
0.000000 602.000000 635.000000 12.314322 27.209297 187.000000 7.000000 157.101064
0.000000 604.000000 0.000000 13.070755 0.000000 188.000000 0.000000 0.000000
0.000000 604.000000 0.000000 11.317790 0.000000 188.000000 0.000000 0.000000
0.000000 631.000000 661.000000 12.339820 26.576837 198.000000 5.000000 112.520231
0.000000 631.000000 658.000000 13.378899 26.515193 198.000000 6.000000 130.468208
0.000000 635.000000 0.000000 12.107574 0.000000 201.000000 0.000000 0.000000
0.000000 635.000000 0.000000 14.441867 0.000000 201.000000 0.000000 0.000000
0.000000 636.000000 668.000000 11.547090 25.769733 197.000000 3.000000 78.011561
0.000000 636.000000 672.000000 12.322841 26.743683 197.000000 6.000000 109.539326
0.000000 636.000000 0.000000 14.022415 0.000000 200.000000 0.000000 0.000000
0.000000 636.000000 0.000000 13.071173 0.000000 200.000000 0.000000 0.000000
0.000000 639.000000 0.000000 14.342201 0.000000 199.000000 0.000000 0.000000
0.000000 639.000000 0.000000 15.383338 0.000000 199.000000 0.000000 0.000000
0.000000 642.000000 669.000000 14.379877 25.786363 196.000000 1.000000 33.196078
0.000000 642.000000 676.000000 14.462821 29.229090 196.000000 3.000000 61.615789
0.000000 658.000000 0.000000 13.314124 0.000000 205.000000 0.000000 0.000000
0.000000 658.000000 0.000000 13.107268 0.000000 205.000000 0.000000 0.000000
0.000000 661.000000 0.000000 12.322232 0.000000 204.000000 0.000000 0.000000
0.000000 661.000000 0.000000 13.459600 0.000000 204.000000 0.000000 0.000000
0.000000 668.000000 0.000000 14.747491 0.000000 208.000000 0.000000 0.000000
0.000000 668.000000 695.000000 12.132495 26.115654 208.000000 6.000000 140.485549
0.000000 669.000000 721.000000 13.343890 42.069529 214.000000 1.000000 40.605469
0.000000 669.000000 705.000000 11.718264 25.289976 214.000000 2.000000 58.993827
0.000000 672.000000 0.000000 13.314124 0.000000 209.000000 0.000000 0.000000
0.000000 672.000000 0.000000 12.639609 0.000000 209.000000 0.000000 0.000000
0.000000 676.000000 707.000000 14.603288 30.740037 215.000000 4.000000 87.669903
0.000000 676.000000 713.000000 13.782382 31.840553 215.000000 6.000000 129.728571
0.000000 695.000000 0.000000 12.289031 0.000000 221.000000 0.000000 0.000000
0.000000 695.000000 0.000000 13.988486 0.000000 221.000000 0.000000 0.000000
0.000000 705.000000 736.000000 13.594948 26.528993 223.000000 3.000000 86.494118
0.000000 705.000000 0.000000 11.102304 0.000000 223.000000 0.000000 0.000000
0.000000 707.000000 738.000000 15.633972 35.060931 226.000000 6.000000 141.617391
0.000000 707.000000 0.000000 15.443050 0.000000 226.000000 0.000000 0.000000
0.000000 713.000000 0.000000 16.563021 0.000000 227.000000 0.000000 0.000000
0.000000 713.000000 0.000000 16.275315 0.000000 227.000000 0.000000 0.000000
0.000000 721.000000 749.000000 18.666991 33.784926 222.000000 1.000000 36.822967
0.000000 721.000000 740.000000 21.473951 34.499439 222.000000 2.000000 62.602804
0.000000 736.000000 766.000000 13.935644 27.320892 230.000000 7.000000 137.714286
0.000000 736.000000 0.000000 13.298030 0.000000 230.000000 0.000000 0.000000
0.000000 738.000000 0.000000 16.687409 0.000000 232.000000 0.000000 0.000000
0.000000 738.000000 0.000000 17.724519 0.000000 232.000000 0.000000 0.000000
0.000000 740.000000 765.000000 17.076508 30.123859 237.000000 3.000000 78.005236
0.000000 740.000000 765.000000 17.240068 31.969186 237.000000 4.000000 106.373134
0.000000 749.000000 774.000000 18.596831 32.342361 236.000000 1.000000 36.448980
0.000000 749.000000 781.000000 13.708380 31.577680 236.000000 3.000000 71.331683
0.000000 765.000000 798.000000 15.800478 33.176613 242.000000 5.000000 130.661905
0.000000 765.000000 0.000000 13.326641 0.000000 242.000000 0.000000 0.000000
0.000000 765.000000 0.000000 14.564686 0.000000 243.000000 0.000000 0.000000
0.000000 765.000000 0.000000 18.207582 0.000000 243.000000 0.000000 0.000000
0.000000 766.000000 0.000000 13.499797 0.000000 238.000000 0.000000 0.000000
0.000000 766.000000 0.000000 13.839558 0.000000 238.000000 0.000000 0.000000
0.000000 774.000000 798.000000 16.775295 28.890352 244.000000 1.000000 34.701754
0.000000 774.000000 803.000000 15.664741 30.666048 244.000000 3.000000 64.901042
0.000000 781.000000 808.000000 14.319851 27.950246 245.000000 5.000000 98.978022
0.000000 781.000000 804.000000 16.936853 27.717902 245.000000 6.000000 116.675978
0.000000 798.000000 831.000000 14.336371 26.735556 252.000000 1.000000 33.962500
0.000000 798.000000 827.000000 14.002515 25.925263 252.000000 2.000000 55.883436
0.000000 798.000000 0.000000 17.730251 0.000000 246.000000 0.000000 0.000000
0.000000 798.000000 0.000000 15.952097 0.000000 246.000000 0.000000 0.000000
0.000000 803.000000 831.000000 14.492465 28.100069 253.000000 4.000000 85.821229
0.000000 803.000000 838.000000 14.863209 34.623211 253.000000 7.000000 129.672566
0.000000 804.000000 0.000000 14.581539 0.000000 255.000000 0.000000 0.000000
0.000000 804.000000 0.000000 13.071173 0.000000 255.000000 0.000000 0.000000
0.000000 808.000000 0.000000 13.257790 0.000000 254.000000 0.000000 0.000000
0.000000 808.000000 0.000000 14.226343 0.000000 254.000000 0.000000 0.000000
0.000000 827.000000 863.000000 13.602642 29.287881 257.000000 3.000000 82.614973
0.000000 827.000000 860.000000 12.490342 26.921482 257.000000 4.000000 103.488636
0.000000 831.000000 865.000000 13.739530 29.144123 256.000000 1.000000 34.705202
0.000000 831.000000 866.000000 11.364436 25.004202 256.000000 3.000000 60.449367
0.000000 831.000000 863.000000 12.408154 24.479476 260.000000 6.000000 135.440252
0.000000 831.000000 855.000000 15.379546 27.691904 260.000000 6.000000 139.110465
0.000000 838.000000 0.000000 16.988092 0.000000 261.000000 0.000000 0.000000
0.000000 838.000000 0.000000 17.667348 0.000000 261.000000 0.000000 0.000000
0.000000 855.000000 0.000000 13.266434 0.000000 271.000000 0.000000 0.000000
0.000000 855.000000 0.000000 13.519371 0.000000 271.000000 0.000000 0.000000
0.000000 860.000000 0.000000 14.370079 0.000000 267.000000 0.000000 0.000000
0.000000 860.000000 0.000000 12.249373 0.000000 267.000000 0.000000 0.000000
0.000000 863.000000 896.000000 14.421292 31.250532 266.000000 5.000000 130.396985
0.000000 863.000000 889.000000 14.357313 26.421096 266.000000 6.000000 138.341040
0.000000 863.000000 0.000000 12.171707 0.000000 270.000000 0.000000 0.000000
0.000000 863.000000 0.000000 12.563520 0.000000 270.000000 0.000000 0.000000
0.000000 865.000000 896.000000 14.169396 27.667368 268.000000 1.000000 34.314286
0.000000 865.000000 904.000000 14.497497 33.764477 268.000000 3.000000 68.374408
0.000000 866.000000 899.000000 11.614289 24.261839 269.000000 4.000000 88.621951
0.000000 866.000000 906.000000 12.536843 30.936489 269.000000 7.000000 128.323383
0.000000 889.000000 0.000000 13.425790 0.000000 279.000000 0.000000 0.000000
0.000000 889.000000 0.000000 12.783011 0.000000 279.000000 0.000000 0.000000
0.000000 896.000000 929.000000 13.630644 27.824486 282.000000 1.000000 34.457831
0.000000 896.000000 920.000000 13.535470 24.616047 282.000000 2.000000 54.243421
0.000000 896.000000 0.000000 15.766517 0.000000 278.000000 0.000000 0.000000
0.000000 896.000000 0.000000 15.939034 0.000000 278.000000 0.000000 0.000000
0.000000 899.000000 933.000000 12.078871 29.810245 284.000000 9.000000 158.284211
0.000000 899.000000 0.000000 12.303616 0.000000 284.000000 0.000000 0.000000
0.000000 904.000000 927.000000 14.862587 25.592715 283.000000 4.000000 84.909091
0.000000 904.000000 931.000000 18.990885 33.782250 283.000000 7.000000 119.288462
0.000000 906.000000 0.000000 15.386174 0.000000 285.000000 0.000000 0.000000
0.000000 906.000000 0.000000 16.006911 0.000000 285.000000 0.000000 0.000000
0.000000 920.000000 958.000000 11.339399 26.883359 289.000000 3.000000 81.426136
0.000000 920.000000 956.000000 12.312410 27.537451 289.000000 4.000000 103.022346
0.000000 927.000000 960.000000 13.837833 27.507551 294.000000 7.000000 141.279330
0.000000 927.000000 0.000000 12.465156 0.000000 294.000000 0.000000 0.000000
0.000000 929.000000 963.000000 13.995804 27.514284 288.000000 1.000000 34.443787
0.000000 929.000000 961.000000 13.368201 27.846383 288.000000 2.000000 59.066298
0.000000 931.000000 0.000000 16.951038 0.000000 295.000000 0.000000 0.000000
0.000000 931.000000 0.000000 15.931951 0.000000 295.000000 0.000000 0.000000
0.000000 933.000000 0.000000 14.238266 0.000000 292.000000 0.000000 0.000000
0.000000 933.000000 0.000000 15.303409 0.000000 292.000000 0.000000 0.000000
0.000000 956.000000 0.000000 12.985317 0.000000 299.000000 0.000000 0.000000
0.000000 956.000000 0.000000 14.319901 0.000000 299.000000 0.000000 0.000000
0.000000 958.000000 992.000000 12.249583 27.752984 298.000000 6.000000 132.978495
0.000000 958.000000 985.000000 14.298404 28.300351 298.000000 6.000000 140.074074
0.000000 960.000000 0.000000 12.967095 0.000000 300.000000 0.000000 0.000000
0.000000 960.000000 0.000000 14.570192 0.000000 300.000000 0.000000 0.000000
0.000000 961.000000 990.000000 14.436043 29.789846 303.000000 3.000000 78.595628
0.000000 961.000000 992.000000 13.385164 25.694037 303.000000 5.000000 107.953488
0.000000 963.000000 992.000000 14.855678 26.353861 302.000000 1.000000 33.857143
0.000000 963.000000 997.000000 12.371569 25.463529 302.000000 3.000000 60.975610
0.000000 985.000000 0.000000 13.066549 0.000000 311.000000 0.000000 0.000000
0.000000 985.000000 0.000000 15.045660 0.000000 311.000000 0.000000 0.000000
0.000000 990.000000 1015.000000 14.521267 26.526706 314.000000 5.000000 109.629412
0.000000 990.000000 0.000000 14.253283 0.000000 314.000000 0.000000 0.000000
0.000000 992.000000 1027.000000 13.957820 28.751982 316.000000 1.000000 35.010811
0.000000 992.000000 1036.000000 12.119843 33.340404 316.000000 3.000000 69.444954
0.000000 992.000000 0.000000 13.032138 0.000000 315.000000 0.000000 0.000000
0.000000 992.000000 0.000000 12.569702 0.000000 315.000000 0.000000 0.000000
0.000000 992.000000 0.000000 13.488188 0.000000 310.000000 0.000000 0.000000
0.000000 992.000000 0.000000 15.470933 0.000000 310.000000 0.000000 0.000000
0.000000 997.000000 1033.000000 12.118537 26.526125 317.000000 4.000000 93.505747
0.000000 997.000000 1025.000000 13.412028 26.551098 317.000000 4.000000 103.410405
0.000000 1015.000000 0.000000 12.599727 0.000000 320.000000 0.000000 0.000000
0.000000 1015.000000 0.000000 13.052569 0.000000 320.000000 0.000000 0.000000
0.000000 1025.000000 0.000000 12.603190 0.000000 329.000000 0.000000 0.000000
0.000000 1025.000000 0.000000 13.230876 0.000000 329.000000 0.000000 0.000000
0.000000 1027.000000 1062.000000 14.064281 28.820237 322.000000 1.000000 34.842697
0.000000 1027.000000 1059.000000 14.459818 30.643757 322.000000 2.000000 60.893401
0.000000 1033.000000 0.000000 13.027297 0.000000 328.000000 0.000000 0.000000
0.000000 1033.000000 0.000000 13.098455 0.000000 328.000000 0.000000 0.000000
0.000000 1036.000000 1066.000000 17.831234 35.940340 323.000000 5.000000 102.466387
0.000000 1036.000000 1063.000000 15.447342 31.533800 323.000000 6.000000 125.487805
0.000000 1059.000000 1085.000000 16.873786 31.252061 335.000000 3.000000 81.310680
0.000000 1059.000000 0.000000 13.501197 0.000000 335.000000 0.000000 0.000000
0.000000 1062.000000 1089.000000 15.177920 28.222284 334.000000 1.000000 34.380117
0.000000 1062.000000 1095.000000 13.605089 30.630338 334.000000 3.000000 64.735450
0.000000 1063.000000 0.000000 14.250287 0.000000 339.000000 0.000000 0.000000
0.000000 1063.000000 0.000000 17.322665 0.000000 339.000000 0.000000 0.000000
0.000000 1066.000000 1089.000000 16.991374 31.986909 338.000000 6.000000 145.985437
0.000000 1066.000000 0.000000 17.855471 0.000000 338.000000 0.000000 0.000000
0.000000 1085.000000 1111.000000 15.891715 27.428680 340.000000 5.000000 114.778378
0.000000 1085.000000 1107.000000 15.217404 25.804969 340.000000 6.000000 131.217143
0.000000 1089.000000 1122.000000 14.159767 27.984509 342.000000 1.000000 34.271676
0.000000 1089.000000 1124.000000 13.523156 30.016189 342.000000 3.000000 62.095238
0.000000 1089.000000 0.000000 14.472790 0.000000 346.000000 0.000000 0.000000
0.000000 1089.000000 0.000000 16.556033 0.000000 346.000000 0.000000 0.000000
0.000000 1095.000000 1117.000000 14.526949 25.810420 343.000000 3.000000 79.159763
0.000000 1095.000000 1127.000000 15.800478 32.471371 343.000000 7.000000 125.918269
0.000000 1107.000000 0.000000 13.102164 0.000000 349.000000 0.000000 0.000000
0.000000 1107.000000 0.000000 12.908747 0.000000 349.000000 0.000000 0.000000
0.000000 1111.000000 0.000000 13.753493 0.000000 348.000000 0.000000 0.000000
0.000000 1111.000000 0.000000 13.333718 0.000000 348.000000 0.000000 0.000000
0.000000 1117.000000 1151.000000 13.058048 28.630474 354.000000 6.000000 132.529412
0.000000 1117.000000 0.000000 13.330303 0.000000 354.000000 0.000000 0.000000
0.000000 1122.000000 1149.000000 14.143413 24.610150 350.000000 1.000000 32.980392
0.000000 1122.000000 1151.000000 13.289794 23.740576 350.000000 3.000000 57.090909
0.000000 1124.000000 1155.000000 13.580957 28.603208 351.000000 5.000000 86.350515
0.000000 1124.000000 1152.000000 15.466113 28.408240 351.000000 6.000000 107.618557
0.000000 1127.000000 0.000000 16.563458 0.000000 355.000000 0.000000 0.000000
0.000000 1127.000000 0.000000 15.207764 0.000000 355.000000 0.000000 0.000000
0.000000 1149.000000 1193.000000 11.636440 30.166371 362.000000 1.000000 35.785714
0.000000 1149.000000 1179.000000 12.765514 25.766556 362.000000 2.000000 54.206061
0.000000 1151.000000 1182.000000 12.628691 25.990256 363.000000 4.000000 81.201183
0.000000 1151.000000 1189.000000 11.191036 27.963147 363.000000 6.000000 120.185792
0.000000 1151.000000 0.000000 13.230876 0.000000 360.000000 0.000000 0.000000
0.000000 1151.000000 0.000000 15.316703 0.000000 360.000000 0.000000 0.000000
0.000000 1152.000000 0.000000 14.149889 0.000000 365.000000 0.000000 0.000000
0.000000 1152.000000 0.000000 14.420314 0.000000 365.000000 0.000000 0.000000
0.000000 1155.000000 1183.000000 15.638006 29.899068 364.000000 7.000000 132.089005
0.000000 1155.000000 0.000000 13.252608 0.000000 364.000000 0.000000 0.000000
0.000000 1179.000000 1213.000000 13.375886 29.532767 369.000000 3.000000 77.433155
0.000000 1179.000000 1213.000000 12.598914 29.215929 369.000000 4.000000 104.453608
0.000000 1182.000000 1209.000000 13.620694 24.530328 370.000000 5.000000 120.481013
0.000000 1182.000000 0.000000 12.262988 0.000000 370.000000 0.000000 0.000000
0.000000 1183.000000 0.000000 14.533762 0.000000 376.000000 0.000000 0.000000
0.000000 1183.000000 0.000000 15.403408 0.000000 376.000000 0.000000 0.000000
0.000000 1189.000000 0.000000 13.241664 0.000000 371.000000 0.000000 0.000000
0.000000 1189.000000 0.000000 14.391086 0.000000 371.000000 0.000000 0.000000
0.000000 1193.000000 1221.000000 16.935850 33.467600 368.000000 1.000000 36.886792
0.000000 1193.000000 1229.000000 12.155910 28.221547 368.000000 3.000000 71.684783
0.000000 1209.000000 0.000000 12.588742 0.000000 380.000000 0.000000 0.000000
0.000000 1209.000000 0.000000 12.274514 0.000000 380.000000 0.000000 0.000000
0.000000 1213.000000 0.000000 14.608002 0.000000 378.000000 0.000000 0.000000
0.000000 1213.000000 1238.000000 14.743741 28.036964 378.000000 6.000000 138.924731
0.000000 1213.000000 0.000000 14.702963 0.000000 379.000000 0.000000 0.000000
0.000000 1213.000000 0.000000 15.484983 0.000000 379.000000 0.000000 0.000000
0.000000 1221.000000 1240.000000 17.250938 26.308815 386.000000 1.000000 33.899408
0.000000 1221.000000 1246.000000 15.386174 27.961112 386.000000 3.000000 62.927374
0.000000 1229.000000 1261.000000 13.560590 28.847865 387.000000 5.000000 111.329949
0.000000 1229.000000 1259.000000 14.221094 28.102092 387.000000 6.000000 133.331579
0.000000 1238.000000 0.000000 12.084311 0.000000 391.000000 0.000000 0.000000
0.000000 1238.000000 0.000000 15.069283 0.000000 391.000000 0.000000 0.000000
0.000000 1240.000000 1274.000000 12.806908 27.753629 394.000000 1.000000 34.142045
0.000000 1240.000000 1272.000000 13.502277 30.587842 394.000000 2.000000 60.156250
0.000000 1246.000000 1278.000000 13.355979 31.105860 395.000000 5.000000 96.487562
0.000000 1246.000000 1274.000000 13.491784 27.183905 395.000000 5.000000 114.440000
0.000000 1259.000000 0.000000 15.166929 0.000000 397.000000 0.000000 0.000000
0.000000 1259.000000 0.000000 13.032159 0.000000 397.000000 0.000000 0.000000
0.000000 1261.000000 0.000000 14.826739 0.000000 396.000000 0.000000 0.000000
0.000000 1261.000000 0.000000 14.205286 0.000000 396.000000 0.000000 0.000000
0.000000 1272.000000 1300.000000 14.451936 28.979834 401.000000 3.000000 82.259259
0.000000 1272.000000 1303.000000 14.707167 29.839739 401.000000 6.000000 115.853403
0.000000 1274.000000 1316.000000 14.064288 34.081598 400.000000 1.000000 37.642202
0.000000 1274.000000 1301.000000 13.729549 28.475249 400.000000 2.000000 56.988827
0.000000 1274.000000 0.000000 13.335491 0.000000 403.000000 0.000000 0.000000
0.000000 1274.000000 0.000000 13.132146 0.000000 403.000000 0.000000 0.000000
0.000000 1278.000000 1302.000000 15.688231 28.757583 402.000000 7.000000 140.686170
0.000000 1278.000000 0.000000 15.705837 0.000000 402.000000 0.000000 0.000000
0.000000 1300.000000 1327.000000 14.628643 27.187912 408.000000 5.000000 118.657143
0.000000 1300.000000 0.000000 14.625112 0.000000 408.000000 0.000000 0.000000
0.000000 1301.000000 1332.000000 13.755833 27.931635 411.000000 3.000000 78.101124
0.000000 1301.000000 1332.000000 13.670074 27.067822 411.000000 4.000000 103.522989
0.000000 1302.000000 0.000000 13.398234 0.000000 414.000000 0.000000 0.000000
0.000000 1302.000000 0.000000 14.934814 0.000000 414.000000 0.000000 0.000000
0.000000 1303.000000 0.000000 15.429707 0.000000 409.000000 0.000000 0.000000
0.000000 1303.000000 0.000000 13.316278 0.000000 409.000000 0.000000 0.000000
0.000000 1316.000000 1341.000000 17.887954 29.270049 410.000000 1.000000 35.363636
0.000000 1316.000000 1341.000000 15.898321 29.303308 410.000000 2.000000 62.663102
0.000000 1327.000000 0.000000 13.515954 0.000000 416.000000 0.000000 0.000000
0.000000 1327.000000 0.000000 13.032159 0.000000 416.000000 0.000000 0.000000
0.000000 1332.000000 1364.000000 13.674074 31.099793 418.000000 6.000000 129.614634
0.000000 1332.000000 1364.000000 13.569397 30.159949 418.000000 7.000000 158.195122
0.000000 1332.000000 0.000000 13.086794 0.000000 419.000000 0.000000 0.000000
0.000000 1332.000000 0.000000 13.656392 0.000000 419.000000 0.000000 0.000000
0.000000 1341.000000 1370.000000 14.952154 28.462871 424.000000 1.000000 34.875706
0.000000 1341.000000 1369.000000 14.587108 27.645050 424.000000 2.000000 59.815217
0.000000 1341.000000 1365.000000 14.455724 25.533320 425.000000 3.000000 80.981707
0.000000 1341.000000 1363.000000 14.530929 25.458312 425.000000 4.000000 101.694611
0.000000 1363.000000 0.000000 12.339820 0.000000 435.000000 0.000000 0.000000
0.000000 1363.000000 0.000000 12.394755 0.000000 435.000000 0.000000 0.000000
0.000000 1364.000000 0.000000 14.522553 0.000000 428.000000 0.000000 0.000000
0.000000 1364.000000 0.000000 16.415075 0.000000 428.000000 0.000000 0.000000
0.000000 1364.000000 0.000000 14.345275 0.000000 429.000000 0.000000 0.000000
0.000000 1364.000000 0.000000 15.355351 0.000000 429.000000 0.000000 0.000000
0.000000 1365.000000 1399.000000 12.283161 26.826497 434.000000 6.000000 135.528409
0.000000 1365.000000 1394.000000 12.303594 26.513830 434.000000 6.000000 146.201149
0.000000 1369.000000 1398.000000 14.543696 28.005765 433.000000 3.000000 82.877005
0.000000 1369.000000 1399.000000 12.287095 25.897669 433.000000 5.000000 111.065476
0.000000 1370.000000 1409.000000 13.837023 32.064318 432.000000 1.000000 36.878641
0.000000 1370.000000 1399.000000 14.606902 27.795629 432.000000 2.000000 58.803279
0.000000 1394.000000 0.000000 12.353028 0.000000 443.000000 0.000000 0.000000
0.000000 1394.000000 0.000000 13.037775 0.000000 443.000000 0.000000 0.000000
0.000000 1398.000000 1429.000000 13.459600 28.641121 444.000000 5.000000 133.347594
0.000000 1398.000000 1420.000000 14.005524 24.950581 444.000000 6.000000 135.047904
0.000000 1399.000000 1435.000000 13.390805 33.152732 447.000000 3.000000 89.046512
0.000000 1399.000000 1431.000000 14.405045 28.681100 447.000000 4.000000 110.632124
0.000000 1399.000000 0.000000 13.028551 0.000000 445.000000 0.000000 0.000000
0.000000 1399.000000 0.000000 13.341098 0.000000 445.000000 0.000000 0.000000
0.000000 1399.000000 0.000000 12.397745 0.000000 442.000000 0.000000 0.000000
0.000000 1399.000000 0.000000 14.104236 0.000000 442.000000 0.000000 0.000000
0.000000 1409.000000 1440.000000 16.432001 32.720641 446.000000 1.000000 37.046392
0.000000 1409.000000 1446.000000 14.863911 34.650095 446.000000 3.000000 72.133929
0.000000 1420.000000 0.000000 12.051123 0.000000 451.000000 0.000000 0.000000
0.000000 1420.000000 0.000000 12.746130 0.000000 451.000000 0.000000 0.000000
0.000000 1429.000000 0.000000 13.888001 0.000000 450.000000 0.000000 0.000000
0.000000 1429.000000 0.000000 14.879777 0.000000 450.000000 0.000000 0.000000
0.000000 1431.000000 0.000000 14.627305 0.000000 453.000000 0.000000 0.000000
0.000000 1431.000000 0.000000 14.617794 0.000000 453.000000 0.000000 0.000000
0.000000 1435.000000 1470.000000 15.822208 39.026773 452.000000 8.000000 157.184000
0.000000 1435.000000 0.000000 16.628326 0.000000 452.000000 0.000000 0.000000
0.000000 1440.000000 1466.000000 16.743062 31.151139 458.000000 1.000000 35.775510
0.000000 1440.000000 1468.000000 15.364570 29.318846 458.000000 3.000000 64.775956
0.000000 1446.000000 1469.000000 17.800779 30.128276 459.000000 5.000000 93.342105
0.000000 1446.000000 0.000000 17.206470 0.000000 459.000000 0.000000 0.000000
0.000000 1466.000000 1495.000000 14.398295 26.536017 468.000000 1.000000 33.850000
0.000000 1466.000000 1493.000000 14.488904 27.244810 468.000000 2.000000 57.582857
0.000000 1468.000000 1499.000000 15.570700 31.319802 469.000000 5.000000 93.412621
0.000000 1468.000000 1496.000000 12.753969 24.340858 469.000000 6.000000 113.725610
0.000000 1469.000000 1499.000000 13.468990 28.783135 470.000000 8.000000 146.195767
0.000000 1469.000000 0.000000 15.497927 0.000000 470.000000 0.000000 0.000000
0.000000 1470.000000 0.000000 19.001412 0.000000 466.000000 0.000000 0.000000
0.000000 1470.000000 0.000000 18.660237 0.000000 466.000000 0.000000 0.000000
0.000000 1493.000000 1525.000000 13.437547 29.432492 473.000000 5.000000 82.397849
0.000000 1493.000000 1523.000000 14.632082 29.068963 473.000000 4.000000 106.349462
0.000000 1495.000000 1523.000000 13.667421 24.697298 472.000000 1.000000 33.832215
0.000000 1495.000000 1524.000000 12.408154 23.999810 472.000000 3.000000 56.040816
0.000000 1496.000000 0.000000 12.323883 0.000000 475.000000 0.000000 0.000000
0.000000 1496.000000 0.000000 12.629688 0.000000 475.000000 0.000000 0.000000
0.000000 1499.000000 0.000000 13.562533 0.000000 474.000000 0.000000 0.000000
0.000000 1499.000000 0.000000 17.745429 0.000000 474.000000 0.000000 0.000000
0.000000 1499.000000 0.000000 13.316723 0.000000 476.000000 0.000000 0.000000
0.000000 1499.000000 0.000000 15.108060 0.000000 476.000000 0.000000 0.000000
0.000000 1523.000000 1563.000000 12.087351 30.242736 482.000000 1.000000 36.037838
0.000000 1523.000000 1557.000000 11.264107 25.705770 482.000000 2.000000 57.795181
0.000000 1523.000000 0.000000 13.452492 0.000000 481.000000 0.000000 0.000000
0.000000 1523.000000 0.000000 14.306191 0.000000 481.000000 0.000000 0.000000
0.000000 1524.000000 1557.000000 11.260059 23.382277 483.000000 3.000000 80.973510
0.000000 1524.000000 1559.000000 12.380308 24.506858 483.000000 6.000000 107.337500
0.000000 1525.000000 0.000000 14.825248 0.000000 480.000000 0.000000 0.000000
0.000000 1525.000000 0.000000 14.466146 0.000000 480.000000 0.000000 0.000000
0.000000 1557.000000 1599.000000 12.130821 30.249140 491.000000 5.000000 97.950000
0.000000 1557.000000 1588.000000 13.463991 27.794513 491.000000 4.000000 102.890110
0.000000 1557.000000 1593.000000 12.378844 27.699353 494.000000 7.000000 142.000000
0.000000 1557.000000 0.000000 10.495042 0.000000 494.000000 0.000000 0.000000
0.000000 1559.000000 0.000000 12.339820 0.000000 495.000000 0.000000 0.000000
0.000000 1559.000000 0.000000 12.323883 0.000000 495.000000 0.000000 0.000000
0.000000 1563.000000 1594.000000 14.447279 29.255149 490.000000 1.000000 35.809783
0.000000 1563.000000 1591.000000 14.660792 27.184932 490.000000 2.000000 59.441176
0.000000 1588.000000 0.000000 13.339634 0.000000 499.000000 0.000000 0.000000
0.000000 1588.000000 0.000000 13.379401 0.000000 499.000000 0.000000 0.000000
0.000000 1591.000000 1622.000000 14.551029 31.290089 505.000000 3.000000 85.593137
0.000000 1591.000000 1631.000000 11.581342 30.377922 505.000000 5.000000 131.819149
0.000000 1593.000000 0.000000 12.284744 0.000000 500.000000 0.000000 0.000000
0.000000 1593.000000 0.000000 15.243715 0.000000 500.000000 0.000000 0.000000
0.000000 1594.000000 1631.000000 15.604544 34.449300 504.000000 1.000000 38.259259
0.000000 1594.000000 1667.000000 13.860760 62.295033 504.000000 5.000000 120.416446
0.000000 1599.000000 1626.000000 14.921337 30.507318 498.000000 6.000000 145.105528
0.000000 1599.000000 0.000000 15.526583 0.000000 498.000000 0.000000 0.000000
0.000000 1622.000000 1648.000000 14.629469 28.031131 508.000000 4.000000 119.960894
0.000000 1622.000000 1645.000000 15.662506 28.205051 508.000000 5.000000 139.450000
0.000000 1626.000000 0.000000 15.048285 0.000000 514.000000 0.000000 0.000000
0.000000 1626.000000 0.000000 15.477313 0.000000 514.000000 0.000000 0.000000
0.000000 1631.000000 1665.000000 18.089912 37.554602 512.000000 1.000000 39.412844
0.000000 1631.000000 1655.000000 16.694283 27.711691 512.000000 2.000000 62.814607
0.000000 1631.000000 0.000000 14.497828 0.000000 509.000000 0.000000 0.000000
0.000000 1631.000000 0.000000 16.256815 0.000000 509.000000 0.000000 0.000000
0.000000 1645.000000 0.000000 13.303380 0.000000 517.000000 0.000000 0.000000
0.000000 1645.000000 0.000000 13.797691 0.000000 517.000000 0.000000 0.000000
0.000000 1648.000000 0.000000 14.650328 0.000000 516.000000 0.000000 0.000000
0.000000 1648.000000 0.000000 13.319002 0.000000 516.000000 0.000000 0.000000
0.000000 1655.000000 1686.000000 13.562533 27.432340 521.000000 4.000000 87.138889
0.000000 1655.000000 1687.000000 13.259380 28.097392 521.000000 6.000000 114.966292
0.000000 1665.000000 1715.000000 19.066554 52.049103 520.000000 1.000000 45.221865
0.000000 1665.000000 1684.000000 18.033181 28.157735 520.000000 2.000000 59.052326
0.000000 1667.000000 0.000000 29.945080 0.000000 513.000000 0.000000 0.000000
0.000000 1667.000000 0.000000 31.792358 0.000000 513.000000 0.000000 0.000000
0.000000 1684.000000 1716.000000 13.720768 29.473829 531.000000 3.000000 82.335165
0.000000 1684.000000 1716.000000 14.465659 27.954103 531.000000 4.000000 108.870056
0.000000 1686.000000 1716.000000 13.383072 27.474027 528.000000 5.000000 134.919786
0.000000 1686.000000 1711.000000 13.189899 25.414308 528.000000 5.000000 146.202312
0.000000 1687.000000 0.000000 13.224251 0.000000 529.000000 0.000000 0.000000
0.000000 1687.000000 0.000000 14.364098 0.000000 529.000000 0.000000 0.000000
0.000000 1711.000000 0.000000 12.211917 0.000000 537.000000 0.000000 0.000000
0.000000 1711.000000 0.000000 12.529741 0.000000 537.000000 0.000000 0.000000
0.000000 1715.000000 1732.000000 26.718566 40.368790 530.000000 1.000000 40.126531
0.000000 1715.000000 1729.000000 25.037129 35.352631 530.000000 2.000000 70.949772
0.000000 1716.000000 1748.000000 13.603273 25.184967 534.000000 5.000000 132.939759
0.000000 1716.000000 1738.000000 15.486770 26.051092 534.000000 6.000000 134.429379
0.000000 1716.000000 0.000000 13.331990 0.000000 535.000000 0.000000 0.000000
0.000000 1716.000000 0.000000 14.655680 0.000000 535.000000 0.000000 0.000000
0.000000 1716.000000 0.000000 13.843032 0.000000 536.000000 0.000000 0.000000
0.000000 1716.000000 0.000000 14.129649 0.000000 536.000000 0.000000 0.000000
0.000000 1729.000000 1757.000000 16.808320 31.898737 543.000000 5.000000 99.908654
0.000000 1729.000000 1748.000000 17.151619 26.740685 543.000000 4.000000 108.654545
0.000000 1732.000000 1748.000000 23.110320 30.501154 542.000000 1.000000 36.186170
0.000000 1732.000000 1752.000000 16.145858 26.234516 542.000000 3.000000 64.890909
0.000000 1738.000000 0.000000 12.350834 0.000000 545.000000 0.000000 0.000000
0.000000 1738.000000 0.000000 13.135132 0.000000 545.000000 0.000000 0.000000
0.000000 1748.000000 1784.000000 16.112537 32.910600 552.000000 1.000000 37.101010
0.000000 1748.000000 1779.000000 14.517081 31.061107 552.000000 2.000000 63.000000
0.000000 1748.000000 0.000000 12.130821 0.000000 551.000000 0.000000 0.000000
0.000000 1748.000000 0.000000 13.670074 0.000000 551.000000 0.000000 0.000000
0.000000 1748.000000 0.000000 13.489078 0.000000 544.000000 0.000000 0.000000
0.000000 1748.000000 0.000000 13.667232 0.000000 544.000000 0.000000 0.000000
0.000000 1752.000000 1785.000000 12.261010 27.730353 553.000000 5.000000 99.050279
0.000000 1752.000000 1779.000000 13.403983 24.422121 553.000000 4.000000 110.579618
0.000000 1757.000000 0.000000 15.044211 0.000000 550.000000 0.000000 0.000000
0.000000 1757.000000 0.000000 16.385087 0.000000 550.000000 0.000000 0.000000
0.000000 1779.000000 1804.000000 14.626722 27.629631 557.000000 3.000000 80.247253
0.000000 1779.000000 1806.000000 15.800478 27.794397 557.000000 5.000000 110.000000
0.000000 1779.000000 0.000000 12.133183 0.000000 563.000000 0.000000 0.000000
0.000000 1779.000000 0.000000 11.974144 0.000000 563.000000 0.000000 0.000000
0.000000 1784.000000 1808.000000 16.517783 28.346095 556.000000 1.000000 35.122093
0.000000 1784.000000 1811.000000 15.527485 28.695883 556.000000 3.000000 61.837079
0.000000 1785.000000 0.000000 13.146749 0.000000 562.000000 0.000000 0.000000
0.000000 1785.000000 0.000000 14.250316 0.000000 562.000000 0.000000 0.000000
0.000000 1804.000000 1838.000000 13.860697 30.031116 566.000000 5.000000 131.819095
0.000000 1804.000000 0.000000 13.488679 0.000000 566.000000 0.000000 0.000000
0.000000 1806.000000 0.000000 13.405079 0.000000 567.000000 0.000000 0.000000
0.000000 1806.000000 0.000000 14.707167 0.000000 567.000000 0.000000 0.000000
0.000000 1808.000000 1839.000000 15.132319 25.829227 570.000000 1.000000 33.940789
0.000000 1808.000000 1838.000000 12.444835 25.904394 570.000000 2.000000 57.050633
0.000000 1811.000000 1840.000000 14.448634 30.330899 571.000000 5.000000 84.926316
0.000000 1811.000000 1845.000000 13.626167 27.863635 571.000000 7.000000 121.920455
0.000000 1838.000000 1872.000000 13.487442 27.996189 579.000000 3.000000 81.100559
0.000000 1838.000000 1882.000000 11.255976 31.538101 579.000000 7.000000 128.627358
0.000000 1838.000000 0.000000 17.014963 0.000000 574.000000 0.000000 0.000000
0.000000 1838.000000 0.000000 14.243702 0.000000 574.000000 0.000000 0.000000
0.000000 1839.000000 1881.000000 12.545288 28.760023 578.000000 1.000000 34.949721
0.000000 1839.000000 1874.000000 12.271029 28.569812 578.000000 2.000000 57.601093
0.000000 1840.000000 1877.000000 15.969729 37.690453 580.000000 7.000000 146.791667
0.000000 1840.000000 0.000000 14.454791 0.000000 580.000000 0.000000 0.000000
0.000000 1845.000000 0.000000 14.238475 0.000000 581.000000 0.000000 0.000000
0.000000 1845.000000 0.000000 14.538484 0.000000 581.000000 0.000000 0.000000
0.000000 1872.000000 1903.000000 13.439931 29.194839 582.000000 5.000000 128.546961
0.000000 1872.000000 0.000000 13.254462 0.000000 582.000000 0.000000 0.000000
0.000000 1874.000000 1904.000000 14.776997 29.250561 587.000000 3.000000 79.394872
0.000000 1874.000000 1908.000000 13.412028 28.190968 587.000000 5.000000 113.331579
0.000000 1877.000000 0.000000 18.645710 0.000000 588.000000 0.000000 0.000000
0.000000 1877.000000 0.000000 17.956190 0.000000 588.000000 0.000000 0.000000
0.000000 1881.000000 1912.000000 14.020473 27.994348 586.000000 1.000000 34.440476
0.000000 1881.000000 1915.000000 14.287936 31.302158 586.000000 3.000000 63.418719
0.000000 1882.000000 0.000000 15.604660 0.000000 583.000000 0.000000 0.000000
0.000000 1882.000000 0.000000 15.432848 0.000000 583.000000 0.000000 0.000000
0.000000 1903.000000 0.000000 14.585855 0.000000 592.000000 0.000000 0.000000
0.000000 1903.000000 0.000000 14.379414 0.000000 592.000000 0.000000 0.000000
0.000000 1904.000000 1935.000000 15.587740 32.203413 594.000000 5.000000 123.213636
0.000000 1904.000000 0.000000 13.382866 0.000000 594.000000 0.000000 0.000000
0.000000 1908.000000 0.000000 14.141787 0.000000 595.000000 0.000000 0.000000
0.000000 1908.000000 0.000000 13.082881 0.000000 595.000000 0.000000 0.000000
0.000000 1912.000000 1943.000000 12.891629 23.765017 598.000000 1.000000 32.267123
0.000000 1912.000000 1938.000000 14.594855 26.425545 598.000000 2.000000 52.817073
0.000000 1915.000000 1943.000000 14.484754 28.259225 599.000000 4.000000 83.778378
0.000000 1915.000000 1947.000000 15.717608 33.624706 599.000000 7.000000 120.545872
0.000000 1935.000000 0.000000 16.630650 0.000000 604.000000 0.000000 0.000000
0.000000 1935.000000 0.000000 15.700918 0.000000 604.000000 0.000000 0.000000
0.000000 1938.000000 1966.000000 12.669025 25.875627 609.000000 3.000000 65.785714
0.000000 1938.000000 1968.000000 13.296894 26.191354 609.000000 5.000000 91.988095
0.000000 1943.000000 1971.000000 13.290037 21.289671 608.000000 1.000000 31.218045
0.000000 1943.000000 1984.000000 9.439594 25.136937 608.000000 3.000000 59.701299
0.000000 1943.000000 1971.000000 14.577719 27.328174 610.000000 7.000000 121.925134
0.000000 1943.000000 0.000000 13.378899 0.000000 610.000000 0.000000 0.000000
0.000000 1947.000000 0.000000 16.645769 0.000000 611.000000 0.000000 0.000000
0.000000 1947.000000 0.000000 15.991723 0.000000 611.000000 0.000000 0.000000
0.000000 1966.000000 2006.000000 12.931751 32.634279 614.000000 5.000000 111.866029
0.000000 1966.000000 0.000000 12.232838 0.000000 614.000000 0.000000 0.000000
0.000000 1968.000000 0.000000 11.191036 0.000000 615.000000 0.000000 0.000000
0.000000 1968.000000 0.000000 13.769174 0.000000 615.000000 0.000000 0.000000
0.000000 1971.000000 2010.000000 10.798658 22.544725 616.000000 1.000000 32.205479
0.000000 1971.000000 2012.000000 9.204458 24.884330 616.000000 3.000000 56.549669
0.000000 1971.000000 0.000000 12.596367 0.000000 618.000000 0.000000 0.000000
0.000000 1971.000000 0.000000 14.043532 0.000000 618.000000 0.000000 0.000000
0.000000 1984.000000 2020.000000 11.395244 25.823385 617.000000 5.000000 89.981928
0.000000 1984.000000 2015.000000 12.414212 24.870695 617.000000 6.000000 103.307692
0.000000 2006.000000 0.000000 15.908803 0.000000 622.000000 0.000000 0.000000
0.000000 2006.000000 0.000000 16.362891 0.000000 622.000000 0.000000 0.000000
0.000000 2010.000000 2048.000000 10.982719 25.462021 626.000000 1.000000 34.084337
0.000000 2010.000000 2044.000000 11.317790 24.136177 626.000000 2.000000 55.307190
0.000000 2012.000000 2051.000000 12.371662 28.759183 627.000000 5.000000 88.342541
0.000000 2012.000000 2044.000000 12.183616 26.901650 627.000000 4.000000 101.193939
0.000000 2015.000000 0.000000 12.669620 0.000000 631.000000 0.000000 0.000000
0.000000 2015.000000 0.000000 11.100850 0.000000 631.000000 0.000000 0.000000
0.000000 2020.000000 0.000000 13.041358 0.000000 630.000000 0.000000 0.000000
0.000000 2020.000000 0.000000 12.358305 0.000000 630.000000 0.000000 0.000000
0.000000 2044.000000 2077.000000 11.167758 25.581683 635.000000 4.000000 82.072289
0.000000 2044.000000 2074.000000 11.182289 24.082546 635.000000 4.000000 100.267516
0.000000 2044.000000 0.000000 13.378735 0.000000 637.000000 0.000000 0.000000
0.000000 2044.000000 0.000000 12.283912 0.000000 637.000000 0.000000 0.000000
0.000000 2048.000000 2076.000000 13.383072 25.606728 634.000000 1.000000 33.963415
0.000000 2048.000000 2078.000000 12.219754 25.664009 634.000000 3.000000 58.855422
0.000000 2051.000000 2078.000000 14.180909 25.720337 636.000000 8.000000 133.135802
0.000000 2051.000000 0.000000 13.679637 0.000000 636.000000 0.000000 0.000000
0.000000 2074.000000 0.000000 11.935529 0.000000 643.000000 0.000000 0.000000
0.000000 2074.000000 0.000000 11.973998 0.000000 643.000000 0.000000 0.000000
0.000000 2076.000000 2102.000000 12.065847 22.973640 646.000000 1.000000 32.582781
0.000000 2076.000000 2103.000000 12.358305 22.558873 646.000000 3.000000 54.387755
0.000000 2077.000000 2110.000000 11.056397 25.514422 642.000000 7.000000 132.951220
0.000000 2077.000000 2102.000000 14.386063 24.852727 642.000000 6.000000 134.831325
0.000000 2078.000000 2110.000000 13.155345 27.029836 647.000000 5.000000 85.519774
0.000000 2078.000000 2115.000000 12.331989 28.295549 647.000000 7.000000 122.408602
0.000000 2078.000000 0.000000 13.382237 0.000000 648.000000 0.000000 0.000000
0.000000 2078.000000 0.000000 13.081629 0.000000 648.000000 0.000000 0.000000
0.000000 2102.000000 2141.000000 10.590771 24.064055 652.000000 1.000000 32.980392
0.000000 2102.000000 2131.000000 12.255553 23.560229 652.000000 2.000000 50.906250
0.000000 2102.000000 0.000000 12.171536 0.000000 655.000000 0.000000 0.000000
0.000000 2102.000000 0.000000 13.148521 0.000000 655.000000 0.000000 0.000000
0.000000 2103.000000 2141.000000 12.378844 29.346231 653.000000 4.000000 88.015385
0.000000 2103.000000 2133.000000 10.424807 20.971244 653.000000 5.000000 97.055944
0.000000 2110.000000 2141.000000 12.255553 27.262547 656.000000 7.000000 139.590909
0.000000 2110.000000 0.000000 14.033059 0.000000 656.000000 0.000000 0.000000
0.000000 2110.000000 0.000000 13.135132 0.000000 654.000000 0.000000 0.000000
0.000000 2110.000000 0.000000 13.496080 0.000000 654.000000 0.000000 0.000000
0.000000 2115.000000 0.000000 12.121597 0.000000 657.000000 0.000000 0.000000
0.000000 2115.000000 0.000000 15.232886 0.000000 657.000000 0.000000 0.000000
0.000000 2131.000000 2159.000000 12.317099 24.325479 661.000000 3.000000 66.578616
0.000000 2131.000000 2165.000000 12.350834 26.502117 661.000000 5.000000 99.477273
0.000000 2133.000000 0.000000 10.934479 0.000000 665.000000 0.000000 0.000000
0.000000 2133.000000 0.000000 10.206265 0.000000 665.000000 0.000000 0.000000
0.000000 2141.000000 2181.000000 12.838619 28.455167 660.000000 1.000000 34.989071
0.000000 2141.000000 2175.000000 11.207393 27.134203 660.000000 2.000000 57.411429
0.000000 2141.000000 0.000000 13.212004 0.000000 664.000000 0.000000 0.000000
0.000000 2141.000000 2161.000000 15.183194 25.670668 664.000000 7.000000 137.279762
0.000000 2141.000000 0.000000 13.221079 0.000000 666.000000 0.000000 0.000000
0.000000 2141.000000 0.000000 13.857871 0.000000 666.000000 0.000000 0.000000
0.000000 2159.000000 2192.000000 12.323883 27.613855 672.000000 5.000000 107.065574
0.000000 2159.000000 2193.000000 11.714841 29.691341 672.000000 7.000000 136.226316
0.000000 2161.000000 0.000000 13.459600 0.000000 679.000000 0.000000 0.000000
0.000000 2161.000000 0.000000 12.351428 0.000000 679.000000 0.000000 0.000000
0.000000 2165.000000 0.000000 13.032159 0.000000 673.000000 0.000000 0.000000
0.000000 2165.000000 0.000000 13.341098 0.000000 673.000000 0.000000 0.000000
0.000000 2175.000000 2203.000000 13.524033 26.837417 677.000000 3.000000 77.668571
0.000000 2175.000000 2206.000000 14.575842 29.487537 677.000000 5.000000 109.317708
0.000000 2181.000000 2214.000000 13.633070 29.190082 676.000000 1.000000 35.126984
0.000000 2181.000000 2208.000000 14.574221 27.875707 676.000000 2.000000 57.956284
0.000000 2192.000000 0.000000 13.360793 0.000000 682.000000 0.000000 0.000000
0.000000 2192.000000 0.000000 13.541213 0.000000 682.000000 0.000000 0.000000
0.000000 2193.000000 0.000000 14.039019 0.000000 683.000000 0.000000 0.000000
0.000000 2193.000000 0.000000 15.268319 0.000000 683.000000 0.000000 0.000000
0.000000 2203.000000 2234.000000 12.524578 28.933126 688.000000 5.000000 123.235294
0.000000 2203.000000 2233.000000 13.358949 28.365593 688.000000 6.000000 147.140625
0.000000 2206.000000 0.000000 13.335491 0.000000 689.000000 0.000000 0.000000
0.000000 2206.000000 0.000000 15.659624 0.000000 689.000000 0.000000 0.000000
0.000000 2208.000000 2237.000000 13.397517 26.767023 691.000000 3.000000 78.446328
0.000000 2208.000000 2237.000000 13.468990 27.249642 691.000000 4.000000 103.548023
0.000000 2214.000000 2240.000000 15.086911 26.539225 690.000000 1.000000 33.802326
0.000000 2214.000000 2241.000000 13.412028 25.665028 690.000000 3.000000 58.946429
0.000000 2233.000000 0.000000 13.208370 0.000000 697.000000 0.000000 0.000000
0.000000 2233.000000 0.000000 14.902462 0.000000 697.000000 0.000000 0.000000
0.000000 2234.000000 0.000000 13.357273 0.000000 696.000000 0.000000 0.000000
0.000000 2234.000000 0.000000 15.570700 0.000000 696.000000 0.000000 0.000000
0.000000 2237.000000 2271.000000 13.333718 29.980216 700.000000 5.000000 132.928571
0.000000 2237.000000 2265.000000 13.347595 27.084801 700.000000 6.000000 143.702703
0.000000 2237.000000 0.000000 13.412028 0.000000 701.000000 0.000000 0.000000
0.000000 2237.000000 0.000000 14.273072 0.000000 701.000000 0.000000 0.000000
0.000000 2240.000000 2272.000000 13.861129 27.860401 702.000000 1.000000 34.303371
0.000000 2240.000000 2272.000000 12.520726 28.285077 702.000000 2.000000 60.048913
0.000000 2241.000000 2271.000000 12.416376 24.265977 703.000000 3.000000 83.533333
0.000000 2241.000000 2271.000000 13.060202 25.844833 703.000000 4.000000 107.017341
0.000000 2265.000000 0.000000 13.425790 0.000000 709.000000 0.000000 0.000000
0.000000 2265.000000 0.000000 13.957150 0.000000 709.000000 0.000000 0.000000
0.000000 2271.000000 0.000000 12.094077 0.000000 714.000000 0.000000 0.000000
0.000000 2271.000000 2300.000000 12.255553 26.012096 714.000000 9.000000 152.353933
0.000000 2271.000000 0.000000 13.145098 0.000000 715.000000 0.000000 0.000000
0.000000 2271.000000 0.000000 12.255553 0.000000 715.000000 0.000000 0.000000
0.000000 2271.000000 0.000000 15.361098 0.000000 708.000000 0.000000 0.000000
0.000000 2271.000000 0.000000 14.918168 0.000000 708.000000 0.000000 0.000000
0.000000 2272.000000 2296.000000 13.993520 24.302244 712.000000 1.000000 32.966887
0.000000 2272.000000 2298.000000 12.318719 24.035858 712.000000 3.000000 56.093333
0.000000 2272.000000 2302.000000 14.695855 29.553955 713.000000 5.000000 85.474227
0.000000 2272.000000 2298.000000 13.720691 25.839248 713.000000 5.000000 102.888235
0.000000 2296.000000 2330.000000 13.077124 29.123377 724.000000 1.000000 34.892045
0.000000 2296.000000 2329.000000 11.178228 25.418356 724.000000 2.000000 59.248408
0.000000 2298.000000 2324.000000 11.153442 22.700153 725.000000 3.000000 75.435714
0.000000 2298.000000 2332.000000 11.556938 26.067464 725.000000 7.000000 112.908537
0.000000 2298.000000 0.000000 12.583527 0.000000 727.000000 0.000000 0.000000
0.000000 2298.000000 0.000000 12.561026 0.000000 727.000000 0.000000 0.000000
0.000000 2300.000000 0.000000 11.967949 0.000000 719.000000 0.000000 0.000000
0.000000 2300.000000 0.000000 14.062239 0.000000 719.000000 0.000000 0.000000
0.000000 2302.000000 2333.000000 14.254349 28.814779 726.000000 9.000000 141.380952
0.000000 2302.000000 0.000000 14.453834 0.000000 726.000000 0.000000 0.000000
0.000000 2324.000000 2361.000000 11.384983 26.698847 730.000000 5.000000 131.236364
0.000000 2324.000000 2356.000000 11.487625 25.296683 730.000000 6.000000 142.145349
0.000000 2329.000000 2361.000000 12.237883 25.245185 729.000000 3.000000 83.944444
0.000000 2329.000000 2367.000000 12.381878 28.217140 729.000000 6.000000 120.368984
0.000000 2330.000000 2361.000000 14.866789 28.976929 728.000000 1.000000 34.894444
0.000000 2330.000000 2370.000000 13.622284 31.296907 728.000000 3.000000 69.318408
0.000000 2332.000000 0.000000 12.283161 0.000000 731.000000 0.000000 0.000000
0.000000 2332.000000 0.000000 13.500346 0.000000 731.000000 0.000000 0.000000
0.000000 2333.000000 0.000000 13.721197 0.000000 736.000000 0.000000 0.000000
0.000000 2333.000000 0.000000 15.315583 0.000000 736.000000 0.000000 0.000000
0.000000 2356.000000 0.000000 11.963660 0.000000 739.000000 0.000000 0.000000
0.000000 2356.000000 0.000000 12.578514 0.000000 739.000000 0.000000 0.000000
0.000000 2361.000000 2384.000000 15.794288 27.123074 742.000000 1.000000 33.896341
0.000000 2361.000000 2399.000000 12.408481 29.109517 742.000000 3.000000 68.435484
0.000000 2361.000000 2397.000000 12.217051 28.909628 740.000000 6.000000 147.657895
0.000000 2361.000000 0.000000 13.259312 0.000000 740.000000 0.000000 0.000000
0.000000 2361.000000 0.000000 12.482015 0.000000 738.000000 0.000000 0.000000
0.000000 2361.000000 0.000000 15.064212 0.000000 738.000000 0.000000 0.000000
0.000000 2367.000000 0.000000 14.039019 0.000000 741.000000 0.000000 0.000000
0.000000 2367.000000 0.000000 14.541042 0.000000 741.000000 0.000000 0.000000
0.000000 2370.000000 2397.000000 13.078587 25.891942 743.000000 4.000000 92.276730
0.000000 2370.000000 2400.000000 17.341632 34.158355 743.000000 7.000000 124.426606
0.000000 2384.000000 2424.000000 13.077124 31.951889 750.000000 1.000000 36.362694
0.000000 2384.000000 2424.000000 13.762877 31.022811 750.000000 2.000000 65.432161
0.000000 2397.000000 0.000000 12.400254 0.000000 758.000000 0.000000 0.000000
0.000000 2397.000000 0.000000 12.219754 0.000000 758.000000 0.000000 0.000000
0.000000 2397.000000 0.000000 15.243982 0.000000 752.000000 0.000000 0.000000
0.000000 2397.000000 0.000000 13.545472 0.000000 752.000000 0.000000 0.000000
0.000000 2399.000000 2430.000000 15.608939 31.221990 751.000000 5.000000 104.604061
0.000000 2399.000000 2433.000000 12.582904 30.531014 751.000000 7.000000 139.293814
0.000000 2400.000000 0.000000 15.265305 0.000000 759.000000 0.000000 0.000000
0.000000 2400.000000 0.000000 17.449264 0.000000 759.000000 0.000000 0.000000
0.000000 2424.000000 2456.000000 16.946607 31.951493 760.000000 1.000000 36.290640
0.000000 2424.000000 2449.000000 14.632082 26.691415 760.000000 2.000000 59.335260
0.000000 2424.000000 2453.000000 15.360074 30.811750 761.000000 4.000000 91.291457
0.000000 2424.000000 2449.000000 15.587769 28.966783 761.000000 4.000000 110.571429
0.000000 2430.000000 0.000000 14.573175 0.000000 766.000000 0.000000 0.000000
0.000000 2430.000000 0.000000 15.713054 0.000000 766.000000 0.000000 0.000000
0.000000 2433.000000 0.000000 13.182272 0.000000 767.000000 0.000000 0.000000
0.000000 2433.000000 0.000000 16.269906 0.000000 767.000000 0.000000 0.000000
0.000000 2449.000000 2477.000000 13.378899 27.183240 771.000000 3.000000 80.511364
0.000000 2449.000000 2479.000000 12.359545 23.784563 771.000000 6.000000 108.927152
0.000000 2449.000000 0.000000 15.133763 0.000000 773.000000 0.000000 0.000000
0.000000 2449.000000 0.000000 12.484803 0.000000 773.000000 0.000000 0.000000
0.000000 2453.000000 2483.000000 14.632082 29.558966 772.000000 9.000000 145.216749
0.000000 2453.000000 0.000000 15.539069 0.000000 772.000000 0.000000 0.000000
0.000000 2456.000000 2478.000000 15.923844 25.857817 770.000000 1.000000 33.475000
0.000000 2456.000000 2479.000000 16.359272 27.495655 770.000000 3.000000 58.358824
0.000000 2477.000000 2507.000000 13.541005 26.603887 778.000000 6.000000 125.265537
0.000000 2477.000000 2505.000000 13.560840 27.602027 778.000000 6.000000 146.076087
0.000000 2478.000000 2518.000000 14.118602 30.448548 784.000000 1.000000 35.276243
0.000000 2478.000000 2510.000000 11.629343 25.111997 784.000000 2.000000 56.696774
0.000000 2479.000000 2505.000000 14.522553 26.711056 785.000000 3.000000 75.532544
0.000000 2479.000000 2510.000000 12.255850 25.636090 785.000000 5.000000 107.108434
0.000000 2479.000000 0.000000 11.283951 0.000000 779.000000 0.000000 0.000000
0.000000 2479.000000 0.000000 12.330015 0.000000 779.000000 0.000000 0.000000
0.000000 2483.000000 2485.000000 13.363002 32.669245 782.000000 9.000000 157.797235
0.000000 2483.000000 0.000000 15.209588 0.000000 782.000000 0.000000 0.000000
0.000000 2485.000000 0.000000 14.850514 0.000000 794.000000 0.000000 0.000000
0.000000 2485.000000 0.000000 16.193093 0.000000 794.000000 0.000000 0.000000
0.000000 2505.000000 2545.000000 12.356544 30.723955 790.000000 9.000000 136.349754
0.000000 2505.000000 0.000000 13.341098 0.000000 790.000000 0.000000 0.000000
0.000000 2505.000000 0.000000 11.902093 0.000000 787.000000 0.000000 0.000000
0.000000 2505.000000 0.000000 15.027422 0.000000 787.000000 0.000000 0.000000
0.000000 2507.000000 0.000000 12.742465 0.000000 786.000000 0.000000 0.000000
0.000000 2507.000000 0.000000 14.275111 0.000000 786.000000 0.000000 0.000000
0.000000 2510.000000 2543.000000 12.540962 26.928347 789.000000 3.000000 80.529070
0.000000 2510.000000 2543.000000 12.316199 25.807308 789.000000 4.000000 104.904192
0.000000 2510.000000 0.000000 12.373469 0.000000 791.000000 0.000000 0.000000
0.000000 2510.000000 0.000000 12.459217 0.000000 791.000000 0.000000 0.000000
0.000000 2518.000000 2543.000000 15.672186 25.561936 788.000000 1.000000 33.138158
0.000000 2518.000000 2544.000000 14.579242 24.963259 788.000000 3.000000 57.398734
0.000000 2543.000000 2576.000000 14.304125 27.192584 808.000000 1.000000 34.674419
0.000000 2543.000000 2589.000000 11.266918 32.297119 808.000000 3.000000 71.786070
0.000000 2543.000000 2576.000000 12.400254 28.032135 804.000000 6.000000 132.965714
0.000000 2543.000000 2575.000000 13.335491 28.326926 804.000000 6.000000 156.216931
0.000000 2543.000000 0.000000 12.130821 0.000000 805.000000 0.000000 0.000000
0.000000 2543.000000 0.000000 13.670074 0.000000 805.000000 0.000000 0.000000
0.000000 2544.000000 2586.000000 12.354523 33.169992 809.000000 4.000000 98.844037
0.000000 2544.000000 2575.000000 11.533141 26.209349 809.000000 4.000000 104.842767
0.000000 2545.000000 0.000000 14.626722 0.000000 798.000000 0.000000 0.000000
0.000000 2545.000000 0.000000 16.243309 0.000000 798.000000 0.000000 0.000000
0.000000 2575.000000 0.000000 13.353239 0.000000 817.000000 0.000000 0.000000
0.000000 2575.000000 0.000000 12.241164 0.000000 817.000000 0.000000 0.000000
0.000000 2575.000000 0.000000 14.475235 0.000000 813.000000 0.000000 0.000000
0.000000 2575.000000 0.000000 14.038410 0.000000 813.000000 0.000000 0.000000
0.000000 2576.000000 2608.000000 13.123613 28.234970 810.000000 1.000000 34.550000
0.000000 2576.000000 2629.000000 13.584091 48.632343 810.000000 3.000000 83.812102
0.000000 2576.000000 0.000000 13.297560 0.000000 812.000000 0.000000 0.000000
0.000000 2576.000000 0.000000 14.029996 0.000000 812.000000 0.000000 0.000000
0.000000 2586.000000 2614.000000 17.647330 35.024359 816.000000 6.000000 157.581081
0.000000 2586.000000 2603.000000 15.738948 26.571498 816.000000 6.000000 147.459302
0.000000 2589.000000 2615.000000 17.595961 31.335685 811.000000 4.000000 99.490291
0.000000 2589.000000 2621.000000 14.337197 33.382225 811.000000 6.000000 141.461538
0.000000 2603.000000 0.000000 13.401966 0.000000 829.000000 0.000000 0.000000
0.000000 2603.000000 0.000000 13.212004 0.000000 829.000000 0.000000 0.000000
1.000000 2608.000000 0.000000 13.968457 0.000000 824.000000 0.000000 0.000000
0.000000 2608.000000 2639.000000 13.341098 28.688002 824.000000 2.000000 59.406250
0.000000 2614.000000 0.000000 16.086202 0.000000 828.000000 0.000000 0.000000
0.000000 2614.000000 0.000000 17.649871 0.000000 828.000000 0.000000 0.000000
0.000000 2615.000000 2640.000000 15.797081 27.564586 830.000000 6.000000 143.800000
0.000000 2615.000000 0.000000 15.262555 0.000000 830.000000 0.000000 0.000000
0.000000 2621.000000 0.000000 15.208535 0.000000 831.000000 0.000000 0.000000
0.000000 2621.000000 0.000000 17.482513 0.000000 831.000000 0.000000 0.000000
4.000000 2629.000000 0.000000 24.922292 0.000000 825.000000 0.000000 0.000000
5.000000 2629.000000 0.000000 22.886733 0.000000 825.000000 0.000000 0.000000
2.000000 2639.000000 0.000000 13.621880 0.000000 835.000000 0.000000 0.000000
3.000000 2639.000000 0.000000 14.254349 0.000000 835.000000 0.000000 0.000000
6.000000 2640.000000 0.000000 12.931224 0.000000 838.000000 0.000000 0.000000
7.000000 2640.000000 0.000000 14.074832 0.000000 838.000000 0.000000 0.000000
