0.000000 0.000000 18.000000 0.000000 29.058544 0.000000 1.000000 36.302703
0.000000 0.000000 13.000000 0.000000 28.037817 0.000000 2.000000 59.982558
0.000000 0.000000 21.000000 0.000000 28.435701 0.000000 5.000000 96.309942
0.000000 0.000000 20.000000 0.000000 30.711547 0.000000 6.000000 121.429293
0.000000 0.000000 8.000000 0.000000 27.464548 0.000000 5.000000 123.012048
0.000000 0.000000 9.000000 0.000000 28.711374 0.000000 7.000000 151.843023
0.000000 0.000000 0.000000 0.000000 0.000000 0.000000 0.000000 0.000000
0.000000 8.000000 0.000000 13.261476 0.000000 5.000000 0.000000 0.000000
0.000000 8.000000 0.000000 14.098723 0.000000 5.000000 0.000000 0.000000
0.000000 9.000000 0.000000 13.106524 0.000000 6.000000 0.000000 0.000000
0.000000 9.000000 0.000000 14.368862 0.000000 6.000000 0.000000 0.000000
0.000000 13.000000 40.000000 13.376072 24.597299 2.000000 3.000000 77.689873
0.000000 13.000000 43.000000 13.777537 26.166862 2.000000 5.000000 104.981707
0.000000 18.000000 53.000000 15.953008 33.461517 1.000000 1.000000 38.647059
0.000000 18.000000 49.000000 12.394755 26.439046 1.000000 2.000000 63.502959
0.000000 20.000000 0.000000 15.148968 0.000000 4.000000 0.000000 0.000000
0.000000 20.000000 0.000000 15.513037 0.000000 4.000000 0.000000 0.000000
0.000000 21.000000 50.000000 13.498601 28.664729 3.000000 8.000000 149.835165
0.000000 21.000000 0.000000 14.165748 0.000000 3.000000 0.000000 0.000000
0.000000 40.000000 75.000000 11.317790 24.645894 12.000000 5.000000 130.525000
0.000000 40.000000 71.000000 13.188877 27.610029 12.000000 6.000000 144.942197
0.000000 43.000000 0.000000 13.412028 0.000000 13.000000 0.000000 0.000000
0.000000 43.000000 0.000000 11.343819 0.000000 13.000000 0.000000 0.000000
0.000000 49.000000 81.000000 13.016542 28.755915 15.000000 4.000000 94.390374
0.000000 49.000000 82.000000 13.486995 28.481088 15.000000 6.000000 123.220430
0.000000 50.000000 0.000000 12.425742 0.000000 18.000000 0.000000 0.000000
0.000000 50.000000 0.000000 15.044181 0.000000 18.000000 0.000000 0.000000
0.000000 53.000000 83.000000 16.497754 31.820368 14.000000 1.000000 38.532020
0.000000 53.000000 79.000000 16.587024 31.049573 14.000000 2.000000 64.502488
0.000000 71.000000 0.000000 11.983511 0.000000 21.000000 0.000000 0.000000
0.000000 71.000000 0.000000 14.102452 0.000000 21.000000 0.000000 0.000000
0.000000 75.000000 0.000000 12.211376 0.000000 20.000000 0.000000 0.000000
0.000000 75.000000 0.000000 11.954737 0.000000 20.000000 0.000000 0.000000
0.000000 79.000000 106.000000 16.699080 30.033719 29.000000 3.000000 88.015000
0.000000 79.000000 106.000000 13.310875 26.826780 29.000000 4.000000 114.465517
0.000000 81.000000 108.000000 13.037775 26.623557 24.000000 7.000000 144.706215
0.000000 81.000000 0.000000 14.138360 0.000000 24.000000 0.000000 0.000000
0.000000 82.000000 0.000000 15.479596 0.000000 25.000000 0.000000 0.000000
0.000000 82.000000 0.000000 12.330015 0.000000 25.000000 0.000000 0.000000
0.000000 83.000000 114.000000 16.422445 32.939811 28.000000 1.000000 39.040000
0.000000 83.000000 114.000000 15.664324 33.734086 28.000000 2.000000 69.283105
0.000000 106.000000 136.000000 14.476188 30.549841 34.000000 5.000000 139.768041
0.000000 106.000000 129.000000 15.662506 28.893280 34.000000 6.000000 147.561497
0.000000 106.000000 0.000000 13.259380 0.000000 35.000000 0.000000 0.000000
0.000000 106.000000 0.000000 13.248294 0.000000 35.000000 0.000000 0.000000
0.000000 108.000000 0.000000 13.407117 0.000000 36.000000 0.000000 0.000000
0.000000 108.000000 0.000000 12.820015 0.000000 36.000000 0.000000 0.000000
0.000000 114.000000 142.000000 16.111542 29.323593 40.000000 1.000000 37.721591
0.000000 114.000000 144.000000 15.789993 32.919531 40.000000 3.000000 67.727273
0.000000 114.000000 140.000000 16.913376 31.614345 41.000000 3.000000 91.392157
0.000000 114.000000 143.000000 16.402046 34.426553 41.000000 6.000000 128.827273
0.000000 129.000000 0.000000 13.921534 0.000000 43.000000 0.000000 0.000000
0.000000 129.000000 0.000000 14.415017 0.000000 43.000000 0.000000 0.000000
0.000000 136.000000 0.000000 14.332221 0.000000 42.000000 0.000000 0.000000
0.000000 136.000000 0.000000 16.438135 0.000000 42.000000 0.000000 0.000000
0.000000 140.000000 173.000000 15.533120 34.827452 50.000000 7.000000 153.052174
0.000000 140.000000 0.000000 15.507179 0.000000 50.000000 0.000000 0.000000
0.000000 142.000000 175.000000 14.281428 28.033552 48.000000 1.000000 37.055215
0.000000 142.000000 171.000000 14.531448 28.517516 48.000000 2.000000 61.122807
0.000000 143.000000 0.000000 17.928902 0.000000 51.000000 0.000000 0.000000
0.000000 143.000000 0.000000 16.791028 0.000000 51.000000 0.000000 0.000000
0.000000 144.000000 168.000000 16.883117 30.600191 49.000000 3.000000 85.031250
0.000000 144.000000 174.000000 15.711000 32.113007 49.000000 6.000000 124.947619
0.000000 168.000000 194.000000 14.516196 26.946024 62.000000 5.000000 117.285714
0.000000 168.000000 191.000000 15.638006 26.560979 62.000000 6.000000 136.229412
0.000000 171.000000 203.000000 13.458794 29.266757 59.000000 3.000000 80.542373
0.000000 171.000000 203.000000 14.632082 29.005328 59.000000 4.000000 107.621469
0.000000 173.000000 0.000000 15.307791 0.000000 56.000000 0.000000 0.000000
0.000000 173.000000 0.000000 18.907244 0.000000 56.000000 0.000000 0.000000
0.000000 174.000000 0.000000 15.559216 0.000000 63.000000 0.000000 0.000000
0.000000 174.000000 0.000000 16.630774 0.000000 63.000000 0.000000 0.000000
0.000000 175.000000 204.000000 14.248668 24.033777 58.000000 1.000000 35.925676
0.000000 175.000000 213.000000 12.278390 26.552889 58.000000 3.000000 64.470588
0.000000 191.000000 0.000000 13.361695 0.000000 65.000000 0.000000 0.000000
0.000000 191.000000 0.000000 14.224673 0.000000 65.000000 0.000000 0.000000
0.000000 194.000000 0.000000 12.303616 0.000000 64.000000 0.000000 0.000000
0.000000 194.000000 0.000000 14.132462 0.000000 64.000000 0.000000 0.000000
0.000000 203.000000 235.000000 14.592274 30.050240 66.000000 5.000000 121.137566
0.000000 203.000000 234.000000 13.499797 29.306522 66.000000 6.000000 145.867347
0.000000 203.000000 0.000000 14.566135 0.000000 67.000000 0.000000 0.000000
0.000000 203.000000 0.000000 14.797370 0.000000 67.000000 0.000000 0.000000
0.000000 204.000000 245.000000 11.451396 27.236451 72.000000 1.000000 37.126506
0.000000 204.000000 241.000000 12.088979 25.772425 72.000000 2.000000 59.920245
0.000000 213.000000 244.000000 13.392022 27.900382 73.000000 4.000000 88.846995
0.000000 213.000000 247.000000 12.224060 26.385502 73.000000 7.000000 119.461078
0.000000 234.000000 0.000000 14.298773 0.000000 79.000000 0.000000 0.000000
0.000000 234.000000 0.000000 14.323183 0.000000 79.000000 0.000000 0.000000
0.000000 235.000000 0.000000 15.416792 0.000000 78.000000 0.000000 0.000000
0.000000 235.000000 0.000000 15.395987 0.000000 78.000000 0.000000 0.000000
0.000000 241.000000 278.000000 13.155345 28.173250 83.000000 3.000000 88.994536
0.000000 241.000000 278.000000 12.861341 30.678964 83.000000 4.000000 116.257426
0.000000 244.000000 276.000000 13.467310 27.766935 84.000000 5.000000 137.914773
0.000000 244.000000 0.000000 14.284740 0.000000 84.000000 0.000000 0.000000
0.000000 245.000000 287.000000 14.015141 35.564212 82.000000 1.000000 40.876147
0.000000 245.000000 294.000000 13.125819 35.924005 82.000000 3.000000 78.717489
0.000000 247.000000 0.000000 12.910039 0.000000 85.000000 0.000000 0.000000
0.000000 247.000000 0.000000 13.337256 0.000000 85.000000 0.000000 0.000000
0.000000 276.000000 0.000000 12.426719 0.000000 92.000000 0.000000 0.000000
0.000000 276.000000 0.000000 14.308552 0.000000 92.000000 0.000000 0.000000
0.000000 278.000000 311.000000 14.655680 30.536199 90.000000 5.000000 142.636364
0.000000 278.000000 0.000000 13.553733 0.000000 90.000000 0.000000 0.000000
0.000000 278.000000 0.000000 15.189034 0.000000 91.000000 0.000000 0.000000
0.000000 278.000000 0.000000 14.680305 0.000000 91.000000 0.000000 0.000000
0.000000 287.000000 324.000000 14.158763 28.850170 94.000000 1.000000 37.937143
0.000000 287.000000 326.000000 21.204596 51.771280 94.000000 3.000000 75.448598
0.000000 294.000000 320.000000 17.906453 33.718684 95.000000 3.000000 104.781991
0.000000 294.000000 316.000000 18.228231 30.130093 95.000000 4.000000 125.666667
0.000000 311.000000 0.000000 15.434062 0.000000 100.000000 0.000000 0.000000
0.000000 311.000000 0.000000 14.336707 0.000000 100.000000 0.000000 0.000000
0.000000 316.000000 0.000000 14.430586 0.000000 107.000000 0.000000 0.000000
0.000000 316.000000 0.000000 15.446243 0.000000 107.000000 0.000000 0.000000
0.000000 320.000000 0.000000 17.686686 0.000000 106.000000 0.000000 0.000000
0.000000 320.000000 0.000000 15.488965 0.000000 106.000000 0.000000 0.000000
0.000000 324.000000 360.000000 16.028957 33.208010 104.000000 1.000000 40.033816
0.000000 324.000000 359.000000 11.602692 25.625049 104.000000 2.000000 65.993976
0.000000 326.000000 352.000000 23.875229 42.384136 105.000000 3.000000 89.755639
0.000000 326.000000 0.000000 27.274754 0.000000 105.000000 0.000000 0.000000
0.000000 352.000000 373.000000 17.908767 28.237221 116.000000 5.000000 111.093567
0.000000 352.000000 0.000000 25.901964 0.000000 116.000000 0.000000 0.000000
0.000000 359.000000 387.000000 13.401494 26.497950 115.000000 4.000000 91.650888
0.000000 359.000000 391.000000 12.021480 23.377046 115.000000 6.000000 123.895833
0.000000 360.000000 393.000000 17.442054 34.549702 114.000000 1.000000 40.401914
0.000000 360.000000 386.000000 15.639651 29.226031 114.000000 2.000000 64.565217
0.000000 373.000000 0.000000 14.546901 0.000000 118.000000 0.000000 0.000000
0.000000 373.000000 0.000000 13.246111 0.000000 118.000000 0.000000 0.000000
0.000000 386.000000 412.000000 14.599351 27.847767 123.000000 3.000000 85.094972
0.000000 386.000000 414.000000 13.584853 27.810203 123.000000 5.000000 114.885057
0.000000 387.000000 0.000000 12.428170 0.000000 120.000000 0.000000 0.000000
0.000000 387.000000 0.000000 12.861802 0.000000 120.000000 0.000000 0.000000
0.000000 391.000000 0.000000 10.944405 0.000000 121.000000 0.000000 0.000000
0.000000 391.000000 0.000000 11.813892 0.000000 121.000000 0.000000 0.000000
0.000000 393.000000 422.000000 18.401254 34.442062 122.000000 1.000000 40.478469
0.000000 393.000000 421.000000 15.638006 30.159491 122.000000 2.000000 68.969231
0.000000 412.000000 448.000000 13.584718 29.986178 126.000000 6.000000 143.037234
0.000000 412.000000 441.000000 14.496687 29.664907 126.000000 6.000000 150.479798
0.000000 414.000000 0.000000 14.367205 0.000000 127.000000 0.000000 0.000000
0.000000 414.000000 0.000000 13.343890 0.000000 127.000000 0.000000 0.000000
0.000000 421.000000 455.000000 14.478887 32.385227 133.000000 5.000000 102.899038
0.000000 421.000000 0.000000 14.611690 0.000000 133.000000 0.000000 0.000000
0.000000 422.000000 449.000000 18.747597 30.936327 132.000000 1.000000 38.905263
0.000000 422.000000 446.000000 15.418565 26.665525 132.000000 2.000000 62.898734
0.000000 441.000000 0.000000 15.593148 0.000000 135.000000 0.000000 0.000000
0.000000 441.000000 0.000000 13.470649 0.000000 135.000000 0.000000 0.000000
0.000000 446.000000 475.000000 13.484749 25.569145 141.000000 3.000000 84.136646
0.000000 446.000000 485.000000 12.529010 31.485350 141.000000 7.000000 130.317949
0.000000 448.000000 0.000000 15.493457 0.000000 134.000000 0.000000 0.000000
0.000000 448.000000 0.000000 14.235686 0.000000 134.000000 0.000000 0.000000
0.000000 449.000000 478.000000 16.070476 27.462328 140.000000 1.000000 37.146341
0.000000 449.000000 478.000000 13.546076 28.084162 140.000000 2.000000 62.994475
0.000000 455.000000 0.000000 16.746156 0.000000 138.000000 0.000000 0.000000
0.000000 455.000000 0.000000 15.254254 0.000000 138.000000 0.000000 0.000000
0.000000 475.000000 506.000000 13.412028 26.387567 144.000000 5.000000 127.689655
0.000000 475.000000 0.000000 11.284572 0.000000 144.000000 0.000000 0.000000
0.000000 478.000000 514.000000 14.117317 29.732084 148.000000 1.000000 38.285714
0.000000 478.000000 518.000000 12.425892 30.397973 148.000000 3.000000 68.000000
0.000000 478.000000 516.000000 13.225014 30.159751 149.000000 4.000000 93.015385
0.000000 478.000000 511.000000 14.662305 29.534542 149.000000 4.000000 111.842105
0.000000 485.000000 0.000000 14.123323 0.000000 145.000000 0.000000 0.000000
0.000000 485.000000 0.000000 16.535650 0.000000 145.000000 0.000000 0.000000
0.000000 506.000000 0.000000 12.994881 0.000000 152.000000 0.000000 0.000000
0.000000 506.000000 0.000000 13.098455 0.000000 152.000000 0.000000 0.000000
0.000000 511.000000 0.000000 14.390150 0.000000 157.000000 0.000000 0.000000
0.000000 511.000000 0.000000 14.685838 0.000000 157.000000 0.000000 0.000000
0.000000 514.000000 546.000000 15.264310 28.629007 154.000000 1.000000 37.819209
0.000000 514.000000 545.000000 13.576477 29.124677 154.000000 2.000000 63.417582
0.000000 516.000000 546.000000 16.822367 32.187354 156.000000 6.000000 144.894231
0.000000 516.000000 541.000000 14.171589 27.362703 156.000000 6.000000 154.076923
0.000000 518.000000 550.000000 14.143278 30.181333 155.000000 5.000000 97.837838
0.000000 518.000000 547.000000 14.662513 28.972260 155.000000 6.000000 118.354497
0.000000 541.000000 0.000000 12.303594 0.000000 167.000000 0.000000 0.000000
0.000000 541.000000 0.000000 14.194991 0.000000 167.000000 0.000000 0.000000
0.000000 545.000000 576.000000 13.514689 28.604827 165.000000 4.000000 85.741758
0.000000 545.000000 571.000000 15.687505 26.531107 165.000000 4.000000 103.598802
0.000000 546.000000 583.000000 15.112379 31.847494 164.000000 1.000000 39.383838
0.000000 546.000000 574.000000 12.416269 23.942193 164.000000 2.000000 58.954545
0.000000 546.000000 0.000000 13.391776 0.000000 166.000000 0.000000 0.000000
0.000000 546.000000 0.000000 18.349491 0.000000 166.000000 0.000000 0.000000
0.000000 547.000000 0.000000 14.512612 0.000000 169.000000 0.000000 0.000000
0.000000 547.000000 0.000000 13.738576 0.000000 169.000000 0.000000 0.000000
0.000000 550.000000 0.000000 15.372848 0.000000 168.000000 0.000000 0.000000
0.000000 550.000000 0.000000 14.012389 0.000000 168.000000 0.000000 0.000000
0.000000 571.000000 0.000000 12.354571 0.000000 173.000000 0.000000 0.000000
0.000000 571.000000 0.000000 13.236943 0.000000 173.000000 0.000000 0.000000
0.000000 574.000000 617.000000 10.258962 29.722627 175.000000 5.000000 98.907692
0.000000 574.000000 614.000000 13.499797 29.014533 175.000000 5.000000 119.315789
0.000000 576.000000 601.000000 13.372264 24.265322 172.000000 5.000000 117.532051
0.000000 576.000000 605.000000 14.343405 29.493003 172.000000 7.000000 152.964824
0.000000 583.000000 612.000000 16.982289 29.886989 174.000000 1.000000 38.565934
0.000000 583.000000 615.000000 13.663728 31.223402 174.000000 3.000000 67.951613
0.000000 601.000000 0.000000 11.310788 0.000000 186.000000 0.000000 0.000000
0.000000 601.000000 0.000000 11.946348 0.000000 186.000000 0.000000 0.000000
0.000000 605.000000 0.000000 14.319556 0.000000 187.000000 0.000000 0.000000
0.000000 605.000000 0.000000 15.066129 0.000000 187.000000 0.000000 0.000000
0.000000 612.000000 643.000000 15.309966 29.353315 188.000000 1.000000 38.394444
0.000000 612.000000 643.000000 14.697885 27.538516 188.000000 2.000000 64.238095
0.000000 614.000000 0.000000 13.520672 0.000000 185.000000 0.000000 0.000000
0.000000 614.000000 0.000000 14.557038 0.000000 185.000000 0.000000 0.000000
0.000000 615.000000 643.000000 14.543397 28.050308 189.000000 3.000000 90.346821
0.000000 615.000000 643.000000 15.773436 27.949653 189.000000 4.000000 116.044944
0.000000 617.000000 646.000000 14.547401 28.631652 184.000000 9.000000 150.545455
0.000000 617.000000 0.000000 14.318847 0.000000 184.000000 0.000000 0.000000
0.000000 643.000000 681.000000 14.753848 32.985016 194.000000 1.000000 40.164948
0.000000 643.000000 671.000000 13.491037 25.717689 194.000000 2.000000 61.060976
0.000000 643.000000 674.000000 15.643430 30.070624 195.000000 4.000000 91.255102
0.000000 643.000000 681.000000 12.295787 30.171782 195.000000 6.000000 134.108808
0.000000 643.000000 673.000000 13.499797 26.683871 198.000000 6.000000 139.491018
0.000000 643.000000 670.000000 14.236103 26.302045 198.000000 6.000000 156.323699
0.000000 643.000000 0.000000 13.697197 0.000000 199.000000 0.000000 0.000000
0.000000 643.000000 0.000000 13.184914 0.000000 199.000000 0.000000 0.000000
0.000000 646.000000 0.000000 14.448634 0.000000 200.000000 0.000000 0.000000
0.000000 646.000000 0.000000 14.185455 0.000000 200.000000 0.000000 0.000000
0.000000 670.000000 0.000000 11.935529 0.000000 207.000000 0.000000 0.000000
0.000000 670.000000 0.000000 13.897907 0.000000 207.000000 0.000000 0.000000
0.000000 671.000000 705.000000 13.650424 28.162144 203.000000 3.000000 85.872928
0.000000 671.000000 711.000000 12.171888 29.052700 203.000000 5.000000 123.609626
0.000000 673.000000 675.000000 13.093131 28.711150 206.000000 7.000000 145.548913
0.000000 673.000000 0.000000 13.037775 0.000000 206.000000 0.000000 0.000000
0.000000 674.000000 701.000000 15.139575 27.305936 204.000000 5.000000 127.010989
0.000000 674.000000 0.000000 14.757343 0.000000 204.000000 0.000000 0.000000
0.000000 675.000000 0.000000 13.162747 0.000000 216.000000 0.000000 0.000000
0.000000 675.000000 0.000000 14.747986 0.000000 216.000000 0.000000 0.000000
0.000000 681.000000 716.000000 16.602595 33.963123 202.000000 1.000000 40.834171
0.000000 681.000000 714.000000 15.536210 30.180659 202.000000 2.000000 68.963351
0.000000 681.000000 0.000000 15.461795 0.000000 205.000000 0.000000 0.000000
0.000000 681.000000 0.000000 14.358631 0.000000 205.000000 0.000000 0.000000
0.000000 701.000000 0.000000 12.285402 0.000000 218.000000 0.000000 0.000000
0.000000 701.000000 0.000000 14.450168 0.000000 218.000000 0.000000 0.000000
0.000000 705.000000 0.000000 13.519371 0.000000 214.000000 0.000000 0.000000
0.000000 705.000000 734.000000 14.284529 28.841378 214.000000 6.000000 149.383838
0.000000 711.000000 0.000000 14.150234 0.000000 215.000000 0.000000 0.000000
0.000000 711.000000 0.000000 14.358786 0.000000 215.000000 0.000000 0.000000
0.000000 714.000000 741.000000 15.588591 28.883226 223.000000 3.000000 89.440217
0.000000 714.000000 0.000000 13.552656 0.000000 223.000000 0.000000 0.000000
0.000000 716.000000 748.000000 19.011333 34.137249 222.000000 1.000000 40.890995
0.000000 716.000000 747.000000 14.630540 29.428365 222.000000 2.000000 69.593220
0.000000 734.000000 0.000000 14.343405 0.000000 229.000000 0.000000 0.000000
0.000000 734.000000 0.000000 13.921534 0.000000 229.000000 0.000000 0.000000
0.000000 741.000000 772.000000 13.468821 28.146262 232.000000 5.000000 139.194444
0.000000 741.000000 0.000000 15.575866 0.000000 232.000000 0.000000 0.000000
0.000000 747.000000 775.000000 14.438790 26.905725 235.000000 4.000000 92.631579
0.000000 747.000000 772.000000 14.651010 27.372116 235.000000 4.000000 112.853801
0.000000 748.000000 780.000000 17.614737 32.994501 234.000000 1.000000 40.745000
0.000000 748.000000 773.000000 15.866126 29.194638 234.000000 2.000000 64.455556
0.000000 772.000000 0.000000 14.354033 0.000000 241.000000 0.000000 0.000000
0.000000 772.000000 0.000000 12.131899 0.000000 241.000000 0.000000 0.000000
0.000000 772.000000 0.000000 13.151051 0.000000 238.000000 0.000000 0.000000
0.000000 772.000000 0.000000 15.922407 0.000000 238.000000 0.000000 0.000000
0.000000 773.000000 804.000000 14.632082 29.792892 243.000000 3.000000 90.948454
0.000000 773.000000 807.000000 13.480787 29.541880 243.000000 6.000000 124.841837
0.000000 775.000000 0.000000 13.468821 0.000000 240.000000 0.000000 0.000000
0.000000 775.000000 0.000000 13.989823 0.000000 240.000000 0.000000 0.000000
0.000000 780.000000 806.000000 17.566391 30.294473 242.000000 1.000000 39.131868
0.000000 780.000000 809.000000 15.329124 30.309781 242.000000 3.000000 69.041885
0.000000 804.000000 0.000000 15.700274 0.000000 248.000000 0.000000 0.000000
0.000000 804.000000 831.000000 14.086696 28.285248 248.000000 6.000000 160.340426
0.000000 806.000000 835.000000 15.452638 27.058760 252.000000 1.000000 37.572327
0.000000 806.000000 836.000000 13.355979 29.471850 252.000000 3.000000 64.393443
0.000000 807.000000 0.000000 14.422781 0.000000 249.000000 0.000000 0.000000
0.000000 807.000000 0.000000 14.354033 0.000000 249.000000 0.000000 0.000000
0.000000 809.000000 842.000000 15.584702 35.537610 253.000000 5.000000 103.598214
0.000000 809.000000 839.000000 14.623741 31.719326 253.000000 6.000000 128.603015
0.000000 831.000000 0.000000 14.627305 0.000000 255.000000 0.000000 0.000000
0.000000 831.000000 0.000000 14.298773 0.000000 255.000000 0.000000 0.000000
0.000000 835.000000 871.000000 13.187957 27.797596 256.000000 1.000000 38.208092
0.000000 835.000000 867.000000 13.431465 28.013987 256.000000 2.000000 61.906077
0.000000 836.000000 873.000000 14.872317 38.304045 257.000000 5.000000 100.402597
0.000000 836.000000 864.000000 14.453624 26.284487 257.000000 4.000000 112.487654
0.000000 839.000000 0.000000 14.466146 0.000000 261.000000 0.000000 0.000000
0.000000 839.000000 0.000000 16.453546 0.000000 261.000000 0.000000 0.000000
0.000000 842.000000 865.000000 18.729701 30.982974 260.000000 6.000000 142.205000
0.000000 842.000000 0.000000 15.538021 0.000000 260.000000 0.000000 0.000000
0.000000 864.000000 0.000000 13.393050 0.000000 267.000000 0.000000 0.000000
0.000000 864.000000 0.000000 12.456008 0.000000 267.000000 0.000000 0.000000
0.000000 865.000000 0.000000 14.758912 0.000000 270.000000 0.000000 0.000000
0.000000 865.000000 0.000000 16.144747 0.000000 270.000000 0.000000 0.000000
0.000000 867.000000 897.000000 14.499580 27.746139 265.000000 3.000000 83.066298
0.000000 867.000000 902.000000 14.466559 31.246955 265.000000 7.000000 119.225000
0.000000 871.000000 901.000000 13.821955 26.650824 264.000000 1.000000 37.809524
0.000000 871.000000 901.000000 13.277404 26.721209 264.000000 2.000000 62.359756
0.000000 873.000000 895.000000 19.147636 31.431801 266.000000 5.000000 132.836735
0.000000 873.000000 0.000000 18.492782 0.000000 266.000000 0.000000 0.000000
0.000000 895.000000 0.000000 15.778822 0.000000 280.000000 0.000000 0.000000
0.000000 895.000000 0.000000 15.554885 0.000000 280.000000 0.000000 0.000000
0.000000 897.000000 923.000000 15.537641 26.459437 276.000000 5.000000 118.333333
0.000000 897.000000 0.000000 11.936593 0.000000 276.000000 0.000000 0.000000
0.000000 901.000000 928.000000 13.512568 24.525369 278.000000 1.000000 36.473684
0.000000 901.000000 933.000000 13.392022 27.981152 278.000000 3.000000 63.630058
0.000000 901.000000 930.000000 12.358304 25.364612 279.000000 4.000000 85.006173
0.000000 901.000000 931.000000 12.529779 25.395873 279.000000 6.000000 110.050000
0.000000 902.000000 0.000000 15.278911 0.000000 277.000000 0.000000 0.000000
0.000000 902.000000 0.000000 16.027103 0.000000 277.000000 0.000000 0.000000
0.000000 923.000000 0.000000 13.385164 0.000000 284.000000 0.000000 0.000000
0.000000 923.000000 0.000000 12.393623 0.000000 284.000000 0.000000 0.000000
0.000000 928.000000 962.000000 11.090021 24.534314 286.000000 1.000000 36.539474
0.000000 928.000000 963.000000 13.225014 29.527574 286.000000 3.000000 61.224719
0.000000 930.000000 962.000000 13.412028 28.730118 288.000000 5.000000 138.516304
0.000000 930.000000 956.000000 11.122554 22.443287 288.000000 6.000000 145.235714
0.000000 931.000000 0.000000 13.366365 0.000000 289.000000 0.000000 0.000000
0.000000 931.000000 0.000000 11.182289 0.000000 289.000000 0.000000 0.000000
0.000000 933.000000 963.000000 13.438150 28.137446 287.000000 4.000000 87.966851
0.000000 933.000000 965.000000 13.657272 28.828138 287.000000 7.000000 118.541436
0.000000 956.000000 0.000000 10.907639 0.000000 297.000000 0.000000 0.000000
0.000000 956.000000 0.000000 10.833928 0.000000 297.000000 0.000000 0.000000
0.000000 962.000000 999.000000 12.102483 22.969482 294.000000 1.000000 36.102740
0.000000 962.000000 991.000000 11.209416 23.650741 294.000000 2.000000 55.141892
0.000000 962.000000 0.000000 14.354033 0.000000 296.000000 0.000000 0.000000
0.000000 962.000000 0.000000 13.250728 0.000000 296.000000 0.000000 0.000000
0.000000 963.000000 990.000000 15.645716 29.113263 295.000000 3.000000 79.459893
0.000000 963.000000 1006.000000 12.314415 31.684035 295.000000 7.000000 136.673684
0.000000 963.000000 990.000000 14.128301 25.888617 300.000000 5.000000 125.908537
0.000000 963.000000 990.000000 14.277209 27.350375 300.000000 6.000000 151.052023
0.000000 965.000000 0.000000 15.436765 0.000000 301.000000 0.000000 0.000000
0.000000 965.000000 0.000000 13.450983 0.000000 301.000000 0.000000 0.000000
0.000000 990.000000 1019.000000 14.464113 29.725758 308.000000 5.000000 112.200000
0.000000 990.000000 0.000000 15.229966 0.000000 308.000000 0.000000 0.000000
0.000000 990.000000 0.000000 13.392022 0.000000 310.000000 0.000000 0.000000
0.000000 990.000000 0.000000 11.943802 0.000000 310.000000 0.000000 0.000000
0.000000 990.000000 0.000000 13.231166 0.000000 311.000000 0.000000 0.000000
0.000000 990.000000 0.000000 13.189899 0.000000 311.000000 0.000000 0.000000
0.000000 991.000000 1022.000000 12.080643 24.314555 305.000000 3.000000 71.434211
0.000000 991.000000 1028.000000 11.342476 24.331267 305.000000 5.000000 102.373333
0.000000 999.000000 1034.000000 11.897511 25.533142 304.000000 1.000000 37.049689
0.000000 999.000000 1044.000000 10.849975 29.783544 304.000000 3.000000 68.541899
0.000000 1006.000000 0.000000 16.905425 0.000000 309.000000 0.000000 0.000000
0.000000 1006.000000 0.000000 15.801802 0.000000 309.000000 0.000000 0.000000
0.000000 1019.000000 0.000000 14.403121 0.000000 314.000000 0.000000 0.000000
0.000000 1019.000000 0.000000 14.466146 0.000000 314.000000 0.000000 0.000000
0.000000 1022.000000 1058.000000 10.298610 26.991031 320.000000 5.000000 113.389535
0.000000 1022.000000 1059.000000 13.093131 29.749074 320.000000 7.000000 142.726257
0.000000 1028.000000 0.000000 12.069107 0.000000 321.000000 0.000000 0.000000
0.000000 1028.000000 0.000000 11.147378 0.000000 321.000000 0.000000 0.000000
0.000000 1034.000000 1066.000000 12.693222 27.656007 322.000000 1.000000 38.309524
0.000000 1034.000000 1073.000000 12.279535 26.726870 322.000000 3.000000 68.455090
0.000000 1044.000000 1071.000000 15.487635 30.196951 323.000000 4.000000 92.979275
0.000000 1044.000000 1077.000000 12.454985 24.492366 323.000000 7.000000 130.420000
0.000000 1058.000000 0.000000 14.782557 0.000000 328.000000 0.000000 0.000000
0.000000 1058.000000 0.000000 13.502061 0.000000 328.000000 0.000000 0.000000
0.000000 1059.000000 0.000000 13.512568 0.000000 329.000000 0.000000 0.000000
0.000000 1059.000000 0.000000 15.284613 0.000000 329.000000 0.000000 0.000000
0.000000 1066.000000 1089.000000 15.276584 25.128872 332.000000 1.000000 37.118750
0.000000 1066.000000 1103.000000 11.984033 26.969926 332.000000 3.000000 69.317919
0.000000 1071.000000 1105.000000 13.412028 28.048504 334.000000 7.000000 146.322222
0.000000 1071.000000 1095.000000 16.302947 29.399261 334.000000 7.000000 146.600000
0.000000 1073.000000 1111.000000 12.358325 29.031972 333.000000 5.000000 105.524324
0.000000 1073.000000 1112.000000 14.207948 31.978107 333.000000 7.000000 135.770335
0.000000 1077.000000 0.000000 11.227096 0.000000 335.000000 0.000000 0.000000
0.000000 1077.000000 0.000000 12.297403 0.000000 335.000000 0.000000 0.000000
0.000000 1089.000000 1127.000000 13.060202 27.528677 340.000000 1.000000 38.362573
0.000000 1089.000000 1124.000000 11.144133 27.302454 340.000000 2.000000 61.485030
0.000000 1095.000000 0.000000 14.460687 0.000000 343.000000 0.000000 0.000000
0.000000 1095.000000 0.000000 14.050785 0.000000 343.000000 0.000000 0.000000
0.000000 1103.000000 1138.000000 13.574274 30.392334 341.000000 5.000000 108.086735
0.000000 1103.000000 1137.000000 13.454876 28.102955 341.000000 6.000000 131.983240
0.000000 1105.000000 0.000000 12.994881 0.000000 342.000000 0.000000 0.000000
0.000000 1105.000000 0.000000 14.028899 0.000000 342.000000 0.000000 0.000000
0.000000 1111.000000 0.000000 13.533575 0.000000 344.000000 0.000000 0.000000
0.000000 1111.000000 0.000000 14.084023 0.000000 344.000000 0.000000 0.000000
0.000000 1112.000000 0.000000 16.524010 0.000000 345.000000 0.000000 0.000000
0.000000 1112.000000 0.000000 16.160280 0.000000 345.000000 0.000000 0.000000
0.000000 1124.000000 1155.000000 13.658755 25.691027 349.000000 4.000000 84.802395
0.000000 1124.000000 1156.000000 13.481978 27.208404 349.000000 6.000000 111.108696
0.000000 1127.000000 1159.000000 13.261476 25.684099 348.000000 1.000000 37.227273
0.000000 1127.000000 1154.000000 13.755748 27.053489 348.000000 2.000000 58.573171
0.000000 1137.000000 0.000000 14.143406 0.000000 353.000000 0.000000 0.000000
0.000000 1137.000000 0.000000 14.404136 0.000000 353.000000 0.000000 0.000000
0.000000 1138.000000 0.000000 13.468148 0.000000 352.000000 0.000000 0.000000
0.000000 1138.000000 0.000000 16.620830 0.000000 352.000000 0.000000 0.000000
0.000000 1154.000000 1187.000000 12.529779 26.705143 363.000000 3.000000 81.583333
0.000000 1154.000000 1188.000000 14.507976 32.462206 363.000000 5.000000 110.130653
0.000000 1155.000000 1188.000000 12.371224 29.003765 360.000000 6.000000 138.710383
0.000000 1155.000000 1185.000000 13.009252 26.881779 360.000000 6.000000 154.775281
0.000000 1156.000000 0.000000 14.386520 0.000000 361.000000 0.000000 0.000000
0.000000 1156.000000 0.000000 12.815689 0.000000 361.000000 0.000000 0.000000
0.000000 1159.000000 1201.000000 13.358900 33.892632 362.000000 1.000000 40.785366
0.000000 1159.000000 1197.000000 11.279706 29.715539 362.000000 2.000000 67.005236
0.000000 1185.000000 0.000000 13.216402 0.000000 371.000000 0.000000 0.000000
0.000000 1185.000000 0.000000 12.995865 0.000000 371.000000 0.000000 0.000000
0.000000 1187.000000 1222.000000 13.624873 30.577320 368.000000 5.000000 135.487047
0.000000 1187.000000 1218.000000 12.425892 27.249032 368.000000 6.000000 152.023256
0.000000 1188.000000 0.000000 16.622563 0.000000 369.000000 0.000000 0.000000
0.000000 1188.000000 0.000000 15.739586 0.000000 369.000000 0.000000 0.000000
0.000000 1188.000000 0.000000 15.705837 0.000000 370.000000 0.000000 0.000000
0.000000 1188.000000 0.000000 13.943646 0.000000 370.000000 0.000000 0.000000
0.000000 1197.000000 1227.000000 13.102325 27.677688 375.000000 4.000000 93.851190
0.000000 1197.000000 1225.000000 15.214488 27.537794 375.000000 4.000000 116.000000
0.000000 1201.000000 1226.000000 15.467044 27.873116 374.000000 1.000000 38.136095
0.000000 1201.000000 1227.000000 17.900174 32.899740 374.000000 3.000000 66.009901
0.000000 1218.000000 0.000000 13.057850 0.000000 379.000000 0.000000 0.000000
0.000000 1218.000000 0.000000 13.819674 0.000000 379.000000 0.000000 0.000000
0.000000 1222.000000 0.000000 14.593304 0.000000 378.000000 0.000000 0.000000
0.000000 1222.000000 0.000000 14.207690 0.000000 378.000000 0.000000 0.000000
0.000000 1225.000000 0.000000 14.336485 0.000000 385.000000 0.000000 0.000000
0.000000 1225.000000 0.000000 12.126147 0.000000 385.000000 0.000000 0.000000
0.000000 1226.000000 1258.000000 12.757889 24.571979 386.000000 1.000000 36.856164
0.000000 1226.000000 1248.000000 13.555870 22.287228 386.000000 2.000000 54.503597
0.000000 1227.000000 1258.000000 15.634195 32.432016 387.000000 4.000000 90.282178
0.000000 1227.000000 1257.000000 15.949569 30.624137 387.000000 5.000000 118.154639
0.000000 1227.000000 1256.000000 13.332111 25.602285 384.000000 6.000000 141.135802
0.000000 1227.000000 0.000000 14.363757 0.000000 384.000000 0.000000 0.000000
0.000000 1248.000000 1274.000000 12.246948 21.497467 395.000000 3.000000 66.883721
0.000000 1248.000000 1289.000000 10.769879 23.793850 395.000000 5.000000 109.259494
0.000000 1256.000000 0.000000 12.084350 0.000000 398.000000 0.000000 0.000000
0.000000 1256.000000 0.000000 13.864972 0.000000 398.000000 0.000000 0.000000
0.000000 1257.000000 0.000000 14.254349 0.000000 397.000000 0.000000 0.000000
0.000000 1257.000000 0.000000 15.403255 0.000000 397.000000 0.000000 0.000000
0.000000 1258.000000 1291.000000 12.705078 26.364739 394.000000 1.000000 37.771084
0.000000 1258.000000 1293.000000 11.410493 23.959783 394.000000 3.000000 62.054795
0.000000 1258.000000 1290.000000 15.712962 35.781086 396.000000 7.000000 139.674107
0.000000 1258.000000 1280.000000 15.500287 26.538288 396.000000 7.000000 142.230769
0.000000 1274.000000 1311.000000 11.140682 25.522268 400.000000 5.000000 104.831325
0.000000 1274.000000 0.000000 10.100567 0.000000 400.000000 0.000000 0.000000
0.000000 1280.000000 0.000000 13.037952 0.000000 409.000000 0.000000 0.000000
0.000000 1280.000000 0.000000 13.862191 0.000000 409.000000 0.000000 0.000000
0.000000 1289.000000 0.000000 11.911627 0.000000 401.000000 0.000000 0.000000
0.000000 1289.000000 0.000000 12.001194 0.000000 401.000000 0.000000 0.000000
0.000000 1290.000000 0.000000 16.678621 0.000000 408.000000 0.000000 0.000000
0.000000 1290.000000 0.000000 18.504617 0.000000 408.000000 0.000000 0.000000
0.000000 1291.000000 1327.000000 13.798120 27.752925 406.000000 1.000000 38.358382
0.000000 1291.000000 1337.000000 11.830458 33.851121 406.000000 3.000000 73.325472
0.000000 1293.000000 1332.000000 11.373420 26.947944 407.000000 4.000000 94.371257
0.000000 1293.000000 1333.000000 12.402562 29.012031 407.000000 6.000000 122.732240
0.000000 1311.000000 0.000000 12.377279 0.000000 410.000000 0.000000 0.000000
0.000000 1311.000000 0.000000 13.401966 0.000000 410.000000 0.000000 0.000000
0.000000 1327.000000 1359.000000 14.215043 28.445634 418.000000 1.000000 38.847059
0.000000 1327.000000 1351.000000 13.755930 24.410726 418.000000 2.000000 58.576923
0.000000 1332.000000 0.000000 13.086354 0.000000 420.000000 0.000000 0.000000
0.000000 1332.000000 0.000000 13.512568 0.000000 420.000000 0.000000 0.000000
0.000000 1333.000000 0.000000 15.379320 0.000000 421.000000 0.000000 0.000000
0.000000 1333.000000 0.000000 13.401494 0.000000 421.000000 0.000000 0.000000
0.000000 1337.000000 1367.000000 15.643430 28.013849 419.000000 5.000000 104.229885
0.000000 1337.000000 1359.000000 18.115866 30.994139 419.000000 5.000000 116.086486
0.000000 1351.000000 1385.000000 12.084350 25.606449 425.000000 3.000000 82.987500
0.000000 1351.000000 1379.000000 12.434245 24.004743 425.000000 4.000000 97.424051
0.000000 1359.000000 1390.000000 14.536501 27.414899 424.000000 1.000000 38.509202
0.000000 1359.000000 1390.000000 12.283161 26.755542 424.000000 2.000000 63.556213
0.000000 1359.000000 0.000000 15.788059 0.000000 431.000000 0.000000 0.000000
0.000000 1359.000000 0.000000 15.376900 0.000000 431.000000 0.000000 0.000000
0.000000 1367.000000 1392.000000 14.358188 28.519651 430.000000 9.000000 150.583333
0.000000 1367.000000 0.000000 13.790047 0.000000 430.000000 0.000000 0.000000
0.000000 1379.000000 0.000000 12.045413 0.000000 433.000000 0.000000 0.000000
0.000000 1379.000000 0.000000 11.182289 0.000000 433.000000 0.000000 0.000000
0.000000 1385.000000 1418.000000 12.284703 27.985231 432.000000 5.000000 132.155556
0.000000 1385.000000 1415.000000 13.530797 27.061398 432.000000 6.000000 150.038251
0.000000 1390.000000 1421.000000 14.974592 28.406124 434.000000 1.000000 39.095238
0.000000 1390.000000 1427.000000 11.985754 27.730996 434.000000 3.000000 68.982955
0.000000 1390.000000 1427.000000 12.223078 29.957902 435.000000 4.000000 96.119792
0.000000 1390.000000 1421.000000 13.700459 28.110827 435.000000 4.000000 111.800000
0.000000 1392.000000 0.000000 13.261324 0.000000 438.000000 0.000000 0.000000
0.000000 1392.000000 0.000000 14.068176 0.000000 438.000000 0.000000 0.000000
0.000000 1415.000000 0.000000 13.646570 0.000000 443.000000 0.000000 0.000000
0.000000 1415.000000 0.000000 13.168872 0.000000 443.000000 0.000000 0.000000
0.000000 1418.000000 0.000000 13.273610 0.000000 442.000000 0.000000 0.000000
0.000000 1418.000000 0.000000 15.223808 0.000000 442.000000 0.000000 0.000000
0.000000 1421.000000 1455.000000 13.718329 27.274693 444.000000 1.000000 38.565217
0.000000 1421.000000 1454.000000 14.516196 28.276024 444.000000 2.000000 64.052632
0.000000 1421.000000 0.000000 14.465760 0.000000 447.000000 0.000000 0.000000
0.000000 1421.000000 0.000000 13.502061 0.000000 447.000000 0.000000 0.000000
0.000000 1427.000000 1456.000000 14.662305 28.002526 445.000000 5.000000 92.870787
0.000000 1427.000000 1463.000000 12.980387 28.665510 445.000000 7.000000 134.505435
0.000000 1427.000000 1459.000000 15.145076 31.776291 446.000000 8.000000 149.949749
0.000000 1427.000000 0.000000 14.337363 0.000000 446.000000 0.000000 0.000000
0.000000 1454.000000 1481.000000 14.632082 28.324924 455.000000 3.000000 84.075581
0.000000 1454.000000 1484.000000 14.395665 29.131784 455.000000 5.000000 115.309783
0.000000 1455.000000 1486.000000 13.549964 28.361967 454.000000 1.000000 39.101190
0.000000 1455.000000 1485.000000 13.401494 26.167424 454.000000 2.000000 63.213836
0.000000 1456.000000 1485.000000 13.443362 28.634655 458.000000 7.000000 145.494845
0.000000 1456.000000 0.000000 12.263701 0.000000 458.000000 0.000000 0.000000
0.000000 1459.000000 0.000000 15.087996 0.000000 460.000000 0.000000 0.000000
0.000000 1459.000000 0.000000 15.990922 0.000000 460.000000 0.000000 0.000000
0.000000 1463.000000 0.000000 13.374247 0.000000 459.000000 0.000000 0.000000
0.000000 1463.000000 0.000000 13.512833 0.000000 459.000000 0.000000 0.000000
0.000000 1481.000000 1517.000000 13.491729 30.952619 462.000000 6.000000 140.795918
0.000000 1481.000000 1511.000000 14.651010 32.142132 462.000000 6.000000 152.024510
0.000000 1484.000000 0.000000 14.348139 0.000000 463.000000 0.000000 0.000000
0.000000 1484.000000 0.000000 14.591741 0.000000 463.000000 0.000000 0.000000
0.000000 1485.000000 1512.000000 12.435791 24.578729 465.000000 3.000000 81.440252
0.000000 1485.000000 1526.000000 13.478100 31.422842 465.000000 7.000000 135.692308
0.000000 1485.000000 0.000000 12.285402 0.000000 466.000000 0.000000 0.000000
0.000000 1485.000000 0.000000 15.587078 0.000000 466.000000 0.000000 0.000000
0.000000 1486.000000 1517.000000 13.283298 25.342426 464.000000 1.000000 37.937107
0.000000 1486.000000 1518.000000 13.547978 28.513535 464.000000 3.000000 63.601093
0.000000 1511.000000 0.000000 14.393590 0.000000 473.000000 0.000000 0.000000
0.000000 1511.000000 0.000000 16.636795 0.000000 473.000000 0.000000 0.000000
0.000000 1512.000000 1543.000000 11.304052 24.289633 476.000000 5.000000 126.358025
0.000000 1512.000000 0.000000 12.285402 0.000000 476.000000 0.000000 0.000000
0.000000 1517.000000 1550.000000 12.294514 25.453648 480.000000 1.000000 37.255034
0.000000 1517.000000 1556.000000 12.322232 31.362976 480.000000 3.000000 66.428571
0.000000 1517.000000 0.000000 15.476167 0.000000 472.000000 0.000000 0.000000
0.000000 1517.000000 0.000000 15.642678 0.000000 472.000000 0.000000 0.000000
0.000000 1518.000000 1546.000000 13.070463 26.932328 481.000000 3.000000 82.506024
0.000000 1518.000000 1549.000000 14.447735 28.886163 481.000000 5.000000 113.861878
0.000000 1526.000000 0.000000 15.200739 0.000000 477.000000 0.000000 0.000000
0.000000 1526.000000 0.000000 16.537498 0.000000 477.000000 0.000000 0.000000
0.000000 1543.000000 0.000000 12.325936 0.000000 484.000000 0.000000 0.000000
0.000000 1543.000000 0.000000 11.954737 0.000000 484.000000 0.000000 0.000000
0.000000 1546.000000 1581.000000 14.402877 31.439519 490.000000 5.000000 136.532995
0.000000 1546.000000 1576.000000 12.384661 26.538014 490.000000 6.000000 149.601156
0.000000 1549.000000 0.000000 14.325205 0.000000 491.000000 0.000000 0.000000
0.000000 1549.000000 0.000000 14.533364 0.000000 491.000000 0.000000 0.000000
0.000000 1550.000000 1582.000000 11.771576 24.740900 486.000000 1.000000 37.473333
0.000000 1550.000000 1581.000000 12.399198 22.501507 486.000000 2.000000 59.426573
0.000000 1556.000000 1583.000000 15.397064 29.130502 487.000000 5.000000 86.521505
0.000000 1556.000000 1582.000000 14.593304 27.701883 487.000000 5.000000 111.890805
0.000000 1576.000000 0.000000 13.188039 0.000000 497.000000 0.000000 0.000000
0.000000 1576.000000 0.000000 12.224858 0.000000 497.000000 0.000000 0.000000
0.000000 1581.000000 1615.000000 12.066232 27.088759 501.000000 3.000000 86.936416
0.000000 1581.000000 1620.000000 11.224726 26.502030 501.000000 7.000000 120.434783
0.000000 1581.000000 0.000000 14.587108 0.000000 496.000000 0.000000 0.000000
0.000000 1581.000000 0.000000 17.543879 0.000000 496.000000 0.000000 0.000000
0.000000 1582.000000 1615.000000 12.546388 27.275396 500.000000 1.000000 38.386905
0.000000 1582.000000 1616.000000 12.281527 24.703068 500.000000 3.000000 63.388158
0.000000 1582.000000 0.000000 13.280687 0.000000 503.000000 0.000000 0.000000
0.000000 1582.000000 0.000000 14.145948 0.000000 503.000000 0.000000 0.000000
0.000000 1583.000000 1610.000000 15.503583 28.227930 502.000000 5.000000 125.390110
0.000000 1583.000000 1611.000000 13.511733 27.065152 502.000000 7.000000 154.049451
0.000000 1610.000000 0.000000 13.443362 0.000000 514.000000 0.000000 0.000000
0.000000 1610.000000 0.000000 14.100779 0.000000 514.000000 0.000000 0.000000
0.000000 1611.000000 0.000000 13.321599 0.000000 515.000000 0.000000 0.000000
0.000000 1611.000000 0.000000 13.425364 0.000000 515.000000 0.000000 0.000000
0.000000 1615.000000 1646.000000 13.376969 26.743562 510.000000 1.000000 38.608974
0.000000 1615.000000 1648.000000 13.576269 29.349974 510.000000 3.000000 65.591954
0.000000 1615.000000 1640.000000 13.562198 23.300316 506.000000 5.000000 122.100671
0.000000 1615.000000 1644.000000 13.467529 25.108162 506.000000 7.000000 155.076023
0.000000 1616.000000 1649.000000 13.512790 27.827502 511.000000 5.000000 94.297143
0.000000 1616.000000 1654.000000 11.985754 25.355151 511.000000 7.000000 128.748466
0.000000 1620.000000 0.000000 13.027297 0.000000 507.000000 0.000000 0.000000
0.000000 1620.000000 0.000000 13.261476 0.000000 507.000000 0.000000 0.000000
0.000000 1640.000000 0.000000 12.124704 0.000000 522.000000 0.000000 0.000000
0.000000 1640.000000 0.000000 11.257121 0.000000 522.000000 0.000000 0.000000
0.000000 1644.000000 0.000000 12.118537 0.000000 523.000000 0.000000 0.000000
0.000000 1644.000000 0.000000 12.001665 0.000000 523.000000 0.000000 0.000000
0.000000 1646.000000 1680.000000 13.366619 25.249985 520.000000 1.000000 37.229299
0.000000 1646.000000 1674.000000 12.804813 24.927339 520.000000 2.000000 57.211921
0.000000 1648.000000 1674.000000 15.418754 27.767751 521.000000 3.000000 82.302326
0.000000 1648.000000 1679.000000 13.193756 24.435502 521.000000 6.000000 115.207317
0.000000 1649.000000 0.000000 13.499797 0.000000 524.000000 0.000000 0.000000
0.000000 1649.000000 0.000000 15.192185 0.000000 524.000000 0.000000 0.000000
0.000000 1654.000000 0.000000 12.164880 0.000000 525.000000 0.000000 0.000000
0.000000 1654.000000 0.000000 12.924089 0.000000 525.000000 0.000000 0.000000
0.000000 1674.000000 1714.000000 12.400254 32.217757 533.000000 4.000000 87.985149
0.000000 1674.000000 1711.000000 12.408154 27.910127 533.000000 5.000000 109.886364
0.000000 1674.000000 1704.000000 13.000374 25.730156 534.000000 5.000000 121.141975
0.000000 1674.000000 1705.000000 14.541703 29.309629 534.000000 7.000000 149.594595
0.000000 1679.000000 0.000000 12.557233 0.000000 535.000000 0.000000 0.000000
0.000000 1679.000000 0.000000 11.917819 0.000000 535.000000 0.000000 0.000000
0.000000 1680.000000 1708.000000 12.823436 24.342192 532.000000 1.000000 36.763514
0.000000 1680.000000 1719.000000 11.440706 25.687476 532.000000 3.000000 66.905063
0.000000 1704.000000 0.000000 12.315069 0.000000 542.000000 0.000000 0.000000
0.000000 1704.000000 0.000000 13.044132 0.000000 542.000000 0.000000 0.000000
0.000000 1705.000000 0.000000 14.226168 0.000000 543.000000 0.000000 0.000000
0.000000 1705.000000 0.000000 15.027422 0.000000 543.000000 0.000000 0.000000
0.000000 1708.000000 1745.000000 12.933295 27.435986 546.000000 1.000000 38.278107
0.000000 1708.000000 1749.000000 11.380755 26.664116 546.000000 3.000000 66.390533
0.000000 1711.000000 0.000000 13.178906 0.000000 541.000000 0.000000 0.000000
0.000000 1711.000000 0.000000 14.161742 0.000000 541.000000 0.000000 0.000000
0.000000 1714.000000 1741.000000 15.575866 29.029618 540.000000 5.000000 122.430168
0.000000 1714.000000 1741.000000 15.645716 31.494021 540.000000 6.000000 150.585492
0.000000 1719.000000 1752.000000 12.456008 26.571100 547.000000 5.000000 95.325444
0.000000 1719.000000 1748.000000 13.211406 25.676488 547.000000 5.000000 112.832298
0.000000 1741.000000 0.000000 13.379401 0.000000 556.000000 0.000000 0.000000
0.000000 1741.000000 0.000000 15.492690 0.000000 556.000000 0.000000 0.000000
0.000000 1741.000000 0.000000 14.496983 0.000000 557.000000 0.000000 0.000000
0.000000 1741.000000 0.000000 15.939774 0.000000 557.000000 0.000000 0.000000
0.000000 1745.000000 1774.000000 14.506550 27.349482 552.000000 1.000000 38.355030
0.000000 1745.000000 1779.000000 12.402344 26.940807 552.000000 3.000000 66.532934
0.000000 1748.000000 0.000000 12.281260 0.000000 559.000000 0.000000 0.000000
0.000000 1748.000000 0.000000 12.465239 0.000000 559.000000 0.000000 0.000000
0.000000 1749.000000 1780.000000 14.465273 27.923895 553.000000 5.000000 93.284091
0.000000 1749.000000 1785.000000 13.372354 27.506377 553.000000 7.000000 130.274286
0.000000 1752.000000 0.000000 13.187067 0.000000 558.000000 0.000000 0.000000
0.000000 1752.000000 1773.000000 13.397351 23.205455 558.000000 6.000000 145.891156
0.000000 1773.000000 0.000000 10.953997 0.000000 571.000000 0.000000 0.000000
0.000000 1773.000000 0.000000 11.540605 0.000000 571.000000 0.000000 0.000000
0.000000 1774.000000 1803.000000 13.995804 27.755884 564.000000 1.000000 38.411429
0.000000 1774.000000 1804.000000 12.624756 23.691359 564.000000 3.000000 62.798658
0.000000 1779.000000 1807.000000 13.670074 25.751809 565.000000 5.000000 88.895062
0.000000 1779.000000 1807.000000 12.444835 24.978799 565.000000 6.000000 112.283784
0.000000 1780.000000 0.000000 13.273583 0.000000 568.000000 0.000000 0.000000
0.000000 1780.000000 0.000000 14.096317 0.000000 568.000000 0.000000 0.000000
0.000000 1785.000000 0.000000 13.075585 0.000000 569.000000 0.000000 0.000000
0.000000 1785.000000 0.000000 14.493330 0.000000 569.000000 0.000000 0.000000
0.000000 1803.000000 1832.000000 14.200826 26.719392 574.000000 1.000000 37.591463
0.000000 1803.000000 1835.000000 13.443793 30.215227 574.000000 3.000000 64.728261
0.000000 1804.000000 1836.000000 12.387421 27.710844 575.000000 5.000000 93.134831
0.000000 1804.000000 1845.000000 11.453707 27.449699 575.000000 7.000000 136.971264
0.000000 1807.000000 1840.000000 12.408154 26.216080 576.000000 8.000000 150.536313
0.000000 1807.000000 0.000000 13.213217 0.000000 576.000000 0.000000 0.000000
0.000000 1807.000000 0.000000 12.582904 0.000000 577.000000 0.000000 0.000000
0.000000 1807.000000 0.000000 12.141735 0.000000 577.000000 0.000000 0.000000
0.000000 1832.000000 1870.000000 13.444627 29.975752 582.000000 1.000000 39.237838
0.000000 1832.000000 1866.000000 12.394755 28.192806 582.000000 2.000000 62.812865
0.000000 1835.000000 1875.000000 13.202802 32.267313 583.000000 5.000000 103.047619
0.000000 1835.000000 1866.000000 15.532454 30.702345 583.000000 4.000000 115.059406
0.000000 1836.000000 1869.000000 13.035491 28.806350 584.000000 7.000000 150.950820
0.000000 1836.000000 0.000000 13.138811 0.000000 584.000000 0.000000 0.000000
0.000000 1840.000000 0.000000 13.080676 0.000000 586.000000 0.000000 0.000000
0.000000 1840.000000 0.000000 13.013662 0.000000 586.000000 0.000000 0.000000
0.000000 1845.000000 0.000000 13.261324 0.000000 585.000000 0.000000 0.000000
0.000000 1845.000000 0.000000 13.207565 0.000000 585.000000 0.000000 0.000000
0.000000 1866.000000 1899.000000 13.467736 28.836015 591.000000 5.000000 90.806283
0.000000 1866.000000 1899.000000 13.553943 29.024585 591.000000 6.000000 117.789773
0.000000 1866.000000 0.000000 15.591975 0.000000 593.000000 0.000000 0.000000
0.000000 1866.000000 0.000000 15.128212 0.000000 593.000000 0.000000 0.000000
0.000000 1869.000000 0.000000 14.981114 0.000000 594.000000 0.000000 0.000000
0.000000 1869.000000 0.000000 13.649173 0.000000 594.000000 0.000000 0.000000
0.000000 1870.000000 1898.000000 15.517822 30.069543 590.000000 1.000000 38.898936
0.000000 1870.000000 1898.000000 13.726787 24.796473 590.000000 2.000000 64.363057
0.000000 1875.000000 1898.000000 16.719627 27.801498 592.000000 5.000000 141.983871
0.000000 1875.000000 0.000000 15.797733 0.000000 592.000000 0.000000 0.000000
0.000000 1898.000000 1927.000000 15.605928 30.455117 606.000000 1.000000 39.197861
0.000000 1898.000000 1925.000000 13.446160 22.919076 606.000000 2.000000 62.447552
0.000000 1898.000000 1933.000000 12.700942 27.766902 607.000000 5.000000 96.927374
0.000000 1898.000000 1933.000000 12.371662 26.644941 607.000000 6.000000 122.468571
0.000000 1898.000000 0.000000 12.540962 0.000000 608.000000 0.000000 0.000000
0.000000 1898.000000 0.000000 16.162977 0.000000 608.000000 0.000000 0.000000
0.000000 1899.000000 1930.000000 14.608002 31.794683 600.000000 7.000000 143.128571
0.000000 1899.000000 1926.000000 14.081047 27.025990 600.000000 7.000000 157.751381
0.000000 1899.000000 0.000000 14.475235 0.000000 601.000000 0.000000 0.000000
0.000000 1899.000000 0.000000 13.392022 0.000000 601.000000 0.000000 0.000000
0.000000 1925.000000 1959.000000 11.239975 25.889164 611.000000 4.000000 95.933333
0.000000 1925.000000 1965.000000 11.163386 25.719307 611.000000 7.000000 132.964912
0.000000 1926.000000 0.000000 13.034149 0.000000 617.000000 0.000000 0.000000
0.000000 1926.000000 0.000000 13.898183 0.000000 617.000000 0.000000 0.000000
0.000000 1927.000000 1951.000000 15.340574 27.349920 610.000000 1.000000 37.875776
0.000000 1927.000000 1959.000000 14.863911 30.803132 610.000000 3.000000 70.135135
0.000000 1930.000000 0.000000 14.608002 0.000000 616.000000 0.000000 0.000000
0.000000 1930.000000 0.000000 16.656750 0.000000 616.000000 0.000000 0.000000
0.000000 1933.000000 0.000000 13.572751 0.000000 612.000000 0.000000 0.000000
0.000000 1933.000000 0.000000 14.285565 0.000000 612.000000 0.000000 0.000000
0.000000 1933.000000 0.000000 13.021429 0.000000 613.000000 0.000000 0.000000
0.000000 1933.000000 0.000000 14.313205 0.000000 613.000000 0.000000 0.000000
0.000000 1951.000000 1985.000000 14.558386 29.045360 624.000000 1.000000 38.517045
0.000000 1951.000000 1981.000000 12.558100 25.791576 624.000000 2.000000 61.062112
0.000000 1959.000000 1992.000000 14.638970 33.884670 625.000000 5.000000 103.696682
0.000000 1959.000000 1988.000000 15.797414 31.196381 625.000000 6.000000 124.502513
0.000000 1959.000000 1987.000000 12.414212 25.656874 620.000000 7.000000 149.099379
0.000000 1959.000000 0.000000 12.325530 0.000000 620.000000 0.000000 0.000000
0.000000 1965.000000 0.000000 12.831816 0.000000 621.000000 0.000000 0.000000
0.000000 1965.000000 0.000000 13.170981 0.000000 621.000000 0.000000 0.000000
0.000000 1981.000000 2025.000000 12.325530 32.120254 633.000000 5.000000 101.689655
0.000000 1981.000000 2016.000000 12.588742 28.073699 633.000000 5.000000 112.529412
0.000000 1985.000000 2023.000000 14.523008 31.447413 632.000000 1.000000 39.741117
0.000000 1985.000000 2014.000000 13.554732 25.585031 632.000000 2.000000 61.250000
0.000000 1987.000000 0.000000 11.000173 0.000000 636.000000 0.000000 0.000000
0.000000 1987.000000 0.000000 14.401936 0.000000 636.000000 0.000000 0.000000
0.000000 1988.000000 0.000000 15.591810 0.000000 635.000000 0.000000 0.000000
0.000000 1988.000000 0.000000 15.422299 0.000000 635.000000 0.000000 0.000000
0.000000 1992.000000 2020.000000 16.815060 32.392288 634.000000 7.000000 151.148515
0.000000 1992.000000 0.000000 16.373260 0.000000 634.000000 0.000000 0.000000
0.000000 2014.000000 2050.000000 12.371662 30.062163 643.000000 3.000000 92.057292
0.000000 2014.000000 2051.000000 12.254972 26.819286 643.000000 5.000000 120.391813
0.000000 2016.000000 0.000000 14.147472 0.000000 641.000000 0.000000 0.000000
0.000000 2016.000000 0.000000 14.333388 0.000000 641.000000 0.000000 0.000000
0.000000 2020.000000 0.000000 16.824582 0.000000 648.000000 0.000000 0.000000
0.000000 2020.000000 0.000000 15.262555 0.000000 648.000000 0.000000 0.000000
0.000000 2023.000000 2051.000000 15.642678 28.879472 642.000000 1.000000 38.795455
0.000000 2023.000000 2056.000000 15.787309 34.625915 642.000000 3.000000 71.008929
0.000000 2025.000000 0.000000 15.456336 0.000000 640.000000 0.000000 0.000000
0.000000 2025.000000 0.000000 16.337326 0.000000 640.000000 0.000000 0.000000
0.000000 2050.000000 2082.000000 14.275111 32.286432 650.000000 7.000000 149.248804
0.000000 2050.000000 0.000000 14.405045 0.000000 650.000000 0.000000 0.000000
0.000000 2051.000000 2079.000000 13.309520 24.885705 656.000000 1.000000 36.840278
0.000000 2051.000000 2083.000000 14.461586 29.130276 656.000000 3.000000 63.350000
0.000000 2051.000000 0.000000 13.989823 0.000000 651.000000 0.000000 0.000000
0.000000 2051.000000 0.000000 13.437327 0.000000 651.000000 0.000000 0.000000
0.000000 2056.000000 2079.000000 15.926435 28.050917 657.000000 3.000000 86.418079
0.000000 2056.000000 2088.000000 17.976279 36.550379 657.000000 7.000000 132.774590
0.000000 2079.000000 2123.000000 13.244576 32.093385 662.000000 1.000000 40.123077
0.000000 2079.000000 2123.000000 11.404354 29.078055 662.000000 2.000000 68.413408
0.000000 2079.000000 2113.000000 14.683552 34.172109 666.000000 7.000000 140.305164
0.000000 2079.000000 2107.000000 13.241664 25.826749 666.000000 6.000000 148.687500
0.000000 2082.000000 0.000000 15.767503 0.000000 660.000000 0.000000 0.000000
0.000000 2082.000000 0.000000 16.416562 0.000000 660.000000 0.000000 0.000000
0.000000 2083.000000 2111.000000 14.637660 28.319978 663.000000 3.000000 82.047059
0.000000 2083.000000 2112.000000 13.771303 26.563903 663.000000 5.000000 108.645963
0.000000 2088.000000 0.000000 17.435518 0.000000 667.000000 0.000000 0.000000
0.000000 2088.000000 0.000000 19.500371 0.000000 667.000000 0.000000 0.000000
0.000000 2107.000000 0.000000 13.520672 0.000000 671.000000 0.000000 0.000000
0.000000 2107.000000 0.000000 12.146492 0.000000 671.000000 0.000000 0.000000
0.000000 2111.000000 2138.000000 13.463414 25.397589 674.000000 5.000000 116.018750
0.000000 2111.000000 2140.000000 14.547374 27.521513 674.000000 7.000000 145.318436
0.000000 2112.000000 0.000000 14.084023 0.000000 675.000000 0.000000 0.000000
0.000000 2112.000000 0.000000 12.305136 0.000000 675.000000 0.000000 0.000000
0.000000 2113.000000 0.000000 16.742252 0.000000 670.000000 0.000000 0.000000
0.000000 2113.000000 0.000000 16.737980 0.000000 670.000000 0.000000 0.000000
0.000000 2123.000000 2146.000000 16.617115 26.467959 668.000000 1.000000 37.766467
0.000000 2123.000000 2154.000000 14.510097 32.926910 668.000000 3.000000 70.097938
0.000000 2123.000000 2156.000000 13.914269 30.082950 669.000000 5.000000 102.106383
0.000000 2123.000000 2154.000000 14.606214 30.530860 669.000000 5.000000 126.141361
0.000000 2138.000000 0.000000 11.930531 0.000000 680.000000 0.000000 0.000000
0.000000 2138.000000 0.000000 12.331989 0.000000 680.000000 0.000000 0.000000
0.000000 2140.000000 0.000000 12.162006 0.000000 681.000000 0.000000 0.000000
0.000000 2140.000000 0.000000 14.684903 0.000000 681.000000 0.000000 0.000000
0.000000 2146.000000 2178.000000 14.169396 26.657819 686.000000 1.000000 37.628743
0.000000 2146.000000 2180.000000 12.139551 26.589122 686.000000 3.000000 63.459302
0.000000 2154.000000 2180.000000 15.800478 28.579236 687.000000 4.000000 89.250000
0.000000 2154.000000 2180.000000 16.827691 27.032973 687.000000 5.000000 115.426036
0.000000 2154.000000 0.000000 15.403307 0.000000 689.000000 0.000000 0.000000
0.000000 2154.000000 0.000000 15.162742 0.000000 689.000000 0.000000 0.000000
0.000000 2156.000000 0.000000 15.250888 0.000000 688.000000 0.000000 0.000000
0.000000 2156.000000 0.000000 14.489385 0.000000 688.000000 0.000000 0.000000
0.000000 2178.000000 2209.000000 13.177848 26.506104 694.000000 1.000000 37.884848
0.000000 2178.000000 2210.000000 12.518912 26.493055 694.000000 3.000000 63.433526
0.000000 2180.000000 2213.000000 13.329504 29.955509 695.000000 5.000000 94.200000
0.000000 2180.000000 2211.000000 12.072324 25.597306 695.000000 6.000000 116.133333
0.000000 2180.000000 2211.000000 14.600332 27.895350 696.000000 7.000000 141.005618
0.000000 2180.000000 0.000000 14.310587 0.000000 696.000000 0.000000 0.000000
0.000000 2180.000000 0.000000 13.188039 0.000000 697.000000 0.000000 0.000000
0.000000 2180.000000 0.000000 13.546786 0.000000 697.000000 0.000000 0.000000
0.000000 2209.000000 2237.000000 12.813843 25.121417 702.000000 1.000000 37.185430
0.000000 2209.000000 2242.000000 13.502061 24.484293 702.000000 3.000000 63.484076
0.000000 2210.000000 2250.000000 14.627305 36.502318 703.000000 5.000000 101.094421
0.000000 2210.000000 2251.000000 13.401966 34.657984 703.000000 7.000000 135.826667
0.000000 2211.000000 0.000000 11.927048 0.000000 705.000000 0.000000 0.000000
0.000000 2211.000000 0.000000 13.250728 0.000000 705.000000 0.000000 0.000000
0.000000 2211.000000 0.000000 13.273583 0.000000 706.000000 0.000000 0.000000
0.000000 2211.000000 0.000000 14.588007 0.000000 706.000000 0.000000 0.000000
0.000000 2213.000000 2243.000000 13.512568 26.627080 704.000000 7.000000 142.634146
0.000000 2213.000000 0.000000 16.542535 0.000000 704.000000 0.000000 0.000000
0.000000 2237.000000 2268.000000 11.973998 24.701853 710.000000 1.000000 36.684932
0.000000 2237.000000 2266.000000 13.336625 24.836759 710.000000 2.000000 58.614907
0.000000 2242.000000 2288.000000 11.171141 33.317487 711.000000 5.000000 114.351852
0.000000 2242.000000 2275.000000 12.606666 26.788256 711.000000 6.000000 117.535294
0.000000 2243.000000 0.000000 13.384238 0.000000 718.000000 0.000000 0.000000
0.000000 2243.000000 0.000000 13.185377 0.000000 718.000000 0.000000 0.000000
0.000000 2250.000000 2278.000000 18.731304 37.820648 712.000000 8.000000 154.611814
0.000000 2250.000000 0.000000 17.803413 0.000000 712.000000 0.000000 0.000000
0.000000 2251.000000 0.000000 16.782147 0.000000 713.000000 0.000000 0.000000
0.000000 2251.000000 0.000000 18.588231 0.000000 713.000000 0.000000 0.000000
0.000000 2266.000000 2300.000000 11.309978 25.434856 721.000000 5.000000 83.981481
0.000000 2266.000000 2295.000000 12.663637 25.932781 721.000000 4.000000 101.024691
0.000000 2268.000000 2296.000000 13.238053 25.609683 720.000000 1.000000 36.987013
0.000000 2268.000000 2297.000000 11.233790 22.778618 720.000000 3.000000 59.422535
0.000000 2275.000000 0.000000 12.994881 0.000000 723.000000 0.000000 0.000000
0.000000 2275.000000 0.000000 13.310875 0.000000 723.000000 0.000000 0.000000
0.000000 2278.000000 0.000000 20.005883 0.000000 726.000000 0.000000 0.000000
0.000000 2278.000000 0.000000 17.166773 0.000000 726.000000 0.000000 0.000000
0.000000 2288.000000 0.000000 16.687652 0.000000 722.000000 0.000000 0.000000
0.000000 2288.000000 0.000000 15.617432 0.000000 722.000000 0.000000 0.000000
0.000000 2295.000000 0.000000 13.140298 0.000000 731.000000 0.000000 0.000000
0.000000 2295.000000 0.000000 12.394755 0.000000 731.000000 0.000000 0.000000
0.000000 2296.000000 2336.000000 13.025269 27.955273 732.000000 1.000000 38.402367
0.000000 2296.000000 2328.000000 11.706468 24.684373 732.000000 2.000000 59.448718
0.000000 2297.000000 2335.000000 11.279706 26.113202 733.000000 4.000000 90.023952
0.000000 2297.000000 2333.000000 11.345893 25.902543 733.000000 5.000000 110.134969
0.000000 2300.000000 2335.000000 11.502314 27.349781 730.000000 7.000000 139.914286
0.000000 2300.000000 0.000000 12.408481 0.000000 730.000000 0.000000 0.000000
0.000000 2328.000000 2363.000000 12.588742 27.784811 743.000000 3.000000 85.129944
0.000000 2328.000000 2364.000000 11.310788 28.258255 743.000000 5.000000 112.923077
0.000000 2333.000000 0.000000 12.308717 0.000000 745.000000 0.000000 0.000000
0.000000 2333.000000 0.000000 12.634809 0.000000 745.000000 0.000000 0.000000
0.000000 2335.000000 0.000000 13.453786 0.000000 744.000000 0.000000 0.000000
0.000000 2335.000000 0.000000 12.942496 0.000000 744.000000 0.000000 0.000000
0.000000 2335.000000 0.000000 13.283819 0.000000 746.000000 0.000000 0.000000
0.000000 2335.000000 0.000000 13.310859 0.000000 746.000000 0.000000 0.000000
0.000000 2336.000000 2371.000000 15.642678 31.820228 742.000000 1.000000 40.255102
0.000000 2336.000000 2375.000000 12.479498 32.615091 742.000000 3.000000 72.342857
0.000000 2363.000000 2398.000000 13.264131 28.336262 748.000000 7.000000 146.715054
0.000000 2363.000000 2390.000000 14.216412 27.563857 748.000000 6.000000 150.016484
0.000000 2364.000000 0.000000 14.108389 0.000000 749.000000 0.000000 0.000000
0.000000 2364.000000 0.000000 14.513216 0.000000 749.000000 0.000000 0.000000
0.000000 2371.000000 2395.000000 16.401347 28.864878 756.000000 1.000000 38.672414
0.000000 2371.000000 2397.000000 14.566435 27.729243 756.000000 3.000000 66.057803
0.000000 2375.000000 2402.000000 16.338975 32.381199 757.000000 5.000000 101.000000
0.000000 2375.000000 2408.000000 16.747129 35.507215 757.000000 7.000000 145.397321
0.000000 2390.000000 0.000000 13.132610 0.000000 759.000000 0.000000 0.000000
0.000000 2390.000000 0.000000 14.353665 0.000000 759.000000 0.000000 0.000000
0.000000 2395.000000 2426.000000 14.158578 27.685728 762.000000 1.000000 38.063218
0.000000 2395.000000 2426.000000 14.277523 28.200194 762.000000 2.000000 63.880682
0.000000 2397.000000 2429.000000 13.365655 26.716610 763.000000 5.000000 93.333333
0.000000 2397.000000 2425.000000 13.541861 28.366646 763.000000 4.000000 111.393443
0.000000 2398.000000 0.000000 14.036716 0.000000 758.000000 0.000000 0.000000
0.000000 2398.000000 0.000000 13.746038 0.000000 758.000000 0.000000 0.000000
0.000000 2402.000000 0.000000 15.600556 0.000000 764.000000 0.000000 0.000000
0.000000 2402.000000 0.000000 16.440512 0.000000 764.000000 0.000000 0.000000
0.000000 2408.000000 0.000000 17.715509 0.000000 765.000000 0.000000 0.000000
0.000000 2408.000000 0.000000 17.829869 0.000000 765.000000 0.000000 0.000000
0.000000 2425.000000 0.000000 13.544137 0.000000 771.000000 0.000000 0.000000
0.000000 2425.000000 0.000000 13.383072 0.000000 771.000000 0.000000 0.000000
0.000000 2426.000000 2458.000000 13.969561 28.122011 768.000000 1.000000 38.397661
0.000000 2426.000000 2461.000000 12.322232 28.264734 768.000000 3.000000 66.073864
0.000000 2426.000000 2465.000000 14.307130 33.327060 769.000000 5.000000 101.511962
0.000000 2426.000000 2456.000000 13.663728 29.066177 769.000000 4.000000 111.629834
0.000000 2429.000000 0.000000 13.378899 0.000000 770.000000 0.000000 0.000000
0.000000 2429.000000 0.000000 13.098455 0.000000 770.000000 0.000000 0.000000
0.000000 2456.000000 0.000000 15.549698 0.000000 783.000000 0.000000 0.000000
0.000000 2456.000000 0.000000 13.434948 0.000000 783.000000 0.000000 0.000000
0.000000 2458.000000 2489.000000 13.200922 25.996752 780.000000 1.000000 37.156863
0.000000 2458.000000 2490.000000 14.466576 30.463488 780.000000 3.000000 63.038251
0.000000 2461.000000 2498.000000 13.728769 32.896531 781.000000 5.000000 102.214286
0.000000 2461.000000 2486.000000 14.485581 25.868931 781.000000 4.000000 106.693252
0.000000 2465.000000 2493.000000 16.646536 33.657273 782.000000 8.000000 151.176471
0.000000 2465.000000 0.000000 16.811185 0.000000 782.000000 0.000000 0.000000
0.000000 2486.000000 0.000000 12.417198 0.000000 791.000000 0.000000 0.000000
0.000000 2486.000000 0.000000 12.228280 0.000000 791.000000 0.000000 0.000000
0.000000 2489.000000 2523.000000 13.232663 26.181312 788.000000 1.000000 37.019355
0.000000 2489.000000 2528.000000 11.386002 28.811123 788.000000 3.000000 65.405556
0.000000 2490.000000 2522.000000 13.393591 28.714027 789.000000 3.000000 85.733333
0.000000 2490.000000 2517.000000 15.777465 28.971387 789.000000 4.000000 104.302703
0.000000 2493.000000 0.000000 15.431807 0.000000 792.000000 0.000000 0.000000
0.000000 2493.000000 0.000000 17.363044 0.000000 792.000000 0.000000 0.000000
0.000000 2498.000000 2526.000000 16.782258 29.247958 790.000000 8.000000 153.494382
0.000000 2498.000000 0.000000 15.492003 0.000000 790.000000 0.000000 0.000000
0.000000 2517.000000 0.000000 14.507741 0.000000 799.000000 0.000000 0.000000
0.000000 2517.000000 0.000000 14.629264 0.000000 799.000000 0.000000 0.000000
0.000000 2522.000000 2552.000000 15.582546 31.316071 798.000000 5.000000 128.588542
0.000000 2522.000000 2552.000000 13.412028 29.177252 798.000000 6.000000 156.338889
0.000000 2523.000000 2556.000000 13.393591 25.213809 796.000000 1.000000 36.889610
0.000000 2523.000000 2557.000000 12.371569 24.596448 796.000000 3.000000 61.503226
0.000000 2526.000000 0.000000 14.632082 0.000000 802.000000 0.000000 0.000000
0.000000 2526.000000 0.000000 14.245932 0.000000 802.000000 0.000000 0.000000
0.000000 2528.000000 2562.000000 13.412028 29.975431 797.000000 5.000000 93.108108
0.000000 2528.000000 2566.000000 14.398028 33.970886 797.000000 7.000000 130.778302
0.000000 2552.000000 0.000000 15.104846 0.000000 806.000000 0.000000 0.000000
0.000000 2552.000000 0.000000 15.714134 0.000000 806.000000 0.000000 0.000000
0.000000 2552.000000 0.000000 13.217762 0.000000 807.000000 0.000000 0.000000
0.000000 2552.000000 0.000000 14.840787 0.000000 807.000000 0.000000 0.000000
0.000000 2556.000000 2596.000000 12.283631 31.592908 808.000000 1.000000 39.611399
0.000000 2556.000000 2591.000000 13.161931 28.801880 808.000000 2.000000 64.366120
0.000000 2557.000000 2594.000000 12.297914 30.097026 809.000000 4.000000 95.115789
0.000000 2557.000000 2593.000000 12.193464 26.810101 809.000000 5.000000 120.319767
0.000000 2562.000000 2590.000000 13.980492 26.614920 812.000000 5.000000 137.688623
0.000000 2562.000000 0.000000 15.436551 0.000000 812.000000 0.000000 0.000000
0.000000 2566.000000 0.000000 16.455684 0.000000 813.000000 0.000000 0.000000
0.000000 2566.000000 0.000000 16.776522 0.000000 813.000000 0.000000 0.000000
0.000000 2590.000000 0.000000 12.320855 0.000000 822.000000 0.000000 0.000000
0.000000 2590.000000 0.000000 14.566135 0.000000 822.000000 0.000000 0.000000
0.000000 2591.000000 2622.000000 14.451936 28.834378 819.000000 3.000000 90.281081
7.000000 2591.000000 0.000000 13.705071 0.000000 819.000000 0.000000 0.000000
0.000000 2593.000000 0.000000 14.308987 0.000000 821.000000 0.000000 0.000000
0.000000 2593.000000 0.000000 13.535980 0.000000 821.000000 0.000000 0.000000
8.000000 2594.000000 0.000000 14.774274 0.000000 820.000000 0.000000 0.000000
0.000000 2594.000000 0.000000 14.655680 0.000000 820.000000 0.000000 0.000000
0.000000 2596.000000 2626.000000 15.605928 29.620157 818.000000 1.000000 39.383784
0.000000 2596.000000 2625.000000 14.597054 29.732549 818.000000 2.000000 66.872340
5.000000 2622.000000 0.000000 13.241664 0.000000 828.000000 0.000000 0.000000
6.000000 2622.000000 0.000000 15.188748 0.000000 828.000000 0.000000 0.000000
3.000000 2625.000000 0.000000 15.373470 0.000000 835.000000 0.000000 0.000000
4.000000 2625.000000 0.000000 14.346180 0.000000 835.000000 0.000000 0.000000
1.000000 2626.000000 0.000000 15.115145 0.000000 834.000000 0.000000 0.000000
2.000000 2626.000000 0.000000 14.360309 0.000000 834.000000 0.000000 0.000000
