0.000000 3.387097 3.576029
1.000000 3.225806 3.450092
2.000000 3.387097 3.616912
3.000000 3.387097 3.670919
4.000000 3.548387 3.857688
5.000000 3.548387 3.828460
6.000000 3.870968 4.112622
7.000000 4.032258 4.221284
8.000000 4.032258 4.280573
9.000000 4.193548 4.442777
10.000000 4.032258 4.423947
11.000000 1.935484 2.124012
12.000000 2.096774 2.335152
13.000000 2.096774 2.291976
14.000000 2.258065 2.452990
15.000000 2.258065 2.453276
16.000000 2.258065 2.435936
17.000000 2.419355 2.638740
18.000000 2.419355 2.673037
19.000000 2.580645 2.759269
20.000000 2.580645 2.741283
21.000000 2.580645 2.755670
22.000000 2.741935 2.866054
23.000000 2.741935 2.920917
24.000000 2.903226 3.031553
25.000000 2.903226 3.047574
26.000000 3.064516 3.162631
27.000000 2.903226 3.139220
28.000000 2.903226 3.159079
29.000000 3.064516 3.301036
30.000000 3.064516 3.338910
31.000000 3.064516 3.327589
32.000000 3.225806 3.481144
33.000000 3.225806 3.515334
34.000000 3.387097 3.680160
35.000000 3.548387 3.848351
36.000000 3.709677 3.923741
37.000000 3.709677 4.074729
38.000000 3.709677 4.032542
39.000000 3.709677 4.132560
40.000000 3.870968 4.209472
41.000000 4.193548 4.351853
42.000000 4.032258 4.478804
43.000000 4.193548 4.605146
44.000000 2.096774 2.333869
45.000000 2.096774 2.294543
46.000000 2.258065 2.514821
47.000000 2.258065 2.490952
48.000000 2.258065 2.449844
49.000000 2.258065 2.514821
50.000000 2.580645 2.714224
51.000000 2.419355 2.691137
52.000000 2.419355 2.688031
53.000000 2.580645 2.819617
54.000000 2.580645 2.789347
55.000000 2.741935 2.952570
56.000000 2.580645 2.869962
57.000000 2.741935 2.971527
58.000000 2.903226 3.170317
59.000000 2.903226 3.173179
60.000000 3.064516 3.316811
61.000000 3.064516 3.274570
62.000000 3.225806 3.492879
63.000000 3.225806 3.535195
64.000000 3.387097 3.618827
65.000000 3.387097 3.637061
66.000000 3.387097 3.716619
67.000000 3.548387 3.817609
68.000000 3.709677 4.093877
69.000000 3.709677 4.097880
70.000000 3.709677 4.120780
71.000000 3.870968 4.276328
72.000000 3.870968 4.239144
73.000000 4.032258 4.460267
74.000000 4.193548 4.650536
75.000000 4.193548 4.652924
76.000000 2.419355 2.660928
77.000000 2.419355 2.587747
78.000000 2.580645 2.845431
79.000000 2.580645 2.755569
80.000000 2.580645 2.783987
81.000000 2.741935 2.946252
82.000000 2.741935 2.981967
83.000000 2.903226 3.101174
84.000000 2.903226 3.194215
85.000000 2.903226 3.099104
86.000000 3.064516 3.382547
87.000000 3.064516 3.347254
88.000000 3.225806 3.463881
89.000000 3.225806 3.529540
90.000000 3.387097 3.644075
91.000000 3.387097 3.726931
92.000000 3.548387 3.894419
93.000000 3.548387 3.863483
94.000000 3.709677 4.019727
95.000000 3.709677 4.039927
96.000000 3.870968 4.176162
97.000000 3.870968 4.264057
98.000000 4.032258 4.381455
99.000000 4.193548 4.530639
100.000000 4.193548 4.578273
101.000000 2.096774 2.208464
102.000000 2.419355 2.571238
103.000000 2.258065 2.380540
104.000000 2.258065 2.356075
105.000000 2.096774 2.318853
106.000000 2.419355 2.630098
107.000000 2.419355 2.527376
108.000000 2.419355 2.598636
109.000000 2.580645 2.765140
110.000000 2.580645 2.729738
111.000000 2.741935 2.911692
112.000000 2.741935 2.897782
113.000000 2.741935 2.887655
114.000000 2.741935 3.006316
115.000000 2.903226 3.104005
116.000000 2.903226 3.122646
117.000000 2.903226 3.202627
118.000000 3.064516 3.295476
119.000000 3.225806 3.432042
120.000000 3.064516 3.377123
121.000000 3.387097 3.605874
122.000000 3.225806 3.555289
123.000000 3.387097 3.666858
124.000000 3.387097 3.752268
125.000000 3.548387 3.949812
126.000000 3.548387 3.931719
127.000000 3.709677 4.103702
128.000000 3.870968 4.168806
129.000000 3.870968 4.272935
130.000000 3.870968 4.326343
131.000000 4.032258 4.479951
132.000000 2.096774 2.338642
133.000000 2.096774 2.299273
134.000000 2.096774 2.320767
135.000000 2.258065 2.489514
136.000000 2.258065 2.493356
137.000000 2.258065 2.480535
138.000000 2.419355 2.626522
139.000000 2.419355 2.630842
140.000000 2.580645 2.845264
141.000000 2.580645 2.799430
142.000000 2.741935 2.950072
143.000000 2.741935 2.963124
144.000000 2.741935 3.025716
145.000000 2.903226 3.172457
146.000000 2.903226 3.209684
147.000000 2.903226 3.180169
148.000000 2.903226 3.222025
149.000000 3.064516 3.357387
150.000000 3.225806 3.510378
151.000000 3.225806 3.578637
152.000000 3.225806 3.600785
153.000000 3.387097 3.762161
154.000000 3.387097 3.798193
155.000000 3.548387 3.954388
156.000000 3.548387 3.923795
157.000000 3.709677 4.099370
158.000000 3.709677 4.215223
159.000000 3.870968 4.373955
160.000000 4.032258 4.483341
161.000000 4.032258 4.509633
162.000000 2.096774 2.228932
163.000000 2.258065 2.443525
164.000000 2.258065 2.400617
165.000000 2.258065 2.460850
166.000000 2.258065 2.423380
167.000000 2.419355 2.573239
168.000000 2.419355 2.599485
169.000000 2.580645 2.759866
170.000000 2.580645 2.785004
171.000000 2.580645 2.718967
172.000000 2.580645 2.778127
173.000000 2.580645 2.827765
174.000000 2.580645 2.823087
175.000000 2.741935 3.000454
176.000000 2.741935 3.002045
177.000000 2.903226 3.133661
178.000000 2.903226 3.214163
179.000000 2.903226 3.189833
180.000000 2.903226 3.240731
181.000000 3.064516 3.416521
182.000000 3.064516 3.355208
183.000000 3.225806 3.539843
184.000000 3.225806 3.591445
185.000000 3.225806 3.570161
186.000000 3.387097 3.704652
187.000000 3.387097 3.698647
188.000000 3.548387 3.905662
189.000000 3.709677 4.093131
190.000000 3.709677 4.111809
191.000000 3.870968 4.260959
192.000000 4.032258 4.425037
193.000000 1.935484 2.070745
194.000000 2.096774 2.244649
195.000000 2.096774 2.229183
196.000000 2.096774 2.220786
197.000000 2.258065 2.402540
198.000000 2.258065 2.406124
199.000000 2.419355 2.566865
200.000000 2.419355 2.556595
201.000000 2.419355 2.543271
202.000000 2.419355 2.574858
203.000000 2.580645 2.685128
204.000000 2.580645 2.744109
205.000000 2.741935 2.776649
206.000000 2.580645 2.797407
207.000000 2.580645 2.803617
208.000000 2.741935 2.942617
209.000000 2.741935 2.945832
210.000000 2.903226 3.017470
211.000000 2.903226 3.165630
212.000000 3.064516 3.229904
213.000000 3.064516 3.306314
214.000000 3.064516 3.287041
215.000000 3.064516 3.406664
216.000000 3.387097 3.625978
217.000000 3.387097 3.595209
218.000000 3.387097 3.646246
219.000000 3.548387 3.834797
220.000000 3.548387 3.835551
221.000000 3.709677 3.950077
222.000000 3.709677 3.983603
223.000000 3.870968 4.177551
224.000000 4.032258 4.415452
225.000000 4.032258 4.365669
226.000000 2.096774 2.231407
227.000000 1.935484 2.083074
228.000000 2.096774 2.217727
229.000000 2.096774 2.310571
230.000000 2.258065 2.399161
231.000000 2.258065 2.392849
232.000000 2.419355 2.561329
233.000000 2.419355 2.585073
234.000000 2.419355 2.574864
235.000000 2.580645 2.622411
236.000000 2.580645 2.771833
237.000000 2.580645 2.656560
238.000000 2.580645 2.779564
239.000000 2.580645 2.794426
240.000000 2.741935 2.936075
241.000000 2.741935 2.923142
242.000000 2.741935 2.987934
243.000000 2.741935 2.987934
244.000000 2.903226 3.091287
245.000000 2.903226 3.164124
246.000000 2.903226 3.183550
247.000000 3.064516 3.341752
248.000000 3.064516 3.314756
249.000000 3.225806 3.458288
250.000000 3.225806 3.475495
251.000000 3.225806 3.462645
252.000000 3.387097 3.626590
253.000000 3.387097 3.648456
254.000000 3.548387 3.794622
255.000000 3.548387 3.866906
256.000000 1.935484 2.001523
257.000000 2.096774 2.215682
258.000000 2.096774 2.198444
259.000000 1.935484 2.010135
260.000000 2.096774 2.170747
261.000000 2.096774 2.202405
262.000000 1.935484 2.098266
263.000000 2.096774 2.263258
264.000000 2.258065 2.300559
265.000000 2.096774 2.240045
266.000000 2.258065 2.427041
267.000000 2.419355 2.534034
268.000000 2.258065 2.470548
269.000000 2.580645 2.677702
270.000000 2.419355 2.665032
271.000000 2.580645 2.719152
272.000000 2.419355 2.698194
273.000000 2.580645 2.772277
274.000000 2.580645 2.836502
275.000000 2.580645 2.828597
276.000000 2.741935 2.997591
277.000000 2.741935 3.003041
278.000000 3.064516 3.200984
279.000000 2.903226 3.174784
280.000000 2.903226 3.209500
281.000000 3.064516 3.353891
282.000000 3.064516 3.321719
283.000000 3.064516 3.406898
284.000000 3.225806 3.498391
285.000000 3.225806 3.543791
286.000000 3.387097 3.691864
287.000000 3.387097 3.742494
288.000000 3.548387 3.883544
289.000000 3.548387 3.934179
290.000000 3.548387 3.918830
291.000000 3.709677 4.108311
292.000000 3.709677 4.089354
293.000000 3.870968 4.254200
294.000000 1.935484 2.132354
295.000000 2.096774 2.350155
296.000000 2.096774 2.313717
297.000000 2.096774 2.352186
298.000000 2.096774 2.293487
299.000000 2.258065 2.488078
300.000000 2.419355 2.523780
301.000000 2.419355 2.529479
302.000000 2.580645 2.727596
303.000000 2.419355 2.623488
304.000000 2.580645 2.760264
305.000000 2.580645 2.723800
306.000000 2.580645 2.814582
307.000000 2.580645 2.844026
308.000000 2.580645 2.884484
309.000000 2.741935 3.036335
310.000000 2.741935 3.004521
311.000000 2.903226 3.206770
312.000000 2.903226 3.197171
313.000000 2.903226 3.189500
314.000000 3.064516 3.367986
315.000000 3.064516 3.401236
316.000000 3.225806 3.566052
317.000000 3.225806 3.559714
318.000000 3.225806 3.600881
319.000000 3.225806 3.612920
320.000000 3.387097 3.778926
321.000000 3.387097 3.751049
322.000000 3.548387 3.972906
323.000000 3.548387 3.895885
324.000000 3.709677 4.136820
325.000000 3.709677 4.158097
326.000000 3.870968 4.295006
327.000000 3.870968 4.358557
328.000000 4.032258 4.536667
329.000000 2.096774 2.317291
330.000000 2.258065 2.548464
331.000000 2.419355 2.707671
332.000000 2.258065 2.511403
333.000000 2.258065 2.523013
334.000000 2.419355 2.546261
335.000000 2.580645 2.730366
336.000000 2.580645 2.691518
337.000000 2.741935 2.908581
338.000000 2.580645 2.798807
339.000000 2.741935 2.950868
340.000000 2.903226 3.034012
341.000000 2.903226 3.029942
342.000000 2.903226 3.145516
343.000000 2.903226 3.170558
344.000000 3.064516 3.309929
345.000000 3.064516 3.280721
346.000000 3.064516 3.309085
347.000000 3.225806 3.499784
348.000000 3.225806 3.546439
349.000000 3.387097 3.645230
350.000000 3.387097 3.656954
351.000000 3.548387 3.871546
352.000000 3.709677 4.047571
353.000000 3.709677 4.062883
354.000000 3.870968 4.245240
355.000000 3.870968 4.217971
356.000000 4.032258 4.418101
357.000000 4.032258 4.490760
358.000000 4.193548 4.623341
359.000000 2.258065 2.397464
360.000000 2.258065 2.424314
361.000000 2.258065 2.401672
362.000000 2.258065 2.448324
363.000000 2.258065 2.431658
364.000000 2.419355 2.576612
365.000000 2.419355 2.573285
366.000000 2.580645 2.697156
367.000000 2.580645 2.717305
368.000000 2.741935 2.899619
369.000000 2.580645 2.842109
370.000000 2.741935 2.864299
371.000000 2.741935 2.969944
372.000000 2.741935 2.983031
373.000000 2.903226 3.134650
374.000000 2.903226 3.136107
375.000000 3.064516 3.310579
376.000000 3.064516 3.328697
377.000000 3.064516 3.349127
378.000000 3.225806 3.501719
379.000000 3.225806 3.474142
380.000000 3.387097 3.694926
381.000000 3.387097 3.727455
382.000000 3.548387 3.917118
383.000000 3.548387 3.891399
384.000000 3.709677 4.098705
385.000000 2.096774 2.252977
386.000000 2.096774 2.285386
387.000000 2.258065 2.334645
388.000000 2.258065 2.353772
389.000000 2.258065 2.423694
390.000000 2.258065 2.424418
391.000000 2.419355 2.535844
392.000000 2.419355 2.577328
393.000000 2.419355 2.577512
394.000000 2.419355 2.700012
395.000000 2.580645 2.733850
396.000000 2.580645 2.794584
397.000000 2.580645 2.823491
398.000000 2.741935 2.942565
399.000000 2.741935 2.983184
400.000000 2.741935 3.028986
401.000000 2.741935 2.962688
402.000000 2.903226 3.195315
403.000000 2.903226 3.200912
404.000000 2.903226 3.209213
405.000000 3.064516 3.293905
406.000000 3.064516 3.381228
407.000000 3.225806 3.574390
408.000000 3.225806 3.558306
409.000000 3.387097 3.682955
410.000000 3.387097 3.777024
411.000000 3.548387 3.953630
412.000000 3.548387 3.933649
413.000000 3.709677 4.129510
414.000000 3.709677 4.106642
415.000000 3.870968 4.317974
416.000000 3.870968 4.341810
417.000000 4.032258 4.518993
418.000000 4.032258 4.487792
419.000000 4.193548 4.642709
420.000000 2.258065 2.479229
421.000000 2.258065 2.471685
422.000000 2.258065 2.455447
423.000000 2.419355 2.638604
424.000000 2.419355 2.646263
425.000000 2.419355 2.643717
426.000000 2.580645 2.734538
427.000000 2.580645 2.809884
428.000000 2.741935 2.973242
429.000000 2.741935 2.966087
430.000000 2.741935 2.972885
431.000000 2.903226 3.109534
432.000000 2.903226 3.109308
433.000000 2.903226 3.149792
434.000000 2.903226 3.175017
435.000000 2.903226 3.142464
436.000000 3.064516 3.383774
437.000000 3.064516 3.329883
438.000000 3.064516 3.347886
439.000000 3.064516 3.349964
440.000000 3.387097 3.658886
441.000000 3.387097 3.706513
442.000000 3.387097 3.709170
443.000000 3.548387 3.788247
444.000000 3.548387 3.927135
445.000000 3.709677 4.056384
446.000000 3.709677 4.074105
447.000000 3.870968 4.206503
448.000000 4.032258 4.354446
449.000000 4.032258 4.444528
450.000000 4.193548 4.512300
451.000000 4.193548 4.615579
452.000000 4.354839 4.782191
453.000000 4.354839 4.759330
454.000000 4.516129 4.950768
455.000000 4.677419 5.122163
456.000000 4.838710 5.256095
457.000000 4.838710 5.340863
458.000000 5.161290 5.613929
459.000000 5.161290 5.744412
460.000000 5.161290 5.811226
461.000000 5.322581 5.919401
462.000000 5.483871 6.056991
463.000000 5.645161 6.170319
464.000000 5.645161 6.293198
465.000000 5.806452 6.464918
466.000000 5.967742 6.658403
467.000000 6.129032 6.785471
468.000000 6.290323 6.881959
469.000000 6.451613 7.067695
470.000000 6.612903 7.283621
471.000000 6.774194 7.447912
472.000000 6.612903 7.484688
473.000000 7.096774 7.809442
474.000000 7.096774 7.930193
475.000000 7.258065 8.152112
476.000000 7.419355 8.272852
477.000000 7.741935 8.526124
478.000000 7.903226 8.731639
479.000000 8.064516 8.967095
480.000000 8.225806 9.068738
481.000000 8.387097 9.360280
482.000000 4.677419 5.175780
483.000000 4.838710 5.358097
484.000000 4.838710 5.446459
485.000000 5.000000 5.541385
486.000000 5.000000 5.579904
487.000000 5.161290 5.788873
488.000000 5.322581 5.867277
489.000000 5.322581 5.988057
490.000000 5.483871 6.167738
491.000000 5.645161 6.392751
492.000000 5.645161 6.388797
493.000000 5.967742 6.590964
494.000000 5.967742 6.734369
495.000000 6.290323 6.992573
496.000000 6.451613 7.122146
497.000000 6.451613 7.185006
498.000000 6.451613 7.316692
499.000000 3.709677 3.977918
500.000000 3.548387 3.966072
501.000000 3.870968 4.148754
502.000000 3.870968 4.195282
503.000000 3.870968 4.312025
504.000000 3.870968 4.365794
505.000000 4.032258 4.460427
506.000000 4.193548 4.636562
507.000000 4.354839 4.805243
508.000000 4.516129 4.880214
509.000000 4.354839 4.829486
510.000000 4.677419 5.203896
511.000000 4.677419 5.205113
512.000000 4.838710 5.380504
513.000000 5.000000 5.546963
514.000000 5.161290 5.716742
515.000000 5.161290 5.664871
516.000000 5.322581 5.924605
517.000000 5.483871 6.127617
518.000000 2.741935 3.005524
519.000000 2.741935 2.996627
520.000000 2.741935 3.042092
521.000000 2.903226 3.223740
522.000000 2.903226 3.214680
523.000000 2.903226 3.209650
524.000000 3.064516 3.388905
525.000000 3.064516 3.396683
526.000000 3.225806 3.435155
527.000000 3.225806 3.473286
528.000000 3.225806 3.533334
529.000000 3.225806 3.526884
530.000000 3.387097 3.755674
531.000000 3.387097 3.682902
532.000000 3.387097 3.695886
533.000000 3.548387 3.859436
534.000000 3.548387 3.876333
535.000000 3.709677 4.020624
536.000000 3.709677 4.038414
537.000000 3.709677 4.072292
538.000000 3.870968 4.267579
539.000000 3.870968 4.329398
540.000000 4.032258 4.461694
541.000000 4.032258 4.500542
542.000000 4.193548 4.681772
543.000000 2.258065 2.435832
544.000000 2.258065 2.467969
545.000000 2.419355 2.565777
546.000000 2.419355 2.572962
547.000000 2.419355 2.651042
548.000000 2.580645 2.774286
549.000000 2.580645 2.760935
550.000000 2.741935 2.927961
551.000000 2.741935 2.930565
552.000000 2.741935 2.931061
553.000000 2.741935 2.917552
554.000000 2.903226 3.090470
555.000000 2.903226 3.084834
556.000000 2.903226 3.084416
557.000000 2.903226 3.153760
558.000000 2.903226 3.159097
559.000000 2.903226 3.161748
560.000000 3.064516 3.446141
561.000000 3.064516 3.378486
562.000000 3.064516 3.396673
563.000000 3.225806 3.610858
564.000000 3.225806 3.643788
565.000000 3.387097 3.825678
566.000000 3.548387 4.001192
567.000000 3.548387 4.004949
568.000000 3.548387 4.029063
569.000000 3.548387 4.058795
570.000000 3.709677 4.225255
571.000000 3.709677 4.244157
572.000000 3.709677 4.249080
573.000000 3.870968 4.463356
574.000000 1.935484 2.154661
575.000000 2.096774 2.334321
576.000000 1.935484 2.118163
577.000000 1.935484 2.120443
578.000000 2.096774 2.318973
579.000000 2.096774 2.326956
580.000000 2.258065 2.482704
581.000000 2.258065 2.474553
582.000000 2.258065 2.476419
583.000000 2.419355 2.546709
584.000000 2.419355 2.631018
585.000000 2.419355 2.613677
586.000000 2.419355 2.644500
587.000000 2.741935 2.829681
588.000000 2.741935 2.875669
589.000000 2.741935 2.891871
590.000000 2.741935 2.959263
591.000000 2.903226 3.051182
592.000000 3.064516 3.228339
593.000000 2.903226 3.176120
594.000000 2.903226 3.211722
595.000000 3.064516 3.353158
596.000000 3.225806 3.428706
597.000000 3.064516 3.406931
598.000000 3.225806 3.571285
599.000000 3.387097 3.719792
600.000000 3.387097 3.771269
601.000000 3.548387 3.907323
602.000000 1.774194 1.908492
603.000000 1.935484 2.072466
604.000000 1.935484 2.076292
605.000000 1.935484 2.094831
606.000000 1.935484 2.152240
607.000000 2.096774 2.257072
608.000000 2.096774 2.248254
609.000000 2.258065 2.455523
610.000000 2.258065 2.422980
611.000000 2.258065 2.408391
612.000000 2.258065 2.449226
613.000000 2.419355 2.576397
614.000000 2.419355 2.616894
615.000000 2.419355 2.627236
616.000000 2.419355 2.634070
617.000000 2.419355 2.644509
618.000000 2.419355 2.661096
619.000000 2.741935 2.916729
620.000000 2.741935 2.923327
621.000000 2.741935 2.904832
622.000000 2.903226 3.079825
623.000000 2.903226 3.070826
624.000000 2.903226 3.163973
625.000000 2.903226 3.188751
626.000000 3.064516 3.325670
627.000000 3.064516 3.288390
628.000000 3.225806 3.484817
629.000000 3.225806 3.502303
630.000000 3.225806 3.530512
631.000000 3.387097 3.628442
632.000000 3.387097 3.815177
633.000000 3.387097 3.787371
634.000000 3.548387 3.896356
635.000000 3.548387 3.960154
636.000000 3.709677 4.109260
637.000000 3.870968 4.210164
638.000000 3.870968 4.339758
639.000000 3.870968 4.389038
640.000000 4.032258 4.529226
641.000000 4.193548 4.701513
642.000000 2.096774 2.319335
643.000000 2.258065 2.487873
644.000000 2.258065 2.487873
645.000000 2.258065 2.513404
646.000000 2.419355 2.640905
647.000000 2.419355 2.668989
648.000000 2.419355 2.661014
649.000000 2.419355 2.677110
650.000000 2.580645 2.826761
651.000000 2.741935 2.943017
652.000000 2.741935 2.913386
653.000000 2.741935 2.991530
654.000000 2.903226 3.015025
655.000000 2.741935 3.012389
656.000000 2.903226 3.166364
657.000000 2.903226 3.231017
658.000000 2.903226 3.231017
659.000000 3.064516 3.368880
660.000000 3.064516 3.422063
661.000000 3.225806 3.566390
662.000000 3.225806 3.560883
663.000000 3.225806 3.600035
664.000000 3.387097 3.696699
665.000000 3.387097 3.808682
666.000000 3.387097 3.835752
667.000000 3.548387 4.015287
668.000000 3.709677 4.159091
669.000000 1.935484 2.152240
670.000000 1.935484 2.152240
671.000000 1.935484 2.146166
672.000000 2.096774 2.348408
673.000000 2.096774 2.364447
674.000000 2.096774 2.333062
675.000000 2.096774 2.346825
676.000000 2.258065 2.516492
677.000000 2.258065 2.480065
678.000000 2.419355 2.612338
679.000000 2.419355 2.664478
680.000000 2.580645 2.815595
681.000000 2.580645 2.818009
682.000000 2.580645 2.801508
683.000000 2.741935 3.001643
684.000000 2.580645 2.857776
685.000000 2.580645 2.856421
686.000000 2.741935 3.050323
687.000000 2.903226 3.169387
688.000000 2.903226 3.201107
689.000000 2.903226 3.218306
690.000000 3.064516 3.396725
691.000000 3.064516 3.352772
692.000000 3.064516 3.397486
693.000000 3.225806 3.555912
694.000000 3.225806 3.542409
695.000000 3.387097 3.730323
696.000000 3.387097 3.726808
697.000000 3.548387 3.911717
698.000000 3.548387 3.915975
699.000000 3.709677 4.082823
700.000000 3.709677 4.075711
701.000000 3.870968 4.301404
702.000000 3.870968 4.260560
703.000000 4.032258 4.489548
704.000000 4.032258 4.430003
705.000000 4.193548 4.590091
706.000000 4.354839 4.826624
707.000000 4.516129 4.923154
708.000000 4.516129 5.020010
709.000000 4.677419 5.165718
710.000000 4.677419 5.138609
711.000000 4.838710 5.359245
712.000000 5.000000 5.518144
713.000000 5.000000 5.582848
714.000000 5.161290 5.738666
715.000000 5.322581 5.881969
716.000000 5.322581 5.912585
717.000000 5.483871 6.177720
718.000000 5.645161 6.349824
719.000000 5.806452 6.457224
720.000000 5.967742 6.785408
721.000000 2.741935 3.010805
722.000000 2.741935 2.996679
723.000000 2.903226 3.214591
724.000000 2.903226 3.209877
725.000000 3.064516 3.356681
726.000000 3.064516 3.313669
727.000000 3.064516 3.321660
728.000000 3.225806 3.480497
729.000000 3.225806 3.524379
730.000000 3.225806 3.566341
731.000000 3.387097 3.711991
732.000000 3.548387 3.857967
733.000000 3.548387 3.857430
734.000000 3.548387 3.943661
735.000000 3.709677 4.038464
736.000000 3.709677 4.096682
737.000000 3.870968 4.306080
738.000000 3.870968 4.282210
739.000000 4.032258 4.412119
740.000000 4.032258 4.387374
741.000000 4.193548 4.532530
742.000000 4.193548 4.602192
743.000000 4.354839 4.849726
744.000000 4.354839 4.833873
745.000000 4.516129 5.007620
746.000000 4.516129 5.034919
747.000000 4.677419 5.191553
748.000000 4.838710 5.449182
749.000000 2.741935 2.999489
750.000000 2.741935 3.003839
751.000000 2.741935 3.000649
752.000000 2.903226 3.170536
753.000000 2.903226 3.140794
754.000000 2.903226 3.199208
755.000000 3.064516 3.408403
756.000000 3.064516 3.411538
757.000000 3.225806 3.569903
758.000000 3.225806 3.592270
759.000000 3.387097 3.693829
760.000000 3.387097 3.662728
761.000000 3.548387 3.860930
762.000000 3.548387 3.882220
763.000000 3.709677 4.035005
764.000000 3.709677 4.069932
765.000000 3.870968 4.230355
766.000000 3.870968 4.270254
767.000000 4.032258 4.461209
768.000000 4.032258 4.507552
769.000000 4.193548 4.671763
770.000000 4.354839 4.845134
771.000000 4.516129 4.990044
772.000000 4.516129 5.045179
773.000000 4.677419 5.216510
774.000000 2.419355 2.705693
775.000000 2.419355 2.652830
776.000000 2.580645 2.834125
777.000000 2.580645 2.862033
778.000000 2.580645 2.833457
779.000000 2.741935 3.023555
780.000000 2.741935 3.004497
781.000000 2.903226 3.132444
782.000000 2.903226 3.093539
783.000000 2.903226 3.215042
784.000000 2.903226 3.210899
785.000000 3.064516 3.361142
786.000000 3.064516 3.449415
787.000000 3.225806 3.577589
788.000000 3.225806 3.573839
789.000000 3.387097 3.759717
790.000000 3.548387 3.902947
791.000000 3.548387 3.898399
792.000000 3.548387 3.950738
793.000000 3.709677 4.123521
794.000000 3.870968 4.257340
795.000000 3.870968 4.318024
796.000000 4.032258 4.496195
797.000000 4.193548 4.659734
798.000000 2.096774 2.312318
799.000000 2.096774 2.295118
800.000000 2.096774 2.231767
801.000000 2.258065 2.435472
802.000000 2.258065 2.432675
803.000000 2.258065 2.427741
804.000000 2.419355 2.608465
805.000000 2.419355 2.617559
806.000000 2.580645 2.737304
807.000000 2.580645 2.794596
808.000000 2.580645 2.768071
809.000000 2.580645 2.800365
810.000000 2.580645 2.788330
811.000000 2.741935 2.969179
812.000000 2.741935 2.923984
813.000000 2.741935 2.981067
814.000000 2.903226 3.125309
815.000000 2.903226 3.149822
816.000000 2.903226 3.105773
817.000000 2.903226 3.178260
818.000000 3.064516 3.340556
819.000000 3.064516 3.359824
820.000000 3.064516 3.368969
821.000000 3.225806 3.526242
822.000000 3.225806 3.548649
823.000000 3.225806 3.582268
824.000000 3.387097 3.761428
825.000000 3.387097 3.774228
826.000000 3.548387 3.912302
827.000000 3.548387 3.902274
828.000000 3.548387 3.940552
829.000000 3.709677 4.131225
830.000000 3.870968 4.312186
831.000000 2.096774 2.216053
832.000000 2.096774 2.262487
833.000000 2.096774 2.264549
834.000000 2.258065 2.485425
835.000000 2.258065 2.406147
836.000000 2.419355 2.608090
837.000000 2.419355 2.612086
838.000000 2.419355 2.608479
839.000000 2.580645 2.789976
840.000000 2.580645 2.721439
841.000000 2.580645 2.780570
842.000000 2.741935 2.910241
843.000000 2.741935 2.920602
844.000000 2.741935 2.962715
845.000000 2.903226 3.093100
846.000000 2.903226 3.145325
847.000000 3.064516 3.261550
848.000000 3.064516 3.281999
849.000000 3.064516 3.332852
850.000000 3.225806 3.464922
851.000000 3.225806 3.506478
852.000000 3.387097 3.658512
853.000000 3.387097 3.678926
854.000000 3.387097 3.723557
855.000000 3.548387 3.856875
856.000000 3.548387 3.897545
857.000000 3.709677 4.069940
858.000000 3.709677 4.113489
859.000000 3.870968 4.301364
860.000000 3.870968 4.293500
861.000000 4.032258 4.457127
862.000000 4.193548 4.588805
863.000000 4.193548 4.684789
864.000000 4.193548 4.700665
865.000000 2.096774 2.285386
866.000000 2.258065 2.471806
867.000000 2.258065 2.438110
868.000000 2.258065 2.457280
869.000000 2.419355 2.568054
870.000000 2.419355 2.548483
871.000000 2.419355 2.567197
872.000000 2.419355 2.592164
873.000000 2.580645 2.705696
874.000000 2.580645 2.742192
875.000000 2.741935 2.871097
876.000000 2.741935 2.918529
877.000000 2.741935 2.916309
878.000000 2.741935 2.910297
879.000000 2.903226 3.045367
880.000000 2.903226 3.100867
881.000000 3.064516 3.217310
882.000000 3.064516 3.280547
883.000000 3.225806 3.414585
884.000000 3.225806 3.475188
885.000000 3.064516 3.430773
886.000000 3.225806 3.461797
887.000000 3.387097 3.605688
888.000000 3.548387 3.806215
889.000000 3.548387 3.819207
890.000000 3.548387 3.869801
891.000000 3.709677 3.991514
892.000000 3.870968 4.222695
893.000000 3.870968 4.194392
894.000000 4.032258 4.385800
895.000000 4.032258 4.462479
896.000000 2.096774 2.198491
897.000000 2.096774 2.306477
898.000000 2.258065 2.463066
899.000000 2.258065 2.403139
900.000000 2.258065 2.412105
901.000000 2.258065 2.448830
902.000000 2.258065 2.429377
903.000000 2.419355 2.561368
904.000000 2.419355 2.591891
905.000000 2.580645 2.761054
906.000000 2.580645 2.693138
907.000000 2.741935 2.916995
908.000000 2.741935 2.856122
909.000000 2.741935 2.912431
910.000000 2.741935 2.946625
911.000000 2.741935 2.980658
912.000000 2.903226 3.161184
913.000000 2.903226 3.145331
914.000000 3.064516 3.293466
915.000000 3.064516 3.306439
916.000000 3.064516 3.375426
917.000000 3.064516 3.359736
918.000000 3.225806 3.513166
919.000000 3.387097 3.673863
920.000000 3.387097 3.695148
921.000000 3.387097 3.712956
922.000000 3.548387 3.912488
923.000000 3.709677 4.024760
924.000000 3.709677 4.008177
925.000000 3.709677 4.162101
926.000000 3.870968 4.262701
927.000000 4.032258 4.461992
928.000000 4.032258 4.487820
929.000000 2.096774 2.257388
930.000000 2.096774 2.233987
931.000000 2.258065 2.358581
932.000000 2.258065 2.348874
933.000000 2.258065 2.449227
934.000000 2.258065 2.471806
935.000000 2.419355 2.543745
936.000000 2.419355 2.609167
937.000000 2.419355 2.587612
938.000000 2.580645 2.671734
939.000000 2.580645 2.693146
940.000000 2.580645 2.765613
941.000000 2.580645 2.814452
942.000000 2.580645 2.794301
943.000000 2.741935 2.944279
944.000000 2.741935 2.981159
945.000000 2.741935 2.986116
946.000000 2.903226 3.112776
947.000000 2.903226 3.197487
948.000000 3.064516 3.275960
949.000000 3.064516 3.282910
950.000000 3.064516 3.323177
951.000000 3.225806 3.473173
952.000000 3.225806 3.453338
953.000000 3.225806 3.475094
954.000000 3.387097 3.701858
955.000000 3.387097 3.716673
956.000000 3.548387 3.823545
957.000000 3.548387 3.882148
958.000000 3.709677 4.082807
959.000000 3.870968 4.222461
960.000000 3.870968 4.210403
961.000000 4.032258 4.367096
962.000000 4.032258 4.437788
963.000000 2.258065 2.396077
964.000000 2.258065 2.433176
965.000000 2.258065 2.408328
966.000000 2.419355 2.581415
967.000000 2.419355 2.563929
968.000000 2.580645 2.766044
969.000000 2.580645 2.723737
970.000000 2.580645 2.742261
971.000000 2.580645 2.789743
972.000000 2.741935 2.918027
973.000000 2.741935 2.930438
974.000000 2.741935 2.906298
975.000000 2.741935 2.917039
976.000000 2.903226 3.154905
977.000000 2.903226 3.191638
978.000000 2.903226 3.173335
979.000000 2.903226 3.160491
980.000000 3.064516 3.356042
981.000000 3.064516 3.311631
982.000000 3.225806 3.522436
983.000000 3.225806 3.555744
984.000000 3.387097 3.716689
985.000000 3.387097 3.676404
986.000000 3.387097 3.734846
987.000000 3.548387 3.886480
988.000000 3.548387 3.888408
989.000000 3.709677 4.102639
990.000000 3.870968 4.225053
991.000000 3.870968 4.250623
992.000000 2.096774 2.251261
993.000000 2.096774 2.286384
994.000000 2.258065 2.444887
995.000000 2.258065 2.435022
996.000000 2.258065 2.490297
997.000000 2.419355 2.584927
998.000000 2.419355 2.584927
999.000000 2.419355 2.578952
1000.000000 2.580645 2.741005
1001.000000 2.580645 2.789743
1002.000000 2.580645 2.723640
1003.000000 2.741935 2.948854
1004.000000 2.741935 2.943045
1005.000000 2.741935 2.939616
1006.000000 2.741935 2.932736
1007.000000 2.741935 2.935810
1008.000000 2.903226 3.126562
1009.000000 2.903226 3.134376
1010.000000 2.903226 3.159524
1011.000000 3.064516 3.304716
1012.000000 3.225806 3.451998
1013.000000 3.225806 3.452414
1014.000000 3.225806 3.493152
1015.000000 3.387097 3.620363
1016.000000 3.387097 3.622880
1017.000000 3.387097 3.626176
1018.000000 3.548387 3.832297
1019.000000 3.548387 3.825885
1020.000000 3.709677 4.033252
1021.000000 3.709677 3.990881
1022.000000 3.870968 4.155854
1023.000000 3.870968 4.188994
1024.000000 4.032258 4.351701
1025.000000 4.193548 4.541465
1026.000000 4.193548 4.637416
1027.000000 2.096774 2.268432
1028.000000 2.096774 2.281472
1029.000000 2.096774 2.307753
1030.000000 2.258065 2.433804
1031.000000 2.258065 2.463886
1032.000000 2.258065 2.441615
1033.000000 2.419355 2.634297
1034.000000 2.419355 2.606723
1035.000000 2.419355 2.606723
1036.000000 2.580645 2.750303
1037.000000 2.580645 2.737987
1038.000000 2.580645 2.784753
1039.000000 2.580645 2.763693
1040.000000 2.741935 2.978479
1041.000000 2.741935 2.953359
1042.000000 2.741935 2.971086
1043.000000 2.903226 3.132172
1044.000000 2.903226 3.219326
1045.000000 2.903226 3.186929
1046.000000 3.064516 3.295820
1047.000000 3.064516 3.313051
1048.000000 3.225806 3.518205
1049.000000 3.225806 3.550463
1050.000000 3.225806 3.515516
1051.000000 3.387097 3.655645
1052.000000 3.387097 3.720421
1053.000000 3.548387 3.847320
1054.000000 3.548387 3.912222
1055.000000 3.709677 4.141686
1056.000000 3.870968 4.233856
1057.000000 3.870968 4.237001
1058.000000 4.032258 4.423074
1059.000000 4.032258 4.472678
1060.000000 4.193548 4.636424
1061.000000 4.193548 4.648425
1062.000000 2.258065 2.448052
1063.000000 2.258065 2.401356
1064.000000 2.258065 2.502294
1065.000000 2.419355 2.660877
1066.000000 2.419355 2.647285
1067.000000 2.580645 2.814353
1068.000000 2.580645 2.811722
1069.000000 2.580645 2.814001
1070.000000 2.741935 2.978034
1071.000000 2.741935 3.000208
1072.000000 2.903226 3.076037
1073.000000 2.903226 3.208469
1074.000000 2.903226 3.140042
1075.000000 3.064516 3.350911
1076.000000 3.064516 3.313624
1077.000000 3.225806 3.535319
1078.000000 3.225806 3.478592
1079.000000 3.225806 3.518645
1080.000000 3.387097 3.680865
1081.000000 3.387097 3.727689
1082.000000 3.548387 3.940636
1083.000000 3.548387 3.942026
1084.000000 3.709677 4.071765
1085.000000 3.870968 4.238282
1086.000000 3.870968 4.234358
1087.000000 4.032258 4.557347
1088.000000 4.032258 4.551981
1089.000000 2.096774 2.283833
1090.000000 2.096774 2.199399
1091.000000 2.258065 2.452766
1092.000000 2.258065 2.427459
1093.000000 2.258065 2.449227
1094.000000 2.258065 2.460083
1095.000000 2.419355 2.625521
1096.000000 2.419355 2.627980
1097.000000 2.419355 2.615438
1098.000000 2.580645 2.774659
1099.000000 2.580645 2.781226
1100.000000 2.580645 2.805702
1101.000000 2.580645 2.818673
1102.000000 2.580645 2.808007
1103.000000 2.741935 2.981708
1104.000000 2.741935 2.954390
1105.000000 2.903226 3.130817
1106.000000 2.903226 3.158327
1107.000000 2.903226 3.189024
1108.000000 2.903226 3.195762
1109.000000 2.903226 3.192382
1110.000000 3.064516 3.362413
1111.000000 3.064516 3.328760
1112.000000 3.225806 3.550867
1113.000000 3.225806 3.557032
1114.000000 3.387097 3.690571
1115.000000 3.387097 3.741609
1116.000000 3.548387 3.901675
1117.000000 3.548387 3.875057
1118.000000 3.709677 4.129771
1119.000000 3.709677 4.116680
1120.000000 3.870968 4.263633
1121.000000 4.032258 4.513630
1122.000000 2.096774 2.281196
1123.000000 2.258065 2.472856
1124.000000 2.258065 2.454934
1125.000000 2.419355 2.550306
1126.000000 2.419355 2.576993
1127.000000 2.258065 2.472296
1128.000000 2.580645 2.766825
1129.000000 2.580645 2.756914
1130.000000 2.419355 2.697487
1131.000000 2.741935 2.878933
1132.000000 2.741935 2.902477
1133.000000 2.741935 2.970854
1134.000000 2.741935 2.999354
1135.000000 2.741935 2.971406
1136.000000 2.903226 3.141954
1137.000000 2.903226 3.107633
1138.000000 2.903226 3.111215
1139.000000 3.064516 3.282622
1140.000000 3.064516 3.305774
1141.000000 3.225806 3.491483
1142.000000 3.225806 3.517122
1143.000000 3.225806 3.513891
1144.000000 3.387097 3.620300
1145.000000 3.387097 3.735507
1146.000000 3.548387 3.866473
1147.000000 3.548387 3.871651
1148.000000 3.548387 3.969379
1149.000000 1.774194 1.876845
1150.000000 2.096774 2.268434
1151.000000 1.935484 2.061518
1152.000000 1.935484 2.069307
1153.000000 1.935484 2.059885
1154.000000 1.935484 2.081423
1155.000000 2.096774 2.224480
1156.000000 2.096774 2.223761
1157.000000 2.096774 2.225509
1158.000000 2.258065 2.387981
1159.000000 2.258065 2.390533
1160.000000 2.258065 2.376359
1161.000000 2.258065 2.405631
1162.000000 2.419355 2.596410
1163.000000 2.419355 2.620256
1164.000000 2.419355 2.618271
1165.000000 2.419355 2.629437
1166.000000 2.419355 2.660075
1167.000000 2.580645 2.826727
1168.000000 2.580645 2.814227
1169.000000 2.580645 2.772208
1170.000000 2.741935 2.935301
1171.000000 2.741935 2.886759
1172.000000 2.741935 2.942861
1173.000000 2.741935 2.995378
1174.000000 2.903226 3.121888
1175.000000 3.064516 3.283059
1176.000000 3.064516 3.312808
1177.000000 3.225806 3.437648
1178.000000 3.064516 3.392395
1179.000000 3.225806 3.489552
1180.000000 3.387097 3.706997
1181.000000 3.387097 3.634357
1182.000000 3.548387 3.845810
1183.000000 3.548387 3.868561
1184.000000 3.709677 4.021396
1185.000000 3.709677 4.064175
1186.000000 3.870968 4.243979
1187.000000 3.870968 4.237474
1188.000000 4.032258 4.354856
1189.000000 4.193548 4.507804
1190.000000 4.193548 4.511434
1191.000000 4.354839 4.761715
1192.000000 4.516129 4.865544
1193.000000 2.580645 2.731589
1194.000000 2.580645 2.749757
1195.000000 2.580645 2.821237
1196.000000 2.741935 3.004868
1197.000000 2.741935 3.023644
1198.000000 2.903226 3.159817
1199.000000 3.064516 3.204286
1200.000000 3.064516 3.256450
1201.000000 3.064516 3.264423
1202.000000 3.225806 3.446486
1203.000000 3.064516 3.370054
1204.000000 3.225806 3.559877
1205.000000 3.225806 3.558616
1206.000000 3.387097 3.703376
1207.000000 3.387097 3.750839
1208.000000 3.548387 3.907795
1209.000000 3.548387 3.934451
1210.000000 3.709677 4.105017
1211.000000 3.870968 4.286420
1212.000000 3.870968 4.178596
1213.000000 4.032258 4.467185
1214.000000 4.193548 4.650251
1215.000000 4.193548 4.656812
1216.000000 4.354839 4.871938
1217.000000 4.516129 4.985367
1218.000000 4.677419 5.158748
1219.000000 4.677419 5.223333
1220.000000 4.838710 5.398000
1221.000000 2.580645 2.782409
1222.000000 2.741935 2.980367
1223.000000 2.741935 2.963861
1224.000000 2.903226 3.122142
1225.000000 2.903226 3.141351
1226.000000 2.903226 3.115712
1227.000000 2.903226 3.131081
1228.000000 3.064516 3.357369
1229.000000 3.225806 3.484183
1230.000000 3.225806 3.513060
1231.000000 3.225806 3.534453
1232.000000 3.387097 3.688368
1233.000000 3.387097 3.689331
1234.000000 3.387097 3.663605
1235.000000 3.548387 3.851652
1236.000000 3.548387 3.945722
1237.000000 3.709677 4.016973
1238.000000 3.709677 4.118529
1239.000000 3.870968 4.243357
1240.000000 1.935484 2.065630
1241.000000 1.935484 2.191161
1242.000000 1.935484 2.103873
1243.000000 1.935484 2.191161
1244.000000 2.096774 2.177615
1245.000000 2.096774 2.195623
1246.000000 2.258065 2.405197
1247.000000 2.258065 2.392707
1248.000000 2.258065 2.392707
1249.000000 2.258065 2.412613
1250.000000 2.419355 2.577567
1251.000000 2.419355 2.565177
1252.000000 2.580645 2.722186
1253.000000 2.580645 2.743452
1254.000000 2.580645 2.751079
1255.000000 2.741935 2.886404
1256.000000 2.741935 2.909046
1257.000000 2.903226 3.048370
1258.000000 2.903226 3.130985
1259.000000 2.903226 3.137987
1260.000000 2.903226 3.134189
1261.000000 3.064516 3.326020
1262.000000 3.064516 3.339535
1263.000000 3.225806 3.510053
1264.000000 3.225806 3.502598
1265.000000 3.387097 3.691457
1266.000000 3.387097 3.683989
1267.000000 3.548387 3.857933
1268.000000 3.548387 3.877494
1269.000000 3.709677 4.066270
1270.000000 3.870968 4.272822
1271.000000 3.870968 4.267105
1272.000000 4.032258 4.435728
1273.000000 4.032258 4.476392
1274.000000 2.096774 2.268434
1275.000000 2.096774 2.198693
1276.000000 2.096774 2.229346
1277.000000 2.096774 2.283279
1278.000000 2.258065 2.442567
1279.000000 2.258065 2.458651
1280.000000 2.258065 2.477734
1281.000000 2.419355 2.636825
1282.000000 2.419355 2.626810
1283.000000 2.419355 2.626810
1284.000000 2.580645 2.772853
1285.000000 2.580645 2.790279
1286.000000 2.580645 2.815075
1287.000000 2.741935 2.965927
1288.000000 2.741935 2.982727
1289.000000 2.741935 3.003037
1290.000000 2.903226 3.205138
1291.000000 2.903226 3.109007
1292.000000 3.064516 3.343801
1293.000000 3.064516 3.398683
1294.000000 3.225806 3.575540
1295.000000 3.225806 3.555189
1296.000000 3.225806 3.550776
1297.000000 3.387097 3.693436
1298.000000 3.387097 3.741945
1299.000000 3.548387 3.903676
1300.000000 3.548387 3.852743
1301.000000 3.709677 3.994618
1302.000000 3.709677 4.020050
1303.000000 3.870968 4.208001
1304.000000 3.870968 4.169684
1305.000000 4.032258 4.296081
1306.000000 4.032258 4.368521
1307.000000 4.193548 4.547931
1308.000000 4.193548 4.548084
1309.000000 4.193548 4.662306
1310.000000 4.354839 4.803282
1311.000000 4.516129 4.975690
1312.000000 4.516129 5.083891
1313.000000 4.677419 5.117765
1314.000000 4.677419 5.292798
1315.000000 4.838710 5.497032
1316.000000 2.580645 2.885154
1317.000000 2.580645 2.897129
1318.000000 2.580645 2.890379
1319.000000 2.580645 2.882347
1320.000000 2.741935 3.051090
1321.000000 2.903226 3.170789
1322.000000 2.903226 3.237680
1323.000000 2.903226 3.234540
1324.000000 3.064516 3.300158
1325.000000 3.064516 3.313351
1326.000000 3.225806 3.523736
1327.000000 3.225806 3.484557
1328.000000 3.387097 3.655361
1329.000000 3.225806 3.515120
1330.000000 3.548387 3.746580
1331.000000 3.548387 3.913542
1332.000000 3.709677 4.002500
1333.000000 3.709677 3.975464
1334.000000 3.870968 4.141524
1335.000000 3.870968 4.172924
1336.000000 3.870968 4.294836
1337.000000 4.032258 4.426050
1338.000000 4.193548 4.529667
1339.000000 4.354839 4.711866
1340.000000 4.354839 4.720976
1341.000000 2.258065 2.411638
1342.000000 2.258065 2.550222
1343.000000 2.419355 2.578221
1344.000000 2.419355 2.575472
1345.000000 2.419355 2.620119
1346.000000 2.580645 2.816797
1347.000000 2.580645 2.787113
1348.000000 2.580645 2.856492
1349.000000 2.741935 2.941436
1350.000000 2.741935 2.947295
1351.000000 2.903226 3.115653
1352.000000 2.903226 3.095121
1353.000000 2.903226 3.148375
1354.000000 3.064516 3.251311
1355.000000 3.064516 3.290033
1356.000000 3.064516 3.293039
1357.000000 3.225806 3.434200
1358.000000 3.225806 3.487946
1359.000000 3.387097 3.662855
1360.000000 3.387097 3.638636
1361.000000 3.548387 3.839834
1362.000000 3.387097 3.791643
1363.000000 3.709677 4.008908
1364.000000 3.548387 3.995989
1365.000000 3.709677 4.131852
1366.000000 3.709677 4.163847
1367.000000 4.032258 4.362434
1368.000000 4.032258 4.464583
1369.000000 4.193548 4.590786
1370.000000 2.096774 2.231778
1371.000000 2.258065 2.376699
1372.000000 2.258065 2.477331
1373.000000 2.258065 2.342924
1374.000000 2.096774 2.280486
1375.000000 2.419355 2.548592
1376.000000 2.419355 2.578648
1377.000000 2.258065 2.500253
1378.000000 2.258065 2.490257
1379.000000 2.419355 2.659913
1380.000000 2.419355 2.648973
1381.000000 2.580645 2.831923
1382.000000 2.580645 2.843899
1383.000000 2.741935 3.008479
1384.000000 2.741935 2.996309
1385.000000 2.741935 2.986647
1386.000000 3.064516 3.226345
1387.000000 3.064516 3.238516
1388.000000 3.225806 3.316486
1389.000000 3.064516 3.328980
1390.000000 3.225806 3.425581
1391.000000 3.225806 3.415052
1392.000000 3.225806 3.515999
1393.000000 3.387097 3.595618
1394.000000 3.548387 3.773039
1395.000000 3.548387 3.782649
1396.000000 3.709677 3.974533
1397.000000 3.709677 4.035556
1398.000000 3.709677 4.070220
1399.000000 3.870968 4.203882
1400.000000 3.870968 4.265921
1401.000000 3.870968 4.271779
1402.000000 4.193548 4.521305
1403.000000 4.193548 4.537265
1404.000000 4.193548 4.670212
1405.000000 4.354839 4.825684
1406.000000 4.354839 4.876243
1407.000000 4.516129 5.028881
1408.000000 4.677419 5.171664
1409.000000 2.419355 2.650323
1410.000000 2.419355 2.614479
1411.000000 2.419355 2.668359
1412.000000 2.580645 2.805816
1413.000000 2.580645 2.827106
1414.000000 2.741935 3.008559
1415.000000 2.741935 3.005297
1416.000000 2.741935 3.008501
1417.000000 2.903226 3.192770
1418.000000 2.903226 3.176224
1419.000000 3.064516 3.254822
1420.000000 3.064516 3.367237
1421.000000 3.225806 3.482212
1422.000000 3.225806 3.555986
1423.000000 3.225806 3.592937
1424.000000 3.387097 3.720856
1425.000000 3.387097 3.774104
1426.000000 3.548387 3.929329
1427.000000 3.548387 3.958768
1428.000000 3.709677 4.141910
1429.000000 3.870968 4.167831
1430.000000 3.870968 4.320452
1431.000000 4.032258 4.353175
1432.000000 4.193548 4.568134
1433.000000 4.193548 4.549141
1434.000000 4.354839 4.690147
1435.000000 4.354839 4.796994
1436.000000 4.354839 4.879464
1437.000000 4.677419 5.135146
1438.000000 4.516129 5.137969
1439.000000 4.677419 5.277523
1440.000000 2.419355 2.700494
1441.000000 2.580645 2.863339
1442.000000 2.741935 2.939389
1443.000000 2.741935 3.099870
1444.000000 2.741935 3.069478
1445.000000 2.741935 3.092927
1446.000000 2.903226 3.262383
1447.000000 2.903226 3.261746
1448.000000 2.903226 3.244525
1449.000000 2.903226 3.252155
1450.000000 3.064516 3.375199
1451.000000 3.225806 3.576351
1452.000000 3.225806 3.591513
1453.000000 3.387097 3.662445
1454.000000 3.548387 3.812313
1455.000000 3.548387 3.879494
1456.000000 3.709677 4.064070
1457.000000 3.709677 4.069082
1458.000000 3.870968 4.210783
1459.000000 3.870968 4.244667
1460.000000 4.032258 4.415857
1461.000000 4.032258 4.397386
1462.000000 4.193548 4.629907
1463.000000 4.193548 4.628342
1464.000000 4.354839 4.806302
1465.000000 4.516129 5.024377
1466.000000 2.258065 2.322306
1467.000000 2.096774 2.314117
1468.000000 2.096774 2.316091
1469.000000 2.258065 2.551283
1470.000000 2.419355 2.568866
1471.000000 2.419355 2.578024
1472.000000 2.419355 2.647907
1473.000000 2.580645 2.731342
1474.000000 2.580645 2.747076
1475.000000 2.741935 2.936763
1476.000000 2.741935 2.962108
1477.000000 2.741935 2.910998
1478.000000 2.741935 3.000185
1479.000000 2.903226 3.156639
1480.000000 2.903226 3.183893
1481.000000 2.903226 3.124101
1482.000000 3.064516 3.348677
1483.000000 3.064516 3.308869
1484.000000 3.225806 3.440252
1485.000000 3.225806 3.466601
1486.000000 3.064516 3.449164
1487.000000 3.387097 3.695158
1488.000000 3.387097 3.784090
1489.000000 3.387097 3.651048
1490.000000 3.548387 3.955524
1491.000000 3.548387 3.880804
1492.000000 3.709677 4.114550
1493.000000 3.870968 4.205897
1494.000000 3.870968 4.280003
1495.000000 2.096774 2.204423
1496.000000 1.935484 2.130725
1497.000000 2.096774 2.139607
1498.000000 2.258065 2.320763
1499.000000 2.258065 2.450987
1500.000000 2.258065 2.445364
1501.000000 2.258065 2.482226
1502.000000 2.419355 2.633228
1503.000000 2.419355 2.649371
1504.000000 2.419355 2.663720
1505.000000 2.419355 2.674654
1506.000000 2.580645 2.830288
1507.000000 2.580645 2.841242
1508.000000 2.580645 2.855837
1509.000000 2.580645 2.851489
1510.000000 2.580645 2.867867
1511.000000 2.741935 3.029423
1512.000000 2.741935 3.053933
1513.000000 2.903226 3.224571
1514.000000 2.903226 3.220479
1515.000000 2.903226 3.237527
1516.000000 2.903226 3.255079
1517.000000 3.064516 3.433748
1518.000000 3.064516 3.419038
1519.000000 3.225806 3.645112
1520.000000 3.387097 3.797735
1521.000000 3.387097 3.806340
1522.000000 3.548387 3.983435
1523.000000 1.774194 1.949573
1524.000000 2.096774 2.324159
1525.000000 1.774194 1.949573
1526.000000 1.935484 2.122828
1527.000000 1.935484 2.122828
1528.000000 1.935484 2.155941
1529.000000 1.935484 2.155941
1530.000000 2.096774 2.304829
1531.000000 2.096774 2.305456
1532.000000 2.096774 2.316728
1533.000000 2.258065 2.494743
1534.000000 2.419355 2.547033
1535.000000 2.419355 2.634638
1536.000000 2.419355 2.676577
1537.000000 2.419355 2.655637
1538.000000 2.580645 2.701239
1539.000000 2.419355 2.708034
1540.000000 2.580645 2.710755
1541.000000 2.580645 2.820628
1542.000000 2.580645 2.830695
1543.000000 2.741935 3.040787
1544.000000 2.741935 3.060101
1545.000000 2.903226 3.063883
1546.000000 3.064516 3.294816
1547.000000 3.064516 3.254443
1548.000000 3.064516 3.355043
1549.000000 3.064516 3.411306
1550.000000 3.064516 3.392173
1551.000000 3.387097 3.634389
1552.000000 3.387097 3.656922
1553.000000 3.548387 3.828664
1554.000000 3.709677 4.025416
1555.000000 3.548387 3.957377
1556.000000 3.709677 4.162775
1557.000000 3.870968 4.304239
1558.000000 3.870968 4.364141
1559.000000 4.032258 4.495422
1560.000000 4.032258 4.511283
1561.000000 4.193548 4.716561
1562.000000 4.354839 4.877861
1563.000000 2.096774 2.330206
1564.000000 2.096774 2.365027
1565.000000 2.258065 2.528354
1566.000000 2.258065 2.485225
1567.000000 2.419355 2.644377
1568.000000 2.419355 2.646382
1569.000000 2.419355 2.676985
1570.000000 2.580645 2.865997
1571.000000 2.580645 2.870145
1572.000000 2.580645 2.839325
1573.000000 2.741935 3.006309
1574.000000 2.903226 3.085435
1575.000000 2.903226 3.086884
1576.000000 2.741935 3.046899
1577.000000 3.064516 3.286485
1578.000000 2.903226 3.218390
1579.000000 3.064516 3.292163
1580.000000 3.225806 3.454104
1581.000000 3.064516 3.436201
1582.000000 3.225806 3.617164
1583.000000 3.225806 3.612213
1584.000000 3.548387 3.859410
1585.000000 3.548387 3.871393
1586.000000 3.709677 4.062118
1587.000000 3.709677 4.025465
1588.000000 3.709677 4.177456
1589.000000 3.870968 4.346695
1590.000000 3.870968 4.333270
1591.000000 4.193548 4.539607
1592.000000 4.193548 4.674089
1593.000000 4.193548 4.718572
1594.000000 2.258065 2.516862
1595.000000 2.419355 2.746232
1596.000000 2.419355 2.713704
1597.000000 2.580645 2.912791
1598.000000 2.580645 2.833735
1599.000000 2.741935 3.002364
1600.000000 2.741935 3.006350
1601.000000 2.741935 2.970805
1602.000000 2.903226 3.188217
1603.000000 2.903226 3.172396
1604.000000 2.903226 3.171067
1605.000000 2.903226 3.203973
1606.000000 3.064516 3.339944
1607.000000 3.064516 3.355493
1608.000000 3.064516 3.376324
1609.000000 3.225806 3.535308
1610.000000 3.225806 3.542476
1611.000000 3.387097 3.709684
1612.000000 3.387097 3.720455
1613.000000 3.548387 3.871434
1614.000000 3.548387 3.905460
1615.000000 3.548387 3.930907
1616.000000 3.709677 4.093864
1617.000000 3.709677 4.103146
1618.000000 3.870968 4.237068
1619.000000 3.870968 4.300441
1620.000000 4.032258 4.444851
1621.000000 4.193548 4.619216
1622.000000 4.193548 4.650049
1623.000000 4.354839 4.802318
1624.000000 4.516129 5.001754
1625.000000 4.516129 4.996760
1626.000000 4.677419 5.204666
1627.000000 4.838710 5.315589
1628.000000 4.838710 5.369327
1629.000000 5.000000 5.488291
1630.000000 5.000000 5.556339
1631.000000 2.580645 2.917728
1632.000000 2.741935 3.065099
1633.000000 2.903226 3.197837
1634.000000 2.903226 3.213123
1635.000000 2.903226 3.237093
1636.000000 3.064516 3.399540
1637.000000 3.064516 3.386324
1638.000000 3.225806 3.551160
1639.000000 3.225806 3.540080
1640.000000 3.387097 3.724511
1641.000000 3.548387 3.734618
1642.000000 3.387097 3.762139
1643.000000 3.387097 3.747128
1644.000000 3.548387 3.948414
1645.000000 3.548387 3.962056
1646.000000 3.870968 4.129461
1647.000000 3.709677 4.123468
1648.000000 3.870968 4.274192
1649.000000 3.870968 4.290410
1650.000000 4.032258 4.472692
1651.000000 4.032258 4.472692
1652.000000 4.193548 4.625790
1653.000000 4.193548 4.671987
1654.000000 4.354839 4.858413
1655.000000 4.516129 5.011749
1656.000000 4.677419 5.202158
1657.000000 4.677419 5.198023
1658.000000 4.677419 5.213114
1659.000000 5.000000 5.439184
1660.000000 5.000000 5.616707
1661.000000 5.000000 5.699206
1662.000000 5.161290 5.792369
1663.000000 5.322581 5.985836
1664.000000 5.322581 6.057194
1665.000000 2.741935 3.075251
1666.000000 3.064516 3.278926
1667.000000 3.064516 3.332366
1668.000000 2.903226 3.286385
1669.000000 3.064516 3.423398
1670.000000 3.064516 3.415243
1671.000000 3.064516 3.449208
1672.000000 3.387097 3.641274
1673.000000 3.225806 3.593696
1674.000000 3.225806 3.632471
1675.000000 3.225806 3.605289
1676.000000 3.225806 3.631255
1677.000000 3.387097 3.753968
1678.000000 3.548387 4.012457
1679.000000 3.548387 3.953267
1680.000000 3.548387 3.955300
1681.000000 3.548387 3.961531
1682.000000 3.709677 4.115293
1683.000000 3.709677 4.156561
1684.000000 3.870968 4.302524
1685.000000 3.870968 4.326638
1686.000000 4.032258 4.513076
1687.000000 4.032258 4.532355
1688.000000 4.193548 4.666615
1689.000000 4.354839 4.765820
1690.000000 4.516129 4.878101
1691.000000 4.516129 4.940007
1692.000000 4.677419 5.106846
1693.000000 4.838710 5.288689
1694.000000 4.838710 5.274995
1695.000000 4.838710 5.423082
1696.000000 5.000000 5.619765
1697.000000 5.000000 5.673860
1698.000000 5.161290 5.826029
1699.000000 5.322581 5.930400
1700.000000 5.322581 6.004018
1701.000000 5.483871 6.102082
1702.000000 5.645161 6.332659
1703.000000 5.806452 6.559383
1704.000000 5.806452 6.582402
1705.000000 6.129032 6.764419
1706.000000 6.129032 6.986977
1707.000000 6.290323 7.034892
1708.000000 6.451613 7.328375
1709.000000 6.451613 7.380603
1710.000000 6.774194 7.589362
1711.000000 7.096774 7.898317
1712.000000 7.096774 7.984786
1713.000000 7.258065 8.127815
1714.000000 7.419355 8.395017
1715.000000 3.870968 4.309446
1716.000000 4.032258 4.415538
1717.000000 4.193548 4.617316
1718.000000 4.354839 4.694140
1719.000000 4.354839 4.812714
1720.000000 4.516129 4.957811
1721.000000 4.677419 5.095119
1722.000000 4.838710 5.285955
1723.000000 4.838710 5.313901
1724.000000 5.000000 5.458943
1725.000000 5.161290 5.718209
1726.000000 5.161290 5.766163
1727.000000 5.322581 5.903677
1728.000000 5.322581 5.970085
1729.000000 5.483871 6.131005
1730.000000 5.645161 6.317487
1731.000000 5.806452 6.511095
1732.000000 3.387097 3.727471
1733.000000 3.387097 3.702793
1734.000000 3.548387 3.857686
1735.000000 3.548387 3.880648
1736.000000 3.709677 4.068958
1737.000000 3.870968 4.231832
1738.000000 3.870968 4.210767
1739.000000 3.870968 4.230086
1740.000000 3.870968 4.266152
1741.000000 4.032258 4.364081
1742.000000 4.032258 4.452369
1743.000000 4.193548 4.601433
1744.000000 4.354839 4.745193
1745.000000 4.354839 4.750118
1746.000000 4.516129 4.887714
1747.000000 4.516129 4.919541
1748.000000 2.419355 2.598796
1749.000000 2.741935 2.969151
1750.000000 2.580645 2.761215
1751.000000 2.580645 2.781681
1752.000000 2.580645 2.798545
1753.000000 2.580645 2.842080
1754.000000 2.580645 2.842080
1755.000000 2.580645 2.900168
1756.000000 2.741935 3.006672
1757.000000 2.903226 3.153424
1758.000000 2.903226 3.164291
1759.000000 2.903226 3.179999
1760.000000 2.903226 3.212300
1761.000000 3.064516 3.293908
1762.000000 2.903226 3.232716
1763.000000 3.225806 3.447314
1764.000000 3.225806 3.466316
1765.000000 3.225806 3.580372
1766.000000 3.225806 3.573448
1767.000000 3.387097 3.749793
1768.000000 3.548387 3.828105
1769.000000 3.548387 3.823686
1770.000000 3.548387 3.912241
1771.000000 3.548387 3.943624
1772.000000 3.709677 4.128265
1773.000000 3.709677 4.145522
1774.000000 3.870968 4.316371
1775.000000 3.870968 4.306197
1776.000000 4.032258 4.506385
1777.000000 4.193548 4.686645
1778.000000 4.193548 4.681750
1779.000000 4.354839 4.829234
1780.000000 4.516129 4.915576
1781.000000 4.516129 5.044036
1782.000000 4.516129 5.118815
1783.000000 4.838710 5.308161
1784.000000 2.419355 2.664159
1785.000000 2.580645 2.888109
1786.000000 2.580645 2.847272
1787.000000 2.741935 3.083075
1788.000000 2.903226 3.042178
1789.000000 2.903226 3.250611
1790.000000 3.064516 3.274165
1791.000000 2.903226 3.192870
1792.000000 3.064516 3.292455
1793.000000 3.225806 3.397368
1794.000000 3.225806 3.519526
1795.000000 3.225806 3.552699
1796.000000 3.225806 3.512178
1797.000000 3.225806 3.548240
1798.000000 3.387097 3.668360
1799.000000 3.548387 3.905768
1800.000000 3.548387 3.902165
1801.000000 3.548387 3.900731
1802.000000 3.709677 4.073881
1803.000000 3.709677 4.061387
1804.000000 3.870968 4.315220
1805.000000 3.870968 4.228689
1806.000000 4.032258 4.469693
1807.000000 4.193548 4.571951
1808.000000 2.258065 2.440697
1809.000000 2.258065 2.364226
1810.000000 2.258065 2.422394
1811.000000 2.258065 2.392593
1812.000000 2.419355 2.593590
1813.000000 2.419355 2.584309
1814.000000 2.419355 2.606723
1815.000000 2.580645 2.701440
1816.000000 2.580645 2.741197
1817.000000 2.580645 2.712075
1818.000000 2.580645 2.741157
1819.000000 2.580645 2.801712
1820.000000 2.580645 2.835357
1821.000000 2.741935 2.976564
1822.000000 2.741935 2.965227
1823.000000 2.741935 3.002371
1824.000000 2.903226 3.134996
1825.000000 2.903226 3.125186
1826.000000 2.903226 3.163625
1827.000000 3.064516 3.363730
1828.000000 3.064516 3.351324
1829.000000 3.225806 3.479294
1830.000000 3.225806 3.494352
1831.000000 3.225806 3.534127
1832.000000 3.387097 3.689938
1833.000000 3.387097 3.669797
1834.000000 3.548387 3.899981
1835.000000 3.548387 3.937450
1836.000000 3.709677 4.034382
1837.000000 3.709677 4.051017
1838.000000 3.709677 4.166004
1839.000000 1.935484 2.023434
1840.000000 1.935484 2.016169
1841.000000 1.774194 1.925580
1842.000000 1.935484 1.969520
1843.000000 1.935484 2.126327
1844.000000 2.096774 2.150505
1845.000000 2.096774 2.269136
1846.000000 2.258065 2.370130
1847.000000 2.096774 2.275083
1848.000000 2.096774 2.283651
1849.000000 2.258065 2.461731
1850.000000 2.258065 2.461731
1851.000000 2.258065 2.478705
1852.000000 2.258065 2.450060
1853.000000 2.419355 2.615074
1854.000000 2.419355 2.617317
1855.000000 2.419355 2.624268
1856.000000 2.419355 2.647923
1857.000000 2.580645 2.717694
1858.000000 2.741935 2.946503
1859.000000 2.741935 2.924615
1860.000000 2.741935 2.862056
1861.000000 2.741935 2.978923
1862.000000 2.903226 3.107069
1863.000000 2.903226 3.119079
1864.000000 2.903226 3.165367
1865.000000 3.064516 3.314895
1866.000000 3.064516 3.351333
1867.000000 3.064516 3.366071
1868.000000 3.225806 3.539161
1869.000000 3.225806 3.537197
1870.000000 3.387097 3.663596
1871.000000 3.387097 3.648306
1872.000000 3.548387 3.835654
1873.000000 3.548387 3.869493
1874.000000 3.709677 4.018914
1875.000000 3.709677 4.046727
1876.000000 3.870968 4.242793
1877.000000 3.870968 4.220621
1878.000000 4.032258 4.431358
1879.000000 4.193548 4.590584
1880.000000 4.193548 4.638713
1881.000000 2.096774 2.261367
1882.000000 2.096774 2.199954
1883.000000 2.258065 2.412269
1884.000000 2.258065 2.412269
1885.000000 2.258065 2.455735
1886.000000 2.258065 2.452175
1887.000000 2.419355 2.555494
1888.000000 2.419355 2.574650
1889.000000 2.419355 2.594482
1890.000000 2.580645 2.747222
1891.000000 2.580645 2.749271
1892.000000 2.580645 2.767729
1893.000000 2.741935 2.954808
1894.000000 2.741935 2.942617
1895.000000 2.741935 2.963130
1896.000000 2.903226 3.160178
1897.000000 2.903226 3.134073
1898.000000 3.064516 3.281595
1899.000000 3.064516 3.359518
1900.000000 3.064516 3.352896
1901.000000 3.225806 3.505985
1902.000000 3.387097 3.650447
1903.000000 3.387097 3.700084
1904.000000 3.548387 3.823920
1905.000000 3.548387 3.890756
1906.000000 3.548387 3.928758
1907.000000 3.709677 4.089080
1908.000000 3.709677 4.125684
1909.000000 3.870968 4.298649
1910.000000 4.032258 4.468751
1911.000000 4.032258 4.515217
1912.000000 1.935484 2.079295
1913.000000 1.935484 2.109214
1914.000000 1.935484 2.109214
1915.000000 2.096774 2.262692
1916.000000 2.096774 2.262692
1917.000000 2.096774 2.262692
1918.000000 2.096774 2.293089
1919.000000 2.096774 2.307801
1920.000000 2.258065 2.400477
1921.000000 2.258065 2.418080
1922.000000 2.258065 2.496296
1923.000000 2.258065 2.463221
1924.000000 2.258065 2.452757
1925.000000 2.419355 2.710882
1926.000000 2.258065 2.536422
1927.000000 2.419355 2.652663
1928.000000 2.580645 2.840165
1929.000000 2.580645 2.828150
1930.000000 2.580645 2.818188
1931.000000 2.580645 2.818188
1932.000000 2.741935 3.025329
1933.000000 2.741935 3.063639
1934.000000 2.903226 3.227182
1935.000000 2.903226 3.199411
1936.000000 2.903226 3.230724
1937.000000 3.064516 3.391009
1938.000000 3.225806 3.581230
1939.000000 3.225806 3.655672
1940.000000 3.225806 3.575321
1941.000000 3.225806 3.605956
1942.000000 3.387097 3.833067
1943.000000 1.935484 2.143554
1944.000000 1.935484 2.079682
1945.000000 1.935484 2.073670
1946.000000 1.935484 2.083662
1947.000000 1.935484 2.112662
1948.000000 2.096774 2.231230
1949.000000 2.096774 2.206215
1950.000000 2.096774 2.215946
1951.000000 2.258065 2.375525
1952.000000 2.258065 2.403415
1953.000000 2.258065 2.443894
1954.000000 2.258065 2.464080
1955.000000 2.258065 2.484401
1956.000000 2.258065 2.517788
1957.000000 2.258065 2.475392
1958.000000 2.258065 2.516464
1959.000000 2.419355 2.737908
1960.000000 2.419355 2.700039
1961.000000 2.419355 2.670113
1962.000000 2.580645 2.889889
1963.000000 2.741935 3.076247
1964.000000 2.741935 3.082710
1965.000000 2.741935 3.087269
1966.000000 2.903226 3.249181
1967.000000 2.903226 3.272601
1968.000000 2.903226 3.288273
1969.000000 3.064516 3.388616
1970.000000 3.064516 3.433818
1971.000000 1.612903 1.741719
1972.000000 1.612903 1.764027
1973.000000 1.612903 1.747799
1974.000000 1.612903 1.729437
1975.000000 1.774194 1.926109
1976.000000 1.774194 1.936897
1977.000000 1.774194 1.919623
1978.000000 1.774194 1.919623
1979.000000 1.935484 2.056850
1980.000000 1.935484 2.026196
1981.000000 1.935484 2.040556
1982.000000 1.935484 2.082319
1983.000000 2.096774 2.166314
1984.000000 2.096774 2.240649
1985.000000 2.096774 2.230648
1986.000000 2.096774 2.221811
1987.000000 2.258065 2.393978
1988.000000 2.258065 2.370813
1989.000000 2.258065 2.383986
1990.000000 2.258065 2.444585
1991.000000 2.419355 2.543759
1992.000000 2.419355 2.576232
1993.000000 2.419355 2.575684
1994.000000 2.580645 2.719373
1995.000000 2.580645 2.774435
1996.000000 2.580645 2.751775
1997.000000 2.580645 2.768574
1998.000000 2.741935 2.939387
1999.000000 2.741935 2.997250
2000.000000 2.741935 2.981763
2001.000000 2.903226 3.153347
2002.000000 2.903226 3.154946
2003.000000 2.903226 3.139539
2004.000000 3.064516 3.300881
2005.000000 3.064516 3.314857
2006.000000 3.064516 3.334285
2007.000000 3.225806 3.500862
2008.000000 3.225806 3.548817
2009.000000 3.387097 3.636246
2010.000000 1.612903 1.771406
2011.000000 1.612903 1.771781
2012.000000 1.774194 1.950259
2013.000000 1.935484 1.995974
2014.000000 1.935484 1.986178
2015.000000 1.935484 2.060038
2016.000000 2.096774 2.176051
2017.000000 1.935484 2.151103
2018.000000 1.935484 2.124817
2019.000000 2.096774 2.296708
2020.000000 2.096774 2.259675
2021.000000 2.096774 2.288476
2022.000000 2.258065 2.481205
2023.000000 2.419355 2.502767
2024.000000 2.258065 2.502660
2025.000000 2.419355 2.531165
2026.000000 2.419355 2.607887
2027.000000 2.419355 2.665075
2028.000000 2.580645 2.684679
2029.000000 2.580645 2.684679
2030.000000 2.741935 2.898195
2031.000000 2.741935 2.916449
2032.000000 2.741935 2.954786
2033.000000 2.903226 3.128930
2034.000000 2.903226 3.084317
2035.000000 3.064516 3.261484
2036.000000 3.064516 3.282784
2037.000000 3.064516 3.330342
2038.000000 3.225806 3.495557
2039.000000 3.225806 3.465394
2040.000000 3.225806 3.507138
2041.000000 3.225806 3.558461
2042.000000 3.387097 3.747343
2043.000000 3.387097 3.776121
2044.000000 3.548387 3.924257
2045.000000 3.548387 3.977515
2046.000000 3.709677 4.146401
2047.000000 3.709677 4.106778
2048.000000 1.935484 2.158560
2049.000000 2.096774 2.328099
2050.000000 2.096774 2.316986
2051.000000 2.096774 2.313499
2052.000000 2.258065 2.513976
2053.000000 2.258065 2.492794
2054.000000 2.258065 2.538150
2055.000000 2.419355 2.620687
2056.000000 2.419355 2.609118
2057.000000 2.419355 2.622227
2058.000000 2.580645 2.802150
2059.000000 2.580645 2.804066
2060.000000 2.580645 2.838658
2061.000000 2.741935 2.874967
2062.000000 2.903226 3.045943
2063.000000 2.903226 3.088595
2064.000000 2.903226 3.139633
2065.000000 2.903226 3.116364
2066.000000 3.064516 3.213451
2067.000000 3.064516 3.304275
2068.000000 3.225806 3.467762
2069.000000 3.064516 3.437883
2070.000000 3.387097 3.611854
2071.000000 3.225806 3.572712
2072.000000 3.387097 3.709986
2073.000000 3.387097 3.739602
2074.000000 3.548387 3.928499
2075.000000 3.709677 4.130117
2076.000000 1.774194 1.946104
2077.000000 2.096774 2.216814
2078.000000 1.935484 2.157280
2079.000000 2.096774 2.310870
2080.000000 2.096774 2.270970
2081.000000 2.096774 2.340357
2082.000000 2.258065 2.364471
2083.000000 2.258065 2.447257
2084.000000 2.258065 2.483424
2085.000000 2.419355 2.671362
2086.000000 2.419355 2.617583
2087.000000 2.419355 2.620135
2088.000000 2.580645 2.812493
2089.000000 2.741935 2.925637
2090.000000 2.741935 2.897348
2091.000000 2.741935 2.953444
2092.000000 2.903226 3.062226
2093.000000 2.903226 3.114638
2094.000000 2.903226 3.188502
2095.000000 3.064516 3.320813
2096.000000 3.064516 3.318887
2097.000000 3.064516 3.331272
2098.000000 3.225806 3.510428
2099.000000 3.225806 3.540439
2100.000000 3.387097 3.694922
2101.000000 3.387097 3.705426
2102.000000 1.612903 1.708189
2103.000000 1.774194 1.857613
2104.000000 1.774194 1.883024
2105.000000 1.774194 1.925491
2106.000000 1.774194 1.901424
2107.000000 1.774194 1.955445
2108.000000 1.774194 1.984454
2109.000000 1.935484 2.021621
2110.000000 1.935484 2.150296
2111.000000 2.096774 2.193207
2112.000000 1.935484 2.159161
2113.000000 2.096774 2.189618
2114.000000 2.096774 2.292342
2115.000000 2.096774 2.260043
2116.000000 2.258065 2.393184
2117.000000 2.258065 2.362542
2118.000000 2.258065 2.377955
2119.000000 2.419355 2.505555
2120.000000 2.258065 2.499618
2121.000000 2.419355 2.569462
2122.000000 2.580645 2.724046
2123.000000 2.580645 2.740546
2124.000000 2.580645 2.741680
2125.000000 2.419355 2.678796
2126.000000 2.741935 2.891608
2127.000000 2.741935 2.968493
2128.000000 2.741935 2.964720
2129.000000 2.741935 2.936607
2130.000000 2.903226 3.145795
2131.000000 2.903226 3.115046
2132.000000 3.064516 3.290896
2133.000000 3.064516 3.317858
2134.000000 3.225806 3.460091
2135.000000 3.225806 3.499875
2136.000000 3.225806 3.504796
2137.000000 3.387097 3.701773
2138.000000 3.548387 3.867706
2139.000000 3.548387 3.893877
2140.000000 3.548387 3.881299
2141.000000 1.935484 2.070745
2142.000000 1.935484 2.033797
2143.000000 1.935484 2.025352
2144.000000 1.935484 2.109214
2145.000000 2.096774 2.248462
2146.000000 1.935484 2.180193
2147.000000 2.096774 2.141017
2148.000000 2.096774 2.167030
2149.000000 2.096774 2.292609
2150.000000 2.258065 2.364445
2151.000000 2.258065 2.384690
2152.000000 2.258065 2.427768
2153.000000 2.419355 2.543302
2154.000000 2.419355 2.532607
2155.000000 2.419355 2.594066
2156.000000 2.419355 2.606564
2157.000000 2.580645 2.755224
2158.000000 2.580645 2.763603
2159.000000 2.741935 2.925113
2160.000000 2.741935 2.925871
2161.000000 2.741935 2.960657
2162.000000 2.903226 3.141094
2163.000000 2.903226 3.116308
2164.000000 2.903226 3.143511
2165.000000 3.064516 3.314139
2166.000000 3.064516 3.307597
2167.000000 3.225806 3.424868
2168.000000 3.225806 3.430228
2169.000000 3.387097 3.586391
2170.000000 3.225806 3.578339
2171.000000 3.548387 3.795359
2172.000000 3.548387 3.825079
2173.000000 3.548387 3.858490
2174.000000 3.709677 3.992536
2175.000000 3.548387 4.014569
2176.000000 3.709677 4.188757
2177.000000 3.870968 4.256544
2178.000000 4.032258 4.356481
2179.000000 4.193548 4.570409
2180.000000 4.193548 4.589543
2181.000000 2.096774 2.198882
2182.000000 2.096774 2.214532
2183.000000 2.258065 2.410128
2184.000000 2.096774 2.224405
2185.000000 2.258065 2.476681
2186.000000 2.419355 2.533204
2187.000000 2.419355 2.571067
2188.000000 2.419355 2.532574
2189.000000 2.580645 2.730224
2190.000000 2.580645 2.722186
2191.000000 2.580645 2.850888
2192.000000 2.580645 2.782619
2193.000000 2.741935 2.960626
2194.000000 2.741935 2.961742
2195.000000 2.741935 2.966838
2196.000000 2.903226 3.153259
2197.000000 2.903226 3.097637
2198.000000 3.064516 3.234471
2199.000000 3.064516 3.299331
2200.000000 3.225806 3.461727
2201.000000 3.225806 3.483076
2202.000000 3.225806 3.517134
2203.000000 3.387097 3.679674
2204.000000 3.548387 3.862830
2205.000000 3.548387 3.815101
2206.000000 3.709677 4.043096
2207.000000 3.709677 4.044291
2208.000000 3.870968 4.240567
2209.000000 3.870968 4.255160
2210.000000 4.032258 4.417498
2211.000000 4.032258 4.479145
2212.000000 4.193548 4.574618
2213.000000 4.354839 4.708078
2214.000000 2.258065 2.433373
2215.000000 2.258065 2.416012
2216.000000 2.258065 2.488898
2217.000000 2.419355 2.517748
2218.000000 2.419355 2.608243
2219.000000 2.580645 2.772886
2220.000000 2.580645 2.731607
2221.000000 2.580645 2.750356
2222.000000 2.580645 2.825379
2223.000000 2.741935 2.865462
2224.000000 2.903226 3.020605
2225.000000 2.903226 3.036639
2226.000000 2.903226 3.154957
2227.000000 2.903226 3.158459
2228.000000 3.064516 3.309491
2229.000000 3.064516 3.333413
2230.000000 3.064516 3.332310
2231.000000 3.225806 3.517758
2232.000000 3.225806 3.566878
2233.000000 3.387097 3.722776
2234.000000 3.387097 3.724008
2235.000000 3.548387 3.914529
2236.000000 3.548387 3.913501
2237.000000 3.709677 4.081868
2238.000000 3.870968 4.229072
2239.000000 3.870968 4.280520
2240.000000 2.096774 2.235666
2241.000000 2.096774 2.235837
2242.000000 2.096774 2.229699
2243.000000 2.258065 2.371263
2244.000000 2.258065 2.386528
2245.000000 2.258065 2.401718
2246.000000 2.419355 2.563693
2247.000000 2.419355 2.625793
2248.000000 2.419355 2.623243
2249.000000 2.580645 2.764222
2250.000000 2.580645 2.763946
2251.000000 2.580645 2.789075
2252.000000 2.741935 2.899624
2253.000000 2.741935 2.975580
2254.000000 2.741935 2.933963
2255.000000 2.741935 2.966648
2256.000000 2.903226 3.132085
2257.000000 2.903226 3.167176
2258.000000 3.064516 3.265269
2259.000000 3.064516 3.318051
2260.000000 3.064516 3.293066
2261.000000 3.225806 3.503679
2262.000000 3.225806 3.524142
2263.000000 3.387097 3.726920
2264.000000 3.387097 3.716757
2265.000000 3.548387 3.863646
2266.000000 3.548387 3.955468
2267.000000 3.709677 4.098017
2268.000000 3.709677 4.087871
2269.000000 3.870968 4.292813
2270.000000 3.870968 4.245755
2271.000000 4.032258 4.493613
2272.000000 2.096774 2.257019
2273.000000 2.096774 2.248975
2274.000000 2.258065 2.442567
2275.000000 2.258065 2.399737
2276.000000 2.258065 2.495273
2277.000000 2.419355 2.581717
2278.000000 2.419355 2.623002
2279.000000 2.580645 2.745001
2280.000000 2.580645 2.813862
2281.000000 2.580645 2.772968
2282.000000 2.580645 2.807724
2283.000000 2.741935 3.014294
2284.000000 2.741935 2.995886
2285.000000 2.741935 3.018512
2286.000000 2.903226 3.198437
2287.000000 2.903226 3.197131
2288.000000 2.903226 3.237305
2289.000000 3.064516 3.411077
2290.000000 3.064516 3.395895
2291.000000 3.225806 3.577508
2292.000000 3.225806 3.563762
2293.000000 3.387097 3.768192
2294.000000 3.548387 3.907956
2295.000000 3.548387 3.919717
2296.000000 1.935484 2.109214
2297.000000 1.935484 2.051212
2298.000000 1.935484 2.077017
2299.000000 2.096774 2.292749
2300.000000 2.096774 2.343762
2301.000000 2.258065 2.460825
2302.000000 2.258065 2.391490
2303.000000 2.258065 2.459823
2304.000000 2.419355 2.622673
2305.000000 2.419355 2.614459
2306.000000 2.419355 2.653577
2307.000000 2.580645 2.757570
2308.000000 2.580645 2.754457
2309.000000 2.580645 2.767729
2310.000000 2.741935 2.930565
2311.000000 2.741935 2.927288
2312.000000 2.741935 3.005781
2313.000000 2.741935 2.997908
2314.000000 2.903226 3.133247
2315.000000 2.903226 3.169620
2316.000000 3.064516 3.321681
2317.000000 3.064516 3.335876
2318.000000 3.225806 3.592461
2319.000000 3.225806 3.562632
2320.000000 3.387097 3.670595
2321.000000 3.387097 3.705032
2322.000000 3.548387 3.887329
2323.000000 3.548387 3.951554
2324.000000 3.709677 4.081678
2325.000000 3.870968 4.227789
2326.000000 3.870968 4.312833
2327.000000 4.032258 4.467361
2328.000000 4.032258 4.423517
2329.000000 4.193548 4.697319
2330.000000 2.258065 2.397869
2331.000000 2.419355 2.611737
2332.000000 2.419355 2.569766
2333.000000 2.419355 2.612800
2334.000000 2.580645 2.800341
2335.000000 2.580645 2.710423
2336.000000 2.580645 2.800841
2337.000000 2.580645 2.819419
2338.000000 2.741935 2.992801
2339.000000 2.741935 2.930005
2340.000000 2.903226 3.051954
2341.000000 2.741935 3.044917
2342.000000 2.903226 3.174683
2343.000000 3.064516 3.255199
2344.000000 3.064516 3.341873
2345.000000 3.225806 3.413793
2346.000000 3.225806 3.500671
2347.000000 3.225806 3.502387
2348.000000 3.225806 3.620673
2349.000000 3.387097 3.658167
2350.000000 3.387097 3.683446
2351.000000 3.387097 3.719000
2352.000000 3.548387 3.888075
2353.000000 3.548387 3.906136
2354.000000 3.709677 4.074981
2355.000000 3.709677 4.071010
2356.000000 3.870968 4.246511
2357.000000 4.032258 4.371475
2358.000000 4.032258 4.436880
2359.000000 4.193548 4.624876
2360.000000 4.193548 4.673698
2361.000000 2.419355 2.547466
2362.000000 2.580645 2.779893
2363.000000 2.580645 2.803059
2364.000000 2.741935 2.905480
2365.000000 2.741935 2.909300
2366.000000 2.741935 2.905480
2367.000000 2.903226 3.106936
2368.000000 2.903226 3.127383
2369.000000 3.064516 3.314918
2370.000000 3.064516 3.309323
2371.000000 3.225806 3.532555
2372.000000 3.225806 3.539281
2373.000000 3.225806 3.454956
2374.000000 3.225806 3.507212
2375.000000 3.387097 3.665306
2376.000000 3.387097 3.678396
2377.000000 3.387097 3.700218
2378.000000 3.548387 3.856867
2379.000000 3.548387 3.875309
2380.000000 3.709677 4.085564
2381.000000 3.709677 4.086188
2382.000000 3.870968 4.233875
2383.000000 3.870968 4.374689
2384.000000 1.935484 2.109214
2385.000000 2.096774 2.207217
2386.000000 2.096774 2.206724
2387.000000 2.096774 2.206724
2388.000000 2.258065 2.476681
2389.000000 2.258065 2.402744
2390.000000 2.258065 2.402744
2391.000000 2.419355 2.572222
2392.000000 2.419355 2.568054
2393.000000 2.419355 2.615438
2394.000000 2.580645 2.736198
2395.000000 2.580645 2.782623
2396.000000 2.580645 2.756359
2397.000000 2.741935 2.908164
2398.000000 2.741935 2.931947
2399.000000 2.741935 2.930565
2400.000000 2.903226 3.161947
2401.000000 2.903226 3.119686
2402.000000 3.064516 3.304151
2403.000000 3.064516 3.292826
2404.000000 3.064516 3.314439
2405.000000 3.064516 3.332176
2406.000000 3.225806 3.453992
2407.000000 3.225806 3.511698
2408.000000 3.387097 3.657081
2409.000000 3.387097 3.661607
2410.000000 3.548387 3.847063
2411.000000 3.548387 3.855469
2412.000000 3.709677 4.003847
2413.000000 3.709677 4.036391
2414.000000 3.709677 4.054666
2415.000000 3.870968 4.203493
2416.000000 4.032258 4.365958
2417.000000 4.032258 4.378427
2418.000000 4.193548 4.492830
2419.000000 4.354839 4.676046
2420.000000 4.354839 4.783643
2421.000000 4.516129 4.893474
2422.000000 4.516129 4.917851
2423.000000 4.677419 5.153531
2424.000000 2.419355 2.733324
2425.000000 2.580645 2.747054
2426.000000 2.580645 2.723056
2427.000000 2.419355 2.733324
2428.000000 2.580645 2.855998
2429.000000 2.580645 2.857038
2430.000000 2.741935 2.888429
2431.000000 2.903226 3.085143
2432.000000 2.741935 3.054872
2433.000000 2.903226 3.040982
2434.000000 3.064516 3.262780
2435.000000 3.064516 3.304760
2436.000000 3.064516 3.274742
2437.000000 3.225806 3.535482
2438.000000 3.225806 3.473230
2439.000000 3.225806 3.541759
2440.000000 3.387097 3.649266
2441.000000 3.387097 3.678145
2442.000000 3.548387 3.827796
2443.000000 3.548387 3.854040
2444.000000 3.709677 3.993742
2445.000000 3.709677 4.073089
2446.000000 3.870968 4.210559
2447.000000 3.870968 4.295682
2448.000000 4.032258 4.423558
2449.000000 4.193548 4.560837
2450.000000 4.193548 4.656884
2451.000000 4.354839 4.797837
2452.000000 4.516129 5.009460
2453.000000 4.516129 4.982281
2454.000000 4.677419 5.183022
2455.000000 4.677419 5.153467
2456.000000 2.258065 2.568362
2457.000000 2.580645 2.757068
2458.000000 2.580645 2.770279
2459.000000 2.580645 2.804832
2460.000000 2.741935 2.993831
2461.000000 2.741935 3.022799
2462.000000 2.741935 3.031249
2463.000000 2.903226 3.196998
2464.000000 2.903226 3.153042
2465.000000 2.903226 3.227757
2466.000000 2.903226 3.197068
2467.000000 3.064516 3.368040
2468.000000 3.064516 3.368222
2469.000000 3.225806 3.547688
2470.000000 3.225806 3.548138
2471.000000 3.387097 3.717987
2472.000000 3.387097 3.727775
2473.000000 3.387097 3.771145
2474.000000 3.548387 3.941747
2475.000000 3.548387 3.991162
2476.000000 3.709677 4.152032
2477.000000 3.709677 4.170616
2478.000000 2.096774 2.277194
2479.000000 1.935484 2.134083
2480.000000 2.096774 2.276839
2481.000000 2.096774 2.312555
2482.000000 2.258065 2.424155
2483.000000 2.258065 2.473953
2484.000000 2.258065 2.429977
2485.000000 2.419355 2.633767
2486.000000 2.419355 2.635831
2487.000000 2.419355 2.622290
2488.000000 2.580645 2.786483
2489.000000 2.419355 2.710157
2490.000000 2.580645 2.792763
2491.000000 2.580645 2.831865
2492.000000 2.580645 2.895745
2493.000000 2.580645 2.869808
2494.000000 2.741935 3.026666
2495.000000 2.741935 3.034691
2496.000000 2.903226 3.173051
2497.000000 2.903226 3.194737
2498.000000 2.903226 3.204974
2499.000000 3.064516 3.351338
2500.000000 3.064516 3.404680
2501.000000 3.225806 3.557719
2502.000000 3.225806 3.561762
2503.000000 3.225806 3.592369
2504.000000 3.387097 3.750676
2505.000000 3.387097 3.784733
2506.000000 3.548387 3.892717
2507.000000 3.548387 3.914619
2508.000000 3.548387 3.995355
2509.000000 3.709677 4.121550
2510.000000 3.870968 4.245069
2511.000000 3.870968 4.271896
2512.000000 3.870968 4.305401
2513.000000 4.032258 4.471987
2514.000000 4.032258 4.490491
2515.000000 4.193548 4.658075
2516.000000 4.354839 4.845054
2517.000000 4.354839 4.911056
2518.000000 2.258065 2.527772
2519.000000 2.258065 2.506011
2520.000000 2.419355 2.698245
2521.000000 2.419355 2.633409
2522.000000 2.419355 2.647709
2523.000000 2.580645 2.824675
2524.000000 2.580645 2.819683
2525.000000 2.580645 2.818746
2526.000000 2.741935 2.987096
2527.000000 2.580645 2.864154
2528.000000 2.741935 3.083945
2529.000000 2.741935 3.044771
2530.000000 2.741935 3.054797
2531.000000 2.903226 3.271683
2532.000000 2.903226 3.273134
2533.000000 3.064516 3.382630
2534.000000 3.064516 3.455702
2535.000000 3.225806 3.612606
2536.000000 3.225806 3.604887
2537.000000 3.387097 3.696247
2538.000000 3.387097 3.792798
2539.000000 3.387097 3.822558
2540.000000 3.548387 3.981354
2541.000000 3.709677 4.127129
2542.000000 3.709677 4.122893
2543.000000 2.096774 2.307117
2544.000000 2.096774 2.253723
2545.000000 2.096774 2.260172
2546.000000 2.096774 2.295331
2547.000000 2.258065 2.416328
2548.000000 2.258065 2.434984
2549.000000 2.258065 2.389937
2550.000000 2.258065 2.506011
2551.000000 2.419355 2.559231
2552.000000 2.419355 2.577819
2553.000000 2.580645 2.707242
2554.000000 2.580645 2.840109
2555.000000 2.580645 2.840109
2556.000000 2.741935 3.020059
2557.000000 2.741935 3.006048
2558.000000 2.741935 3.008295
2559.000000 2.741935 3.030326
2560.000000 2.903226 3.193971
2561.000000 2.903226 3.183313
2562.000000 3.064516 3.316500
2563.000000 3.064516 3.336901
2564.000000 3.064516 3.329221
2565.000000 3.225806 3.506819
2566.000000 3.225806 3.515686
2567.000000 3.387097 3.694973
2568.000000 3.387097 3.665106
2569.000000 3.548387 3.837277
2570.000000 3.548387 3.839653
2571.000000 3.709677 3.998473
2572.000000 3.709677 4.054448
2573.000000 3.870968 4.211905
2574.000000 3.870968 4.328943
2575.000000 3.870968 4.385901
2576.000000 1.935484 2.116712
2577.000000 1.935484 2.118163
2578.000000 2.096774 2.322263
2579.000000 2.096774 2.322263
2580.000000 2.096774 2.302716
2581.000000 2.258065 2.435832
2582.000000 2.258065 2.421463
2583.000000 2.258065 2.441509
2584.000000 2.419355 2.615224
2585.000000 2.419355 2.639528
2586.000000 2.580645 2.757399
2587.000000 2.580645 2.794816
2588.000000 2.580645 2.801474
2589.000000 2.580645 2.812716
2590.000000 2.741935 3.006048
2591.000000 2.741935 2.994751
2592.000000 2.741935 3.000609
2593.000000 2.903226 3.149733
2594.000000 3.064516 3.221730
2595.000000 2.903226 3.244781
2596.000000 3.064516 3.360519
2597.000000 3.064516 3.370371
2598.000000 3.225806 3.554806
2599.000000 3.225806 3.537303
2600.000000 3.387097 3.751905
2601.000000 3.387097 3.730771
2602.000000 3.548387 3.903545
2603.000000 3.709677 4.021721
2604.000000 3.709677 4.107910
2605.000000 3.870968 4.221119
2606.000000 4.032258 4.412996
2607.000000 4.193548 4.554027
2608.000000 2.096774 2.252977
2609.000000 2.096774 2.274161
2610.000000 2.096774 2.274161
2611.000000 2.258065 2.393005
2612.000000 2.258065 2.407445
2613.000000 2.096774 2.338642
2614.000000 2.258065 2.479418
2615.000000 2.419355 2.574864
2616.000000 2.419355 2.503005
2617.000000 2.580645 2.680914
2618.000000 2.580645 2.727907
2619.000000 2.580645 2.716887
2620.000000 2.741935 2.858295
2621.000000 2.741935 2.890524
2622.000000 2.741935 2.946061
2623.000000 2.903226 3.045216
2624.000000 2.903226 3.130085
2625.000000 2.903226 3.152937
2626.000000 3.064516 3.287399
2627.000000 3.064516 3.284441
2628.000000 3.225806 3.483795
2629.000000 3.225806 3.443002
2630.000000 3.225806 3.526082
2631.000000 3.387097 3.659515
2632.000000 3.387097 3.665476
2633.000000 3.387097 3.705525
2634.000000 3.548387 3.871680
2635.000000 3.548387 3.885785
2636.000000 3.709677 4.071218
2637.000000 3.870968 4.193136
2638.000000 3.870968 4.254877
2639.000000 4.032258 4.379428
2640.000000 4.032258 4.486488
