0.000000 3.064516 3.368213
1.000000 3.064516 3.376340
2.000000 3.225806 3.536961
3.000000 3.225806 3.558990
4.000000 3.387097 3.683097
5.000000 3.387097 3.640550
6.000000 3.548387 3.827057
7.000000 3.548387 3.868427
8.000000 3.548387 3.850894
9.000000 3.709677 4.083901
10.000000 3.709677 4.052999
11.000000 3.870968 4.207945
12.000000 3.870968 4.191159
13.000000 4.032258 4.372229
14.000000 4.032258 4.396425
15.000000 4.193548 4.541261
16.000000 4.193548 4.606844
17.000000 4.354839 4.686862
18.000000 2.419355 2.573066
19.000000 2.580645 2.680437
20.000000 2.419355 2.524099
21.000000 2.419355 2.578407
22.000000 2.419355 2.578054
23.000000 2.580645 2.697531
24.000000 2.580645 2.832983
25.000000 2.580645 2.745924
26.000000 2.741935 2.945556
27.000000 2.741935 2.949055
28.000000 2.741935 2.999190
29.000000 2.741935 2.952570
30.000000 2.903226 3.054273
31.000000 3.064516 3.220000
32.000000 3.064516 3.254422
33.000000 3.225806 3.357806
34.000000 3.064516 3.403233
35.000000 3.225806 3.371884
36.000000 3.387097 3.575482
37.000000 3.387097 3.545113
38.000000 3.548387 3.668066
39.000000 3.548387 3.834669
40.000000 3.548387 3.936128
41.000000 3.548387 3.953836
42.000000 3.709677 4.000744
43.000000 3.870968 4.300719
44.000000 3.870968 4.334992
45.000000 4.032258 4.423496
46.000000 4.193548 4.605911
47.000000 4.354839 4.723031
48.000000 4.354839 4.853722
49.000000 4.516129 4.938657
50.000000 4.677419 5.235518
51.000000 4.677419 5.164751
52.000000 4.838710 5.397019
53.000000 2.419355 2.660928
54.000000 2.580645 2.884042
55.000000 2.580645 2.884042
56.000000 2.580645 2.784545
57.000000 2.580645 2.863242
58.000000 2.741935 2.937428
59.000000 2.741935 2.989697
60.000000 2.903226 3.203685
61.000000 2.903226 3.109007
62.000000 3.064516 3.287399
63.000000 3.064516 3.265434
64.000000 3.064516 3.374879
65.000000 3.064516 3.329098
66.000000 3.225806 3.478568
67.000000 3.225806 3.485107
68.000000 3.387097 3.627050
69.000000 3.548387 3.842708
70.000000 3.548387 3.855203
71.000000 3.548387 3.922483
72.000000 3.709677 4.067322
73.000000 3.709677 4.110570
74.000000 3.870968 4.226207
75.000000 4.032258 4.341334
76.000000 4.193548 4.531263
77.000000 4.193548 4.598197
78.000000 4.193548 4.654728
79.000000 4.354839 4.840983
80.000000 4.516129 5.028629
81.000000 4.677419 5.177615
82.000000 4.677419 5.132317
83.000000 2.419355 2.648782
84.000000 2.419355 2.627183
85.000000 2.419355 2.586265
86.000000 2.580645 2.847272
87.000000 2.580645 2.830587
88.000000 2.580645 2.824873
89.000000 2.741935 2.974856
90.000000 2.741935 2.988523
91.000000 2.903226 3.077808
92.000000 2.903226 3.116903
93.000000 2.903226 3.181999
94.000000 3.064516 3.322019
95.000000 3.064516 3.349170
96.000000 3.064516 3.356061
97.000000 3.064516 3.359195
98.000000 3.225806 3.513877
99.000000 3.387097 3.666366
100.000000 3.387097 3.717277
101.000000 3.387097 3.708644
102.000000 3.548387 3.904746
103.000000 3.709677 4.019829
104.000000 3.709677 4.108704
105.000000 3.870968 4.217447
106.000000 4.032258 4.398586
107.000000 4.032258 4.429486
108.000000 4.193548 4.575749
109.000000 4.354839 4.747713
110.000000 4.354839 4.823601
111.000000 4.354839 4.920700
112.000000 4.677419 5.123119
113.000000 4.838710 5.312873
114.000000 2.419355 2.598636
115.000000 2.419355 2.579889
116.000000 2.580645 2.777897
117.000000 2.580645 2.793228
118.000000 2.580645 2.747825
119.000000 2.741935 2.918515
120.000000 2.580645 2.830974
121.000000 2.741935 2.952067
122.000000 2.903226 3.109791
123.000000 2.903226 3.055284
124.000000 2.741935 3.022084
125.000000 2.903226 3.263784
126.000000 2.903226 3.299935
127.000000 3.064516 3.413727
128.000000 3.064516 3.399755
129.000000 3.225806 3.632021
130.000000 3.225806 3.608247
131.000000 3.387097 3.736868
132.000000 3.387097 3.757213
133.000000 3.548387 3.960350
134.000000 3.548387 3.936154
135.000000 3.709677 4.197801
136.000000 3.870968 4.249738
137.000000 3.870968 4.351761
138.000000 3.870968 4.350206
139.000000 4.032258 4.542449
140.000000 4.032258 4.494661
141.000000 4.193548 4.729612
142.000000 2.096774 2.303456
143.000000 2.096774 2.322263
144.000000 2.258065 2.479598
145.000000 2.258065 2.494964
146.000000 2.258065 2.495983
147.000000 2.419355 2.597070
148.000000 2.419355 2.617859
149.000000 2.419355 2.622290
150.000000 2.580645 2.838309
151.000000 2.580645 2.840576
152.000000 2.580645 2.841315
153.000000 2.580645 2.871076
154.000000 2.741935 3.002283
155.000000 2.741935 3.027722
156.000000 2.741935 3.046775
157.000000 2.903226 3.165307
158.000000 2.903226 3.217786
159.000000 3.064516 3.359044
160.000000 3.064516 3.390121
161.000000 3.225806 3.562977
162.000000 3.225806 3.525598
163.000000 3.225806 3.574191
164.000000 3.225806 3.559769
165.000000 3.387097 3.734316
166.000000 3.387097 3.831814
167.000000 3.387097 3.816415
168.000000 3.548387 3.979421
169.000000 3.548387 4.022059
170.000000 3.709677 4.123365
171.000000 3.709677 4.217921
172.000000 3.709677 4.161736
173.000000 3.870968 4.380808
174.000000 4.032258 4.521541
175.000000 2.096774 2.298172
176.000000 2.258065 2.475390
177.000000 2.096774 2.314124
178.000000 2.096774 2.307801
179.000000 2.258065 2.460785
180.000000 2.258065 2.418150
181.000000 2.258065 2.490585
182.000000 2.419355 2.609271
183.000000 2.419355 2.658926
184.000000 2.419355 2.613134
185.000000 2.580645 2.781154
186.000000 2.580645 2.755061
187.000000 2.580645 2.805920
188.000000 2.580645 2.819639
189.000000 2.580645 2.831644
190.000000 2.741935 2.980267
191.000000 2.903226 3.098947
192.000000 2.903226 3.162826
193.000000 2.903226 3.180783
194.000000 2.903226 3.171980
195.000000 3.064516 3.310345
196.000000 3.064516 3.336759
197.000000 3.064516 3.385577
198.000000 3.225806 3.503587
199.000000 3.225806 3.538568
200.000000 3.387097 3.695237
201.000000 3.548387 3.831424
202.000000 3.548387 3.809512
203.000000 3.548387 3.876416
204.000000 1.774194 1.846999
205.000000 1.935484 2.121889
206.000000 1.774194 1.889346
207.000000 1.935484 2.025286
208.000000 1.935484 2.031522
209.000000 2.096774 2.285386
210.000000 2.096774 2.272355
211.000000 2.096774 2.215164
212.000000 2.096774 2.210486
213.000000 2.096774 2.291295
214.000000 2.258065 2.320417
215.000000 2.258065 2.357530
216.000000 2.258065 2.371570
217.000000 2.258065 2.350522
218.000000 2.419355 2.510412
219.000000 2.419355 2.593453
220.000000 2.419355 2.564072
221.000000 2.419355 2.601718
222.000000 2.419355 2.601763
223.000000 2.580645 2.772596
224.000000 2.580645 2.745829
225.000000 2.580645 2.814976
226.000000 2.741935 2.929382
227.000000 2.741935 2.965944
228.000000 2.741935 2.986171
229.000000 2.903226 3.133345
230.000000 2.903226 3.167160
231.000000 3.064516 3.321520
232.000000 3.064516 3.329364
233.000000 3.064516 3.321099
234.000000 3.225806 3.459746
235.000000 3.225806 3.551021
236.000000 3.387097 3.566446
237.000000 3.548387 3.847281
238.000000 3.548387 3.813123
239.000000 3.548387 3.905675
240.000000 3.709677 4.059753
241.000000 3.709677 4.113414
242.000000 3.870968 4.228674
243.000000 3.870968 4.266504
244.000000 4.032258 4.392976
245.000000 2.096774 2.260507
246.000000 2.258065 2.425951
247.000000 2.258065 2.412396
248.000000 2.419355 2.666823
249.000000 2.419355 2.607807
250.000000 2.419355 2.604756
251.000000 2.419355 2.604756
252.000000 2.419355 2.666823
253.000000 2.580645 2.818221
254.000000 2.580645 2.810222
255.000000 2.741935 2.979663
256.000000 2.741935 2.947706
257.000000 2.903226 3.109276
258.000000 2.903226 3.166058
259.000000 2.903226 3.098969
260.000000 3.064516 3.286667
261.000000 2.903226 3.135085
262.000000 3.064516 3.336973
263.000000 3.064516 3.315035
264.000000 3.225806 3.491228
265.000000 3.225806 3.545499
266.000000 3.387097 3.676808
267.000000 3.387097 3.697774
268.000000 3.548387 3.816145
269.000000 3.548387 3.908942
270.000000 3.709677 3.960118
271.000000 3.709677 4.072664
272.000000 3.870968 4.239384
273.000000 3.709677 4.165593
274.000000 4.032258 4.382279
275.000000 4.032258 4.479817
276.000000 4.193548 4.620860
277.000000 4.354839 4.732718
278.000000 4.354839 4.775367
279.000000 4.516129 4.897923
280.000000 4.516129 4.984210
281.000000 4.677419 5.075783
282.000000 4.838710 5.315840
283.000000 4.838710 5.317241
284.000000 5.000000 5.520229
285.000000 5.000000 5.550050
286.000000 5.161290 5.736163
287.000000 2.096774 2.283671
288.000000 2.258065 2.435825
289.000000 2.419355 2.633593
290.000000 2.258065 2.432014
291.000000 2.258065 2.442926
292.000000 2.419355 2.560816
293.000000 2.419355 2.574864
294.000000 2.419355 2.607392
295.000000 2.580645 2.756493
296.000000 2.580645 2.805446
297.000000 2.580645 2.848246
298.000000 2.580645 2.850411
299.000000 2.580645 2.814201
300.000000 2.741935 2.917099
301.000000 2.741935 3.026606
302.000000 2.903226 3.154960
303.000000 2.903226 3.159391
304.000000 2.903226 3.138330
305.000000 2.903226 3.229673
306.000000 3.064516 3.325084
307.000000 3.064516 3.363051
308.000000 3.225806 3.498430
309.000000 3.225806 3.531398
310.000000 3.225806 3.535942
311.000000 3.387097 3.670951
312.000000 3.387097 3.727199
313.000000 3.387097 3.705322
314.000000 3.387097 3.749523
315.000000 3.548387 3.882893
316.000000 3.709677 4.045368
317.000000 3.548387 3.987368
318.000000 3.709677 4.107946
319.000000 3.870968 4.299216
320.000000 3.870968 4.337757
321.000000 4.032258 4.448882
322.000000 4.032258 4.407601
323.000000 4.193548 4.653253
324.000000 2.419355 2.585316
325.000000 2.419355 2.582703
326.000000 2.419355 2.651042
327.000000 2.419355 2.618428
328.000000 2.580645 2.849563
329.000000 2.580645 2.790148
330.000000 2.741935 2.979890
331.000000 2.741935 2.983069
332.000000 2.903226 3.126210
333.000000 2.903226 3.168926
334.000000 2.903226 3.115172
335.000000 3.064516 3.236508
336.000000 3.064516 3.309064
337.000000 3.064516 3.281198
338.000000 3.064516 3.353031
339.000000 3.225806 3.457189
340.000000 3.225806 3.536961
341.000000 3.225806 3.567864
342.000000 3.387097 3.706662
343.000000 3.387097 3.670893
344.000000 3.548387 3.848620
345.000000 3.548387 3.820587
346.000000 3.709677 3.969915
347.000000 3.709677 3.981981
348.000000 3.709677 4.067051
349.000000 3.870968 4.207724
350.000000 3.870968 4.309868
351.000000 4.032258 4.440263
352.000000 4.032258 4.409877
353.000000 4.193548 4.560376
354.000000 4.354839 4.750439
355.000000 4.354839 4.750347
356.000000 4.516129 4.988270
357.000000 4.677419 5.166630
358.000000 4.677419 5.168814
359.000000 4.838710 5.356131
360.000000 2.580645 2.813235
361.000000 2.580645 2.834514
362.000000 2.580645 2.786932
363.000000 2.741935 2.990681
364.000000 2.741935 2.998420
365.000000 2.903226 3.133719
366.000000 2.903226 3.168799
367.000000 2.903226 3.159226
368.000000 3.064516 3.329076
369.000000 3.064516 3.335238
370.000000 3.225806 3.496045
371.000000 3.225806 3.544238
372.000000 3.225806 3.543307
373.000000 3.387097 3.704101
374.000000 3.387097 3.743763
375.000000 3.548387 3.902882
376.000000 3.548387 3.912661
377.000000 3.709677 4.015294
378.000000 3.709677 4.044559
379.000000 3.870968 4.194229
380.000000 3.870968 4.248975
381.000000 4.032258 4.401083
382.000000 4.032258 4.441662
383.000000 4.193548 4.563527
384.000000 4.193548 4.623319
385.000000 4.193548 4.698549
386.000000 4.354839 4.886640
387.000000 4.354839 4.845964
388.000000 4.516129 5.039163
389.000000 4.516129 5.062317
390.000000 4.677419 5.228124
391.000000 4.838710 5.358083
392.000000 5.000000 5.572533
393.000000 2.741935 2.967944
394.000000 2.741935 3.030144
395.000000 2.741935 3.030144
396.000000 2.741935 3.048452
397.000000 2.903226 3.232344
398.000000 3.064516 3.324032
399.000000 3.064516 3.408403
400.000000 3.064516 3.419705
401.000000 3.225806 3.532661
402.000000 3.225806 3.595780
403.000000 3.387097 3.704309
404.000000 3.387097 3.730675
405.000000 3.548387 3.838035
406.000000 3.548387 3.914910
407.000000 3.709677 4.049945
408.000000 3.709677 4.045572
409.000000 3.870968 4.203210
410.000000 3.870968 4.246154
411.000000 4.032258 4.414225
412.000000 4.032258 4.437853
413.000000 4.193548 4.610647
414.000000 4.354839 4.805927
415.000000 4.354839 4.836436
416.000000 4.516129 4.963305
417.000000 4.677419 5.148453
418.000000 4.677419 5.170502
419.000000 4.677419 5.203110
420.000000 4.838710 5.404993
421.000000 5.000000 5.555171
422.000000 2.741935 3.023806
423.000000 2.741935 3.016088
424.000000 2.741935 2.995808
425.000000 2.903226 3.194095
426.000000 2.903226 3.182270
427.000000 3.064516 3.315185
428.000000 3.064516 3.395129
429.000000 3.064516 3.373245
430.000000 3.225806 3.539281
431.000000 3.225806 3.616271
432.000000 3.225806 3.529306
433.000000 3.225806 3.610921
434.000000 3.387097 3.769247
435.000000 3.387097 3.777130
436.000000 3.548387 3.932934
437.000000 3.548387 3.954323
438.000000 3.709677 4.130940
439.000000 3.709677 4.156767
440.000000 3.709677 4.183764
441.000000 3.709677 4.204895
442.000000 3.870968 4.342102
443.000000 4.032258 4.456156
444.000000 4.032258 4.546183
445.000000 4.193548 4.758479
446.000000 4.354839 4.898379
447.000000 4.354839 4.888866
448.000000 4.516129 4.989730
449.000000 2.419355 2.592012
450.000000 2.419355 2.639082
451.000000 2.419355 2.630249
452.000000 2.580645 2.760729
453.000000 2.580645 2.861360
454.000000 2.580645 2.725324
455.000000 2.741935 2.935013
456.000000 2.741935 2.949516
457.000000 2.741935 3.022950
458.000000 2.903226 3.152784
459.000000 2.903226 3.145412
460.000000 2.903226 3.189774
461.000000 2.903226 3.176907
462.000000 3.064516 3.377970
463.000000 3.064516 3.391330
464.000000 3.064516 3.403014
465.000000 3.064516 3.434399
466.000000 3.225806 3.545646
467.000000 3.225806 3.550405
468.000000 3.387097 3.715311
469.000000 3.387097 3.786179
470.000000 3.387097 3.773109
471.000000 3.548387 3.942216
472.000000 3.548387 3.979897
473.000000 3.709677 4.093679
474.000000 3.709677 4.101242
475.000000 3.870968 4.290183
476.000000 3.870968 4.293078
477.000000 4.032258 4.429408
478.000000 2.096774 2.276987
479.000000 2.258065 2.447782
480.000000 2.258065 2.446902
481.000000 2.258065 2.447782
482.000000 2.258065 2.486323
483.000000 2.419355 2.624512
484.000000 2.419355 2.617614
485.000000 2.419355 2.649329
486.000000 2.580645 2.824332
487.000000 2.580645 2.767459
488.000000 2.741935 2.972756
489.000000 2.741935 2.866870
490.000000 2.741935 2.958616
491.000000 2.741935 2.953092
492.000000 2.903226 3.104626
493.000000 2.903226 3.062056
494.000000 2.903226 3.142556
495.000000 3.064516 3.266027
496.000000 3.064516 3.281359
497.000000 3.064516 3.273715
498.000000 3.064516 3.368733
499.000000 3.225806 3.502185
500.000000 3.387097 3.576002
501.000000 3.387097 3.647943
502.000000 3.387097 3.645828
503.000000 3.548387 3.799942
504.000000 3.548387 3.851247
505.000000 3.709677 4.003641
506.000000 3.709677 4.082140
507.000000 3.709677 4.048382
508.000000 3.870968 4.187306
509.000000 4.032258 4.389612
510.000000 4.032258 4.375306
511.000000 4.193548 4.593854
512.000000 4.193548 4.645740
513.000000 4.354839 4.795497
514.000000 2.258065 2.461986
515.000000 2.258065 2.454824
516.000000 2.258065 2.484412
517.000000 2.258065 2.434754
518.000000 2.419355 2.583776
519.000000 2.419355 2.611854
520.000000 2.419355 2.582051
521.000000 2.580645 2.771579
522.000000 2.580645 2.783556
523.000000 2.580645 2.679381
524.000000 2.580645 2.792401
525.000000 2.741935 2.969000
526.000000 2.741935 2.894655
527.000000 2.741935 2.925399
528.000000 2.903226 3.101241
529.000000 2.903226 3.180793
530.000000 2.903226 3.177903
531.000000 2.903226 3.234764
532.000000 3.064516 3.412857
533.000000 3.064516 3.389415
534.000000 3.225806 3.570406
535.000000 3.387097 3.659888
536.000000 3.387097 3.710513
537.000000 3.387097 3.796556
538.000000 3.548387 3.930770
539.000000 3.548387 3.926981
540.000000 3.709677 4.070936
541.000000 3.709677 4.151121
542.000000 3.870968 4.261215
543.000000 4.032258 4.443079
544.000000 4.032258 4.403729
545.000000 4.193548 4.617582
546.000000 2.258065 2.437481
547.000000 2.258065 2.413584
548.000000 2.258065 2.389976
549.000000 2.419355 2.612754
550.000000 2.419355 2.604251
551.000000 2.580645 2.746746
552.000000 2.580645 2.714931
553.000000 2.580645 2.701332
554.000000 2.580645 2.831624
555.000000 2.580645 2.818698
556.000000 2.580645 2.808003
557.000000 2.580645 2.843668
558.000000 2.741935 3.050493
559.000000 2.741935 3.075774
560.000000 2.741935 3.098545
561.000000 3.064516 3.259667
562.000000 2.903226 3.228861
563.000000 3.064516 3.299994
564.000000 3.225806 3.433474
565.000000 3.225806 3.505521
566.000000 3.225806 3.473085
567.000000 3.225806 3.562427
568.000000 3.387097 3.678140
569.000000 3.387097 3.640305
570.000000 3.548387 3.800891
571.000000 3.548387 3.818793
572.000000 3.709677 3.982769
573.000000 3.709677 4.058902
574.000000 3.870968 4.130536
575.000000 3.870968 4.228689
576.000000 4.032258 4.391155
577.000000 4.193548 4.553117
578.000000 4.193548 4.616473
579.000000 4.354839 4.749078
580.000000 4.193548 4.784318
581.000000 4.516129 4.948576
582.000000 4.677419 5.136693
583.000000 2.580645 2.739079
584.000000 2.580645 2.744198
585.000000 2.580645 2.780622
586.000000 2.741935 2.920634
587.000000 2.580645 2.854300
588.000000 2.741935 2.918271
589.000000 2.903226 3.045424
590.000000 2.741935 3.030928
591.000000 2.903226 3.163997
592.000000 2.903226 3.233721
593.000000 3.064516 3.320580
594.000000 3.064516 3.383766
595.000000 3.064516 3.409068
596.000000 3.064516 3.399941
597.000000 3.225806 3.590595
598.000000 3.225806 3.558268
599.000000 3.387097 3.794264
600.000000 3.387097 3.723985
601.000000 3.548387 3.894537
602.000000 3.548387 3.935922
603.000000 3.548387 3.962486
604.000000 3.870968 4.198477
605.000000 3.870968 4.211492
606.000000 4.032258 4.354646
607.000000 4.032258 4.420835
608.000000 4.193548 4.564932
609.000000 4.193548 4.565211
610.000000 4.354839 4.797124
611.000000 4.354839 4.820482
612.000000 2.258065 2.469349
613.000000 2.419355 2.587424
614.000000 2.419355 2.609655
615.000000 2.419355 2.606098
616.000000 2.580645 2.730969
617.000000 2.580645 2.780622
618.000000 2.580645 2.823006
619.000000 2.580645 2.847046
620.000000 2.580645 2.803503
621.000000 2.903226 3.002788
622.000000 2.741935 3.031670
623.000000 2.903226 3.073873
624.000000 2.741935 3.068478
625.000000 3.064516 3.271104
626.000000 3.064516 3.282418
627.000000 3.064516 3.383065
628.000000 3.064516 3.364926
629.000000 3.064516 3.405468
630.000000 3.225806 3.551751
631.000000 3.225806 3.536961
632.000000 3.225806 3.588195
633.000000 3.387097 3.779260
634.000000 3.387097 3.804187
635.000000 3.548387 3.941329
636.000000 3.548387 3.937334
637.000000 3.870968 4.156918
638.000000 3.709677 4.201712
639.000000 4.032258 4.318570
640.000000 3.870968 4.298403
641.000000 4.032258 4.505789
642.000000 4.354839 4.734406
643.000000 2.258065 2.379653
644.000000 2.258065 2.431613
645.000000 2.419355 2.505592
646.000000 2.419355 2.504795
647.000000 2.419355 2.619170
648.000000 2.419355 2.711279
649.000000 2.580645 2.715518
650.000000 2.419355 2.726226
651.000000 2.580645 2.789265
652.000000 2.580645 2.858065
653.000000 2.741935 2.999273
654.000000 2.741935 3.026920
655.000000 2.741935 3.051974
656.000000 2.741935 3.054860
657.000000 2.903226 3.174779
658.000000 2.903226 3.168347
659.000000 2.903226 3.247139
660.000000 3.064516 3.366143
661.000000 3.225806 3.442874
662.000000 3.225806 3.555745
663.000000 3.225806 3.588911
664.000000 3.387097 3.761938
665.000000 3.387097 3.767410
666.000000 3.387097 3.785785
667.000000 3.387097 3.783417
668.000000 3.548387 3.954655
669.000000 3.709677 4.130031
670.000000 3.870968 4.201563
671.000000 3.870968 4.321610
672.000000 3.870968 4.346656
673.000000 4.032258 4.502859
674.000000 4.032258 4.534408
675.000000 4.193548 4.715358
676.000000 4.354839 4.787379
677.000000 4.516129 4.917454
678.000000 4.516129 5.092607
679.000000 4.516129 5.165772
680.000000 4.677419 5.320164
681.000000 2.419355 2.677838
682.000000 2.580645 2.896683
683.000000 2.580645 2.894789
684.000000 2.741935 2.904267
685.000000 2.903226 3.096512
686.000000 2.741935 3.063477
687.000000 2.741935 3.034991
688.000000 2.903226 3.153891
689.000000 3.064516 3.262699
690.000000 3.064516 3.336157
691.000000 3.225806 3.391921
692.000000 3.064516 3.405229
693.000000 3.225806 3.519858
694.000000 3.225806 3.539281
695.000000 3.225806 3.616295
696.000000 3.225806 3.649597
697.000000 3.387097 3.744345
698.000000 3.387097 3.813609
699.000000 3.387097 3.845884
700.000000 3.548387 3.995501
701.000000 3.548387 3.983324
702.000000 3.709677 4.097047
703.000000 3.709677 4.192619
704.000000 3.870968 4.387247
705.000000 3.870968 4.334917
706.000000 4.032258 4.560312
707.000000 4.032258 4.574101
708.000000 4.193548 4.698684
709.000000 4.193548 4.690745
710.000000 4.354839 4.931657
711.000000 4.516129 5.044633
712.000000 4.516129 5.095182
713.000000 4.677419 5.282842
714.000000 4.838710 5.475472
715.000000 4.838710 5.477923
716.000000 2.741935 3.066344
717.000000 2.741935 3.036691
718.000000 2.741935 3.014799
719.000000 2.903226 3.185678
720.000000 2.903226 3.208625
721.000000 2.903226 3.189261
722.000000 3.064516 3.354502
723.000000 3.064516 3.427350
724.000000 3.225806 3.576813
725.000000 3.225806 3.577104
726.000000 3.225806 3.633839
727.000000 3.225806 3.637354
728.000000 3.387097 3.809594
729.000000 3.387097 3.743573
730.000000 3.548387 4.017365
731.000000 3.548387 3.991384
732.000000 3.548387 3.925221
733.000000 3.870968 4.201792
734.000000 3.870968 4.177271
735.000000 3.709677 4.160188
736.000000 3.870968 4.290112
737.000000 4.032258 4.518523
738.000000 4.032258 4.484133
739.000000 4.032258 4.565190
740.000000 4.193548 4.706362
741.000000 4.193548 4.688904
742.000000 4.354839 4.875903
743.000000 4.516129 5.052426
744.000000 4.516129 5.099280
745.000000 4.677419 5.251301
746.000000 4.838710 5.403522
747.000000 4.838710 5.506008
748.000000 2.580645 2.841087
749.000000 2.580645 2.856976
750.000000 2.580645 2.883724
751.000000 2.741935 3.004931
752.000000 2.903226 3.051283
753.000000 2.741935 3.047017
754.000000 2.741935 3.049440
755.000000 2.903226 3.212086
756.000000 2.903226 3.226130
757.000000 3.064516 3.391219
758.000000 3.064516 3.399010
759.000000 3.064516 3.399214
760.000000 3.225806 3.524767
761.000000 3.225806 3.567917
762.000000 3.387097 3.697853
763.000000 3.387097 3.739110
764.000000 3.548387 3.909222
765.000000 3.548387 3.905963
766.000000 3.548387 3.957895
767.000000 3.709677 4.101602
768.000000 3.709677 4.129531
769.000000 3.870968 4.287869
770.000000 3.870968 4.314322
771.000000 4.032258 4.505842
772.000000 4.032258 4.493775
773.000000 4.193548 4.653330
774.000000 4.354839 4.843713
775.000000 4.354839 4.846119
776.000000 4.516129 5.014771
777.000000 4.677419 5.254740
778.000000 4.677419 5.243810
779.000000 4.838710 5.321694
780.000000 2.580645 2.833289
781.000000 2.580645 2.823445
782.000000 2.580645 2.823441
783.000000 2.741935 3.040145
784.000000 2.741935 3.030426
785.000000 2.903226 3.211913
786.000000 2.903226 3.163516
787.000000 3.064516 3.367039
788.000000 3.064516 3.384307
789.000000 3.064516 3.326207
790.000000 3.064516 3.382393
791.000000 3.225806 3.589502
792.000000 3.225806 3.552685
793.000000 3.225806 3.582268
794.000000 3.387097 3.731902
795.000000 3.548387 3.936369
796.000000 3.548387 3.936846
797.000000 3.548387 3.946949
798.000000 3.709677 4.139191
799.000000 3.709677 4.146309
800.000000 3.870968 4.335846
801.000000 3.870968 4.369335
802.000000 4.032258 4.491177
803.000000 4.193548 4.610718
804.000000 4.193548 4.721258
805.000000 4.354839 4.886205
806.000000 2.258065 2.492361
807.000000 2.258065 2.452506
808.000000 2.258065 2.489108
809.000000 2.419355 2.668989
810.000000 2.419355 2.680180
811.000000 2.419355 2.686887
812.000000 2.580645 2.799127
813.000000 2.580645 2.789705
814.000000 2.580645 2.806344
815.000000 2.741935 2.979057
816.000000 2.741935 3.008743
817.000000 2.903226 3.156434
818.000000 2.903226 3.165547
819.000000 2.903226 3.200563
820.000000 3.064516 3.268235
821.000000 3.064516 3.366848
822.000000 3.064516 3.358532
823.000000 3.225806 3.465222
824.000000 3.225806 3.554237
825.000000 3.225806 3.548102
826.000000 3.387097 3.641617
827.000000 3.387097 3.676173
828.000000 3.548387 3.819963
829.000000 3.548387 3.875388
830.000000 3.548387 3.920118
831.000000 3.709677 4.081805
832.000000 3.709677 4.086399
833.000000 3.870968 4.299652
834.000000 3.870968 4.364316
835.000000 1.935484 2.127090
836.000000 2.096774 2.314357
837.000000 2.096774 2.297761
838.000000 2.096774 2.243703
839.000000 2.096774 2.257579
840.000000 2.096774 2.257535
841.000000 2.258065 2.478705
842.000000 2.258065 2.488587
843.000000 2.419355 2.634517
844.000000 2.419355 2.602465
845.000000 2.419355 2.589722
846.000000 2.580645 2.816038
847.000000 2.580645 2.832746
848.000000 2.580645 2.813596
849.000000 2.741935 2.881413
850.000000 2.741935 2.879377
851.000000 2.741935 2.916012
852.000000 2.903226 3.141548
853.000000 2.903226 3.148324
854.000000 2.903226 3.180783
855.000000 3.064516 3.290846
856.000000 3.064516 3.339456
857.000000 3.064516 3.395111
858.000000 3.225806 3.532232
859.000000 3.225806 3.504359
860.000000 3.225806 3.508305
861.000000 3.387097 3.690728
862.000000 3.387097 3.720874
863.000000 3.548387 3.898708
864.000000 3.548387 3.853680
865.000000 3.548387 3.931395
866.000000 3.709677 4.052649
867.000000 3.709677 4.102639
868.000000 3.870968 4.269968
869.000000 4.032258 4.362067
870.000000 4.032258 4.483483
871.000000 2.096774 2.229348
872.000000 2.096774 2.274684
873.000000 2.258065 2.435832
874.000000 2.258065 2.398144
875.000000 2.258065 2.476681
876.000000 2.419355 2.564693
877.000000 2.419355 2.535399
878.000000 2.419355 2.570215
879.000000 2.580645 2.761948
880.000000 2.580645 2.692117
881.000000 2.580645 2.741028
882.000000 2.741935 2.896899
883.000000 2.741935 2.980649
884.000000 2.741935 2.981072
885.000000 2.741935 2.961429
886.000000 2.903226 3.110703
887.000000 2.903226 3.199911
888.000000 3.064516 3.318543
889.000000 3.064516 3.362450
890.000000 3.064516 3.362307
891.000000 3.225806 3.495310
892.000000 3.387097 3.685223
893.000000 3.387097 3.721550
894.000000 3.387097 3.766941
895.000000 3.548387 3.907166
896.000000 3.548387 3.916048
897.000000 3.709677 4.100806
898.000000 3.709677 4.114699
899.000000 3.870968 4.305698
900.000000 3.870968 4.298520
901.000000 1.935484 2.179446
902.000000 1.935484 2.131083
903.000000 2.096774 2.338642
904.000000 2.096774 2.259282
905.000000 2.096774 2.262785
906.000000 2.258065 2.502461
907.000000 2.258065 2.486698
908.000000 2.258065 2.490481
909.000000 2.419355 2.664866
910.000000 2.419355 2.635807
911.000000 2.419355 2.635807
912.000000 2.419355 2.691844
913.000000 2.580645 2.824897
914.000000 2.580645 2.824897
915.000000 2.580645 2.876497
916.000000 2.741935 2.990870
917.000000 2.741935 3.015745
918.000000 2.903226 3.154321
919.000000 2.903226 3.196930
920.000000 3.064516 3.333964
921.000000 3.064516 3.339701
922.000000 3.225806 3.551444
923.000000 3.225806 3.532087
924.000000 3.387097 3.664130
925.000000 3.387097 3.728211
926.000000 3.387097 3.771242
927.000000 3.548387 3.955705
928.000000 1.612903 1.788713
929.000000 1.774194 1.921120
930.000000 1.774194 1.905215
931.000000 1.774194 1.897059
932.000000 1.935484 2.120020
933.000000 1.935484 2.132921
934.000000 1.935484 2.126337
935.000000 1.935484 2.093730
936.000000 2.096774 2.255553
937.000000 2.096774 2.291295
938.000000 2.258065 2.446763
939.000000 2.258065 2.454962
940.000000 2.258065 2.482533
941.000000 2.258065 2.463081
942.000000 2.419355 2.580329
943.000000 2.419355 2.616824
944.000000 2.419355 2.623367
945.000000 2.419355 2.663038
946.000000 2.580645 2.780881
947.000000 2.580645 2.803415
948.000000 2.580645 2.849175
949.000000 2.741935 2.979426
950.000000 2.741935 3.025497
951.000000 2.741935 2.990515
952.000000 2.741935 3.010067
953.000000 2.903226 3.164328
954.000000 2.903226 3.199426
955.000000 3.064516 3.380581
956.000000 3.064516 3.380273
957.000000 3.225806 3.560841
958.000000 3.225806 3.524375
959.000000 3.387097 3.732935
960.000000 3.387097 3.756607
961.000000 3.548387 3.957147
962.000000 1.774194 1.952013
963.000000 1.612903 1.721447
964.000000 1.774194 1.949573
965.000000 1.774194 1.949573
966.000000 1.774194 1.949573
967.000000 1.774194 1.949573
968.000000 1.935484 2.071144
969.000000 1.935484 2.118087
970.000000 1.935484 2.099625
971.000000 2.096774 2.256028
972.000000 2.096774 2.263630
973.000000 2.096774 2.290515
974.000000 2.096774 2.304161
975.000000 2.096774 2.282301
976.000000 2.258065 2.428561
977.000000 2.258065 2.448359
978.000000 2.258065 2.402920
979.000000 2.419355 2.574835
980.000000 2.419355 2.621963
981.000000 2.419355 2.628576
982.000000 2.419355 2.634982
983.000000 2.580645 2.769763
984.000000 2.580645 2.816127
985.000000 2.580645 2.801015
986.000000 2.741935 3.006531
987.000000 2.741935 2.923089
988.000000 2.741935 2.984700
989.000000 2.741935 2.975823
990.000000 2.903226 3.122819
991.000000 2.903226 3.169224
992.000000 2.903226 3.187489
993.000000 3.064516 3.343403
994.000000 3.064516 3.393516
995.000000 3.225806 3.526858
996.000000 3.225806 3.552603
997.000000 3.387097 3.635883
998.000000 3.387097 3.704755
999.000000 1.774194 1.918953
1000.000000 1.774194 1.918953
1001.000000 1.774194 1.860572
1002.000000 1.935484 2.066749
1003.000000 1.935484 2.089508
1004.000000 1.935484 2.132921
1005.000000 1.935484 2.095949
1006.000000 2.096774 2.194953
1007.000000 2.096774 2.233430
1008.000000 2.096774 2.251801
1009.000000 2.258065 2.394995
1010.000000 2.258065 2.402660
1011.000000 2.258065 2.427085
1012.000000 2.419355 2.580266
1013.000000 2.419355 2.574557
1014.000000 2.419355 2.621772
1015.000000 2.419355 2.662642
1016.000000 2.580645 2.777017
1017.000000 2.580645 2.839523
1018.000000 2.580645 2.832681
1019.000000 2.741935 2.958476
1020.000000 2.741935 2.963389
1021.000000 2.903226 3.160540
1022.000000 2.903226 3.175236
1023.000000 2.903226 3.184226
1024.000000 3.064516 3.276639
1025.000000 3.064516 3.353494
1026.000000 3.225806 3.517954
1027.000000 3.225806 3.578370
1028.000000 3.225806 3.556662
1029.000000 3.387097 3.722497
1030.000000 3.548387 3.911199
1031.000000 3.548387 3.945352
1032.000000 3.548387 3.956539
1033.000000 3.709677 4.118249
1034.000000 1.935484 2.047294
1035.000000 2.096774 2.266708
1036.000000 2.096774 2.262785
1037.000000 2.096774 2.253646
1038.000000 2.258065 2.517017
1039.000000 2.258065 2.429296
1040.000000 2.419355 2.627353
1041.000000 2.419355 2.685337
1042.000000 2.419355 2.609362
1043.000000 2.419355 2.595548
1044.000000 2.580645 2.831588
1045.000000 2.580645 2.809727
1046.000000 2.580645 2.847046
1047.000000 2.741935 3.003197
1048.000000 2.741935 2.999816
1049.000000 2.741935 3.049428
1050.000000 2.903226 3.185179
1051.000000 2.903226 3.190200
1052.000000 2.903226 3.241862
1053.000000 3.064516 3.388736
1054.000000 3.064516 3.415419
1055.000000 3.225806 3.525806
1056.000000 3.225806 3.558779
1057.000000 3.387097 3.654047
1058.000000 3.387097 3.713316
1059.000000 3.548387 3.889813
1060.000000 3.709677 3.987705
1061.000000 3.709677 4.059915
1062.000000 3.709677 4.089976
1063.000000 3.870968 4.302552
1064.000000 4.032258 4.394800
1065.000000 4.032258 4.460646
1066.000000 2.258065 2.463965
1067.000000 2.258065 2.471746
1068.000000 2.258065 2.522244
1069.000000 2.419355 2.668311
1070.000000 2.419355 2.707671
1071.000000 2.580645 2.852371
1072.000000 2.580645 2.872750
1073.000000 2.580645 2.800161
1074.000000 2.741935 3.016501
1075.000000 2.741935 3.031145
1076.000000 2.903226 3.150028
1077.000000 2.903226 3.135229
1078.000000 2.903226 3.182758
1079.000000 3.064516 3.363763
1080.000000 3.064516 3.365327
1081.000000 3.225806 3.531922
1082.000000 3.225806 3.541064
1083.000000 3.225806 3.486717
1084.000000 3.387097 3.686075
1085.000000 3.387097 3.706738
1086.000000 3.548387 3.872461
1087.000000 3.548387 3.931105
1088.000000 3.709677 4.053044
1089.000000 1.935484 2.106484
1090.000000 1.774194 1.931389
1091.000000 1.935484 2.120443
1092.000000 1.935484 2.097138
1093.000000 1.935484 2.105570
1094.000000 1.935484 2.108139
1095.000000 2.096774 2.254789
1096.000000 2.096774 2.297938
1097.000000 2.096774 2.331035
1098.000000 2.096774 2.269980
1099.000000 2.258065 2.469053
1100.000000 2.258065 2.465476
1101.000000 2.258065 2.497004
1102.000000 2.419355 2.582432
1103.000000 2.419355 2.573373
1104.000000 2.419355 2.689149
1105.000000 2.580645 2.807361
1106.000000 2.580645 2.797027
1107.000000 2.580645 2.883088
1108.000000 2.741935 3.011729
1109.000000 2.741935 3.016907
1110.000000 2.741935 3.029595
1111.000000 2.903226 3.199090
1112.000000 2.903226 3.204559
1113.000000 3.064516 3.366192
1114.000000 3.064516 3.369336
1115.000000 3.064516 3.405646
1116.000000 3.225806 3.540968
1117.000000 3.225806 3.580435
1118.000000 3.225806 3.605581
1119.000000 3.387097 3.772887
1120.000000 3.387097 3.793697
1121.000000 3.548387 3.985771
1122.000000 3.548387 3.953781
1123.000000 3.709677 4.111217
1124.000000 3.709677 4.181523
1125.000000 3.870968 4.299361
1126.000000 4.032258 4.440109
1127.000000 1.935484 2.138948
1128.000000 1.935484 2.138948
1129.000000 1.935484 2.073402
1130.000000 1.935484 2.106484
1131.000000 2.096774 2.302163
1132.000000 2.096774 2.229624
1133.000000 2.096774 2.319335
1134.000000 2.258065 2.466478
1135.000000 2.258065 2.473007
1136.000000 2.258065 2.402744
1137.000000 2.419355 2.573024
1138.000000 2.419355 2.585441
1139.000000 2.419355 2.603088
1140.000000 2.419355 2.658600
1141.000000 2.419355 2.673984
1142.000000 2.580645 2.787709
1143.000000 2.580645 2.845987
1144.000000 2.741935 2.981539
1145.000000 2.741935 2.979022
1146.000000 2.741935 3.040166
1147.000000 2.741935 3.056013
1148.000000 2.903226 3.212284
1149.000000 2.903226 3.252146
1150.000000 3.064516 3.413756
1151.000000 3.064516 3.422770
1152.000000 3.225806 3.598335
1153.000000 3.225806 3.601253
1154.000000 3.387097 3.741439
1155.000000 3.387097 3.797448
1156.000000 3.548387 3.964769
1157.000000 3.548387 3.945520
1158.000000 3.709677 4.142597
1159.000000 1.935484 2.154661
1160.000000 1.935484 2.144058
1161.000000 1.935484 2.138948
1162.000000 2.096774 2.319335
1163.000000 2.096774 2.338642
1164.000000 2.258065 2.441698
1165.000000 2.258065 2.452175
1166.000000 2.258065 2.500892
1167.000000 2.419355 2.600976
1168.000000 2.419355 2.597633
1169.000000 2.419355 2.607987
1170.000000 2.419355 2.619111
1171.000000 2.580645 2.761153
1172.000000 2.580645 2.862321
1173.000000 2.580645 2.860916
1174.000000 2.741935 3.017644
1175.000000 2.741935 3.023193
1176.000000 2.903226 3.193950
1177.000000 2.903226 3.204350
1178.000000 2.903226 3.165204
1179.000000 3.064516 3.338861
1180.000000 3.064516 3.329638
1181.000000 3.225806 3.575201
1182.000000 3.225806 3.565317
1183.000000 3.225806 3.563343
1184.000000 3.387097 3.737068
1185.000000 3.387097 3.750329
1186.000000 3.548387 3.920746
1187.000000 3.709677 4.118310
1188.000000 3.709677 4.112582
1189.000000 3.870968 4.269788
1190.000000 3.870968 4.281354
1191.000000 3.870968 4.347956
1192.000000 4.032258 4.519447
1193.000000 4.193548 4.619729
1194.000000 4.193548 4.679021
1195.000000 4.354839 4.828610
1196.000000 4.354839 4.912307
1197.000000 4.677419 5.161931
1198.000000 4.677419 5.285970
1199.000000 4.838710 5.358135
1200.000000 4.838710 5.466554
1201.000000 2.258065 2.494684
1202.000000 2.419355 2.664512
1203.000000 2.419355 2.677838
1204.000000 2.580645 2.804997
1205.000000 2.580645 2.847272
1206.000000 2.741935 3.013475
1207.000000 2.741935 3.022100
1208.000000 2.741935 3.039306
1209.000000 2.903226 3.190810
1210.000000 2.903226 3.250804
1211.000000 2.903226 3.203663
1212.000000 3.064516 3.348348
1213.000000 3.064516 3.367510
1214.000000 3.225806 3.503013
1215.000000 3.225806 3.531011
1216.000000 3.225806 3.533303
1217.000000 3.387097 3.754716
1218.000000 3.387097 3.753458
1219.000000 3.548387 3.889395
1220.000000 3.548387 3.918853
1221.000000 3.548387 3.954261
1222.000000 3.709677 4.150040
1223.000000 3.709677 4.222602
1224.000000 3.870968 4.321499
1225.000000 4.032258 4.495664
1226.000000 1.935484 2.057724
1227.000000 1.935484 2.109778
1228.000000 2.096774 2.295015
1229.000000 2.096774 2.244977
1230.000000 2.096774 2.283310
1231.000000 2.096774 2.276690
1232.000000 2.096774 2.293746
1233.000000 2.258065 2.432900
1234.000000 2.258065 2.468717
1235.000000 2.258065 2.488937
1236.000000 2.258065 2.479311
1237.000000 2.258065 2.514948
1238.000000 2.419355 2.616343
1239.000000 2.419355 2.681462
1240.000000 2.419355 2.678520
1241.000000 2.580645 2.827468
1242.000000 2.580645 2.829383
1243.000000 2.741935 2.957194
1244.000000 2.741935 3.006064
1245.000000 2.741935 2.968367
1246.000000 2.903226 3.177684
1247.000000 2.903226 3.195695
1248.000000 2.903226 3.244220
1249.000000 3.064516 3.347623
1250.000000 3.064516 3.356997
1251.000000 3.225806 3.545740
1252.000000 3.225806 3.561977
1253.000000 3.387097 3.736324
1254.000000 3.387097 3.746068
1255.000000 3.548387 3.892275
1256.000000 3.548387 3.894160
1257.000000 3.548387 3.963222
1258.000000 1.935484 2.049206
1259.000000 1.935484 2.089508
1260.000000 1.935484 2.089508
1261.000000 1.935484 2.089508
1262.000000 2.096774 2.198826
1263.000000 2.096774 2.213997
1264.000000 2.096774 2.223663
1265.000000 2.258065 2.353435
1266.000000 2.258065 2.353435
1267.000000 2.419355 2.502486
1268.000000 2.419355 2.512241
1269.000000 2.419355 2.569985
1270.000000 2.419355 2.627783
1271.000000 2.419355 2.673341
1272.000000 2.419355 2.699829
1273.000000 2.580645 2.868258
1274.000000 2.580645 2.847088
1275.000000 2.741935 3.003896
1276.000000 2.741935 3.033586
1277.000000 2.741935 3.059094
1278.000000 2.903226 3.202747
1279.000000 3.064516 3.376859
1280.000000 3.064516 3.363246
1281.000000 3.064516 3.434334
1282.000000 3.225806 3.540311
1283.000000 3.225806 3.529449
1284.000000 3.387097 3.697274
1285.000000 3.387097 3.756097
1286.000000 3.548387 3.906695
1287.000000 3.548387 3.940129
1288.000000 3.709677 4.125899
1289.000000 3.709677 4.068767
1290.000000 3.870968 4.252377
1291.000000 2.096774 2.225503
1292.000000 2.096774 2.242216
1293.000000 2.096774 2.256646
1294.000000 2.258065 2.392849
1295.000000 2.258065 2.379961
1296.000000 2.258065 2.411420
1297.000000 2.096774 2.354251
1298.000000 2.258065 2.491173
1299.000000 2.258065 2.454584
1300.000000 2.419355 2.598255
1301.000000 2.580645 2.725858
1302.000000 2.580645 2.754633
1303.000000 2.580645 2.747280
1304.000000 2.580645 2.747280
1305.000000 2.580645 2.779478
1306.000000 2.741935 2.926834
1307.000000 2.741935 2.950662
1308.000000 2.741935 2.961108
1309.000000 2.741935 2.998240
1310.000000 2.903226 3.173169
1311.000000 2.903226 3.215926
1312.000000 3.064516 3.368198
1313.000000 3.064516 3.318013
1314.000000 3.064516 3.405628
1315.000000 3.225806 3.472574
1316.000000 3.225806 3.559445
1317.000000 3.225806 3.578678
1318.000000 3.387097 3.714340
1319.000000 3.387097 3.694525
1320.000000 3.548387 3.937858
1321.000000 3.709677 4.123395
1322.000000 3.709677 4.087756
1323.000000 3.709677 4.131171
1324.000000 3.870968 4.293135
1325.000000 3.870968 4.341726
1326.000000 4.032258 4.476278
1327.000000 2.096774 2.292749
1328.000000 2.096774 2.338642
1329.000000 2.096774 2.322263
1330.000000 2.258065 2.455735
1331.000000 2.258065 2.455491
1332.000000 2.258065 2.427328
1333.000000 2.419355 2.625960
1334.000000 2.419355 2.619111
1335.000000 2.419355 2.575902
1336.000000 2.580645 2.760965
1337.000000 2.580645 2.761145
1338.000000 2.741935 2.863841
1339.000000 2.741935 2.927831
1340.000000 2.741935 2.976602
1341.000000 2.903226 3.140173
1342.000000 2.903226 3.124123
1343.000000 2.903226 3.164124
1344.000000 3.064516 3.291497
1345.000000 3.064516 3.319444
1346.000000 3.225806 3.435823
1347.000000 3.225806 3.497983
1348.000000 3.225806 3.495683
1349.000000 3.387097 3.699426
1350.000000 3.387097 3.665683
1351.000000 3.548387 3.815220
1352.000000 3.548387 3.912432
1353.000000 3.709677 4.010921
1354.000000 3.709677 4.030872
1355.000000 3.870968 4.175690
1356.000000 4.032258 4.346213
1357.000000 4.032258 4.424493
1358.000000 4.193548 4.588006
1359.000000 2.096774 2.344597
1360.000000 2.258065 2.379452
1361.000000 2.258065 2.370576
1362.000000 2.258065 2.414293
1363.000000 2.258065 2.490235
1364.000000 2.258065 2.500778
1365.000000 2.419355 2.597070
1366.000000 2.419355 2.608477
1367.000000 2.419355 2.599545
1368.000000 2.580645 2.709442
1369.000000 2.419355 2.691973
1370.000000 2.580645 2.854311
1371.000000 2.580645 2.866590
1372.000000 2.741935 2.914119
1373.000000 2.903226 3.058108
1374.000000 2.741935 3.061080
1375.000000 2.741935 3.038762
1376.000000 2.903226 3.120626
1377.000000 3.064516 3.252444
1378.000000 3.225806 3.466794
1379.000000 3.225806 3.458715
1380.000000 3.225806 3.480698
1381.000000 3.387097 3.696914
1382.000000 3.387097 3.680572
1383.000000 3.548387 3.887291
1384.000000 3.548387 3.870730
1385.000000 3.709677 4.058195
1386.000000 3.709677 4.101630
1387.000000 3.709677 4.108174
1388.000000 4.032258 4.404013
1389.000000 4.032258 4.421758
1390.000000 2.258065 2.415257
1391.000000 2.258065 2.406124
1392.000000 2.258065 2.497674
1393.000000 2.258065 2.499752
1394.000000 2.419355 2.560554
1395.000000 2.419355 2.694326
1396.000000 2.419355 2.640905
1397.000000 2.580645 2.703140
1398.000000 2.580645 2.681458
1399.000000 2.580645 2.849919
1400.000000 2.741935 2.899377
1401.000000 2.741935 2.900708
1402.000000 2.903226 3.111526
1403.000000 2.903226 3.067574
1404.000000 2.903226 3.166424
1405.000000 2.903226 3.213855
1406.000000 2.903226 3.273598
1407.000000 2.903226 3.254006
1408.000000 3.064516 3.433530
1409.000000 3.064516 3.449830
1410.000000 3.387097 3.618100
1411.000000 3.387097 3.719189
1412.000000 3.387097 3.762305
1413.000000 3.548387 3.820332
1414.000000 3.548387 3.985085
1415.000000 3.709677 4.018443
1416.000000 3.709677 4.143366
1417.000000 3.709677 4.204408
1418.000000 3.870968 4.358695
1419.000000 4.032258 4.434307
1420.000000 4.032258 4.581633
1421.000000 2.096774 2.212634
1422.000000 2.096774 2.311283
1423.000000 2.258065 2.349815
1424.000000 2.258065 2.347833
1425.000000 2.419355 2.507600
1426.000000 2.258065 2.476599
1427.000000 2.258065 2.516657
1428.000000 2.419355 2.658506
1429.000000 2.419355 2.613577
1430.000000 2.419355 2.676453
1431.000000 2.419355 2.667413
1432.000000 2.580645 2.772698
1433.000000 2.580645 2.780728
1434.000000 2.580645 2.819551
1435.000000 2.741935 2.876451
1436.000000 2.741935 3.007953
1437.000000 2.741935 3.035000
1438.000000 2.741935 3.067696
1439.000000 2.903226 3.225015
1440.000000 2.903226 3.238731
1441.000000 2.903226 3.248966
1442.000000 3.064516 3.330473
1443.000000 3.225806 3.481034
1444.000000 3.225806 3.546773
1445.000000 3.387097 3.679252
1446.000000 3.387097 3.650408
1447.000000 3.387097 3.714750
1448.000000 3.548387 3.876175
1449.000000 3.548387 3.855260
1450.000000 3.709677 4.032495
1451.000000 3.709677 4.063669
1452.000000 3.870968 4.221191
1453.000000 4.032258 4.400470
1454.000000 3.870968 4.399144
1455.000000 2.096774 2.185478
1456.000000 2.096774 2.224077
1457.000000 2.096774 2.265922
1458.000000 2.258065 2.421391
1459.000000 2.258065 2.447767
1460.000000 2.419355 2.552864
1461.000000 2.419355 2.574864
1462.000000 2.580645 2.722632
1463.000000 2.580645 2.744109
1464.000000 2.580645 2.757953
1465.000000 2.741935 2.872696
1466.000000 2.741935 2.938820
1467.000000 2.741935 2.938820
1468.000000 2.903226 3.117426
1469.000000 2.903226 3.006728
1470.000000 2.741935 3.067398
1471.000000 2.903226 3.111199
1472.000000 3.064516 3.254840
1473.000000 3.064516 3.319499
1474.000000 3.064516 3.370459
1475.000000 3.225806 3.526927
1476.000000 3.225806 3.508641
1477.000000 3.387097 3.662687
1478.000000 3.548387 3.795722
1479.000000 3.548387 3.898333
1480.000000 3.709677 4.021143
1481.000000 3.709677 4.077345
1482.000000 3.709677 4.119185
1483.000000 3.870968 4.245170
1484.000000 3.870968 4.382052
1485.000000 4.032258 4.574511
1486.000000 1.935484 2.142467
1487.000000 2.096774 2.333040
1488.000000 2.096774 2.274855
1489.000000 2.096774 2.256850
1490.000000 2.096774 2.303160
1491.000000 2.258065 2.465235
1492.000000 2.258065 2.492361
1493.000000 2.258065 2.477538
1494.000000 2.419355 2.615440
1495.000000 2.419355 2.649371
1496.000000 2.419355 2.630316
1497.000000 2.580645 2.743308
1498.000000 2.580645 2.833239
1499.000000 2.580645 2.817107
1500.000000 2.580645 2.870893
1501.000000 2.741935 3.024499
1502.000000 2.741935 3.051688
1503.000000 2.741935 3.069948
1504.000000 2.741935 3.107182
1505.000000 2.903226 3.170797
1506.000000 2.903226 3.217690
1507.000000 3.064516 3.356934
1508.000000 3.064516 3.390706
1509.000000 3.064516 3.411223
1510.000000 3.225806 3.588784
1511.000000 3.225806 3.574772
1512.000000 3.387097 3.803441
1513.000000 3.387097 3.784742
1514.000000 3.548387 3.949891
1515.000000 3.548387 4.015250
1516.000000 3.709677 4.087488
1517.000000 1.774194 1.982986
1518.000000 1.774194 1.949573
1519.000000 1.935484 2.179446
1520.000000 1.935484 2.179446
1521.000000 2.096774 2.231767
1522.000000 2.096774 2.207189
1523.000000 2.258065 2.424938
1524.000000 2.258065 2.413314
1525.000000 2.258065 2.424418
1526.000000 2.419355 2.466059
1527.000000 2.419355 2.469176
1528.000000 2.419355 2.498486
1529.000000 2.419355 2.573647
1530.000000 2.580645 2.719082
1531.000000 2.580645 2.786932
1532.000000 2.580645 2.780041
1533.000000 2.580645 2.789137
1534.000000 2.741935 2.910936
1535.000000 2.741935 2.963174
1536.000000 2.903226 3.082392
1537.000000 2.903226 3.064932
1538.000000 2.903226 3.187386
1539.000000 3.064516 3.319454
1540.000000 3.064516 3.242625
1541.000000 3.225806 3.424545
1542.000000 3.225806 3.431158
1543.000000 3.225806 3.435973
1544.000000 3.387097 3.627273
1545.000000 3.387097 3.678426
1546.000000 3.548387 3.817064
1547.000000 3.548387 3.893783
1548.000000 3.709677 4.053339
1549.000000 3.709677 4.105427
1550.000000 1.774194 1.898641
1551.000000 1.935484 2.091855
1552.000000 1.935484 2.091711
1553.000000 2.096774 2.203545
1554.000000 2.096774 2.166172
1555.000000 2.096774 2.248110
1556.000000 2.258065 2.372767
1557.000000 2.258065 2.397733
1558.000000 2.258065 2.397733
1559.000000 2.419355 2.577762
1560.000000 2.419355 2.604641
1561.000000 2.419355 2.603160
1562.000000 2.419355 2.635873
1563.000000 2.580645 2.764314
1564.000000 2.580645 2.797690
1565.000000 2.580645 2.790589
1566.000000 2.741935 2.885013
1567.000000 2.741935 2.913923
1568.000000 2.903226 3.102077
1569.000000 2.903226 3.169931
1570.000000 2.903226 3.074939
1571.000000 3.064516 3.327026
1572.000000 3.064516 3.283472
1573.000000 3.225806 3.416612
1574.000000 3.225806 3.439773
1575.000000 3.225806 3.414138
1576.000000 3.387097 3.599271
1577.000000 3.387097 3.681218
1578.000000 3.387097 3.674948
1579.000000 3.548387 3.831645
1580.000000 3.709677 3.977513
1581.000000 3.548387 3.990468
1582.000000 1.935484 2.023611
1583.000000 2.258065 2.328858
1584.000000 2.258065 2.425986
1585.000000 2.419355 2.588146
1586.000000 2.258065 2.553824
1587.000000 2.096774 2.368560
1588.000000 2.258065 2.540336
1589.000000 2.258065 2.552148
1590.000000 2.258065 2.557504
1591.000000 2.419355 2.698013
1592.000000 2.580645 2.728840
1593.000000 2.580645 2.756947
1594.000000 2.580645 2.810316
1595.000000 2.580645 2.840521
1596.000000 2.903226 3.039164
1597.000000 2.741935 2.999951
1598.000000 2.741935 3.036174
1599.000000 2.903226 3.198387
1600.000000 2.903226 3.202362
1601.000000 3.064516 3.283761
1602.000000 3.064516 3.336355
1603.000000 3.064516 3.435132
1604.000000 3.387097 3.594054
1605.000000 3.225806 3.551267
1606.000000 3.387097 3.661561
1607.000000 3.387097 3.712117
1608.000000 3.387097 3.756351
1609.000000 3.709677 3.945446
1610.000000 3.709677 4.022462
1611.000000 3.548387 3.949967
1612.000000 3.870968 4.195809
1613.000000 4.032258 4.333198
1614.000000 4.032258 4.399257
1615.000000 1.935484 2.157576
1616.000000 2.096774 2.198444
1617.000000 2.096774 2.232308
1618.000000 2.096774 2.240456
1619.000000 2.258065 2.357738
1620.000000 2.258065 2.333249
1621.000000 2.258065 2.435401
1622.000000 2.258065 2.485511
1623.000000 2.258065 2.446370
1624.000000 2.419355 2.649523
1625.000000 2.419355 2.601208
1626.000000 2.580645 2.639810
1627.000000 2.741935 2.846886
1628.000000 2.580645 2.782336
1629.000000 2.903226 2.975191
1630.000000 2.741935 2.963557
1631.000000 2.903226 3.041979
1632.000000 3.064516 3.149302
1633.000000 2.903226 3.106422
1634.000000 3.064516 3.246728
1635.000000 3.064516 3.366734
1636.000000 3.225806 3.427255
1637.000000 3.387097 3.551102
1638.000000 3.225806 3.543372
1639.000000 3.548387 3.733884
1640.000000 3.387097 3.724447
1641.000000 3.709677 3.937591
1642.000000 3.709677 4.084034
1643.000000 3.709677 4.091486
1644.000000 4.032258 4.276975
1645.000000 4.032258 4.313478
1646.000000 1.935484 2.155906
1647.000000 1.935484 2.158430
1648.000000 1.935484 2.079964
1649.000000 2.096774 2.115674
1650.000000 1.935484 2.141403
1651.000000 2.096774 2.281290
1652.000000 2.258065 2.345948
1653.000000 2.258065 2.437481
1654.000000 2.419355 2.544521
1655.000000 2.419355 2.469393
1656.000000 2.419355 2.546911
1657.000000 2.419355 2.576478
1658.000000 2.419355 2.584352
1659.000000 2.419355 2.585661
1660.000000 2.580645 2.752492
1661.000000 2.580645 2.808211
1662.000000 2.580645 2.797781
1663.000000 2.580645 2.781369
1664.000000 2.741935 2.928883
1665.000000 2.741935 2.933834
1666.000000 2.903226 3.071086
1667.000000 2.903226 3.122795
1668.000000 2.903226 3.146885
1669.000000 2.903226 3.197147
1670.000000 3.064516 3.318054
1671.000000 3.064516 3.346028
1672.000000 3.064516 3.376902
1673.000000 3.225806 3.522994
1674.000000 3.225806 3.529343
1675.000000 3.387097 3.746710
1676.000000 3.387097 3.746362
1677.000000 3.548387 3.942372
1678.000000 3.548387 3.961345
1679.000000 3.709677 4.072578
1680.000000 1.935484 2.068296
1681.000000 1.935484 2.071688
1682.000000 2.096774 2.278509
1683.000000 2.096774 2.218578
1684.000000 2.258065 2.345966
1685.000000 2.258065 2.390074
1686.000000 2.258065 2.455735
1687.000000 2.419355 2.602465
1688.000000 2.419355 2.562023
1689.000000 2.419355 2.627353
1690.000000 2.580645 2.712724
1691.000000 2.580645 2.770725
1692.000000 2.580645 2.835502
1693.000000 2.580645 2.798863
1694.000000 2.741935 3.018702
1695.000000 2.741935 3.038214
1696.000000 2.741935 3.024301
1697.000000 2.741935 3.005823
1698.000000 2.903226 3.207598
1699.000000 2.903226 3.204450
1700.000000 3.064516 3.421727
1701.000000 3.064516 3.414285
1702.000000 3.225806 3.607350
1703.000000 3.225806 3.547796
1704.000000 3.387097 3.759718
1705.000000 3.387097 3.740006
1706.000000 3.548387 3.903732
1707.000000 3.548387 3.926160
1708.000000 1.935484 2.086015
1709.000000 1.935484 2.087747
1710.000000 2.096774 2.244584
1711.000000 2.096774 2.249908
1712.000000 2.096774 2.269820
1713.000000 2.096774 2.315908
1714.000000 2.258065 2.472676
1715.000000 2.258065 2.464653
1716.000000 2.258065 2.465723
1717.000000 2.419355 2.547199
1718.000000 2.419355 2.570784
1719.000000 2.580645 2.733511
1720.000000 2.580645 2.763049
1721.000000 2.580645 2.773349
1722.000000 2.580645 2.768524
1723.000000 2.741935 2.893053
1724.000000 2.741935 2.953755
1725.000000 2.903226 3.085491
1726.000000 2.903226 3.119749
1727.000000 2.903226 3.144058
1728.000000 3.064516 3.228220
1729.000000 3.064516 3.325839
1730.000000 3.225806 3.435306
1731.000000 3.225806 3.431718
1732.000000 3.225806 3.474105
1733.000000 3.225806 3.510923
1734.000000 3.387097 3.667259
1735.000000 3.387097 3.665590
1736.000000 3.548387 3.801008
1737.000000 3.548387 3.847908
1738.000000 3.548387 3.891009
1739.000000 3.709677 4.049428
1740.000000 3.709677 4.050085
1741.000000 3.870968 4.229694
1742.000000 3.870968 4.253590
1743.000000 4.032258 4.383347
1744.000000 4.032258 4.425159
1745.000000 2.258065 2.339766
1746.000000 2.258065 2.343645
1747.000000 2.258065 2.476681
1748.000000 2.419355 2.518701
1749.000000 2.419355 2.541639
1750.000000 2.580645 2.721848
1751.000000 2.580645 2.769578
1752.000000 2.580645 2.716823
1753.000000 2.741935 2.938820
1754.000000 2.580645 2.884362
1755.000000 2.741935 3.015525
1756.000000 2.741935 2.980649
1757.000000 2.903226 3.121973
1758.000000 3.064516 3.200897
1759.000000 3.064516 3.261540
1760.000000 3.064516 3.308702
1761.000000 3.064516 3.327615
1762.000000 3.225806 3.454166
1763.000000 3.225806 3.481653
1764.000000 3.387097 3.647165
1765.000000 3.387097 3.681339
1766.000000 3.387097 3.712806
1767.000000 3.548387 3.874077
1768.000000 3.548387 3.879926
1769.000000 3.709677 4.090983
1770.000000 3.709677 4.091718
1771.000000 3.870968 4.274184
1772.000000 4.032258 4.421900
1773.000000 4.032258 4.411207
1774.000000 2.096774 2.257388
1775.000000 2.258065 2.402941
1776.000000 2.258065 2.472856
1777.000000 2.258065 2.440653
1778.000000 2.258065 2.441220
1779.000000 2.419355 2.600642
1780.000000 2.419355 2.637263
1781.000000 2.580645 2.804598
1782.000000 2.580645 2.769141
1783.000000 2.741935 2.962723
1784.000000 2.741935 2.951479
1785.000000 2.741935 2.975655
1786.000000 2.903226 3.120377
1787.000000 2.903226 3.160304
1788.000000 2.903226 3.177066
1789.000000 3.064516 3.332559
1790.000000 3.064516 3.358407
1791.000000 3.225806 3.492103
1792.000000 3.225806 3.539729
1793.000000 3.387097 3.677357
1794.000000 3.387097 3.683502
1795.000000 3.387097 3.727446
1796.000000 3.548387 3.897559
1797.000000 3.548387 3.927218
1798.000000 3.709677 4.114829
1799.000000 3.709677 4.184957
1800.000000 3.870968 4.284553
1801.000000 4.032258 4.510218
1802.000000 4.032258 4.476756
1803.000000 2.096774 2.290456
1804.000000 2.258065 2.495150
1805.000000 2.096774 2.348127
1806.000000 2.096774 2.282247
1807.000000 2.258065 2.487873
1808.000000 2.258065 2.437481
1809.000000 2.419355 2.676107
1810.000000 2.419355 2.578391
1811.000000 2.419355 2.639528
1812.000000 2.580645 2.787633
1813.000000 2.580645 2.837274
1814.000000 2.741935 2.887106
1815.000000 2.741935 2.981175
1816.000000 2.741935 2.934078
1817.000000 2.903226 3.135888
1818.000000 2.903226 3.122980
1819.000000 3.064516 3.308050
1820.000000 3.064516 3.261189
1821.000000 3.064516 3.362027
1822.000000 3.225806 3.485513
1823.000000 3.225806 3.536509
1824.000000 3.225806 3.530634
1825.000000 3.387097 3.648620
1826.000000 3.387097 3.715944
1827.000000 3.548387 3.861450
1828.000000 3.548387 3.903647
1829.000000 3.709677 4.065503
1830.000000 3.709677 4.098021
1831.000000 3.870968 4.309579
1832.000000 1.935484 2.168488
1833.000000 2.096774 2.301264
1834.000000 2.258065 2.498594
1835.000000 2.096774 2.315226
1836.000000 2.258065 2.457734
1837.000000 2.258065 2.487873
1838.000000 2.258065 2.457734
1839.000000 2.419355 2.627353
1840.000000 2.419355 2.593717
1841.000000 2.419355 2.675093
1842.000000 2.419355 2.662721
1843.000000 2.580645 2.831588
1844.000000 2.580645 2.785959
1845.000000 2.741935 2.963240
1846.000000 2.741935 3.007953
1847.000000 2.741935 2.982098
1848.000000 2.741935 3.009923
1849.000000 2.741935 3.015598
1850.000000 2.903226 3.182606
1851.000000 2.903226 3.270599
1852.000000 2.903226 3.239491
1853.000000 3.064516 3.410783
1854.000000 3.064516 3.459389
1855.000000 3.064516 3.395981
1856.000000 3.225806 3.552685
1857.000000 3.225806 3.563894
1858.000000 3.387097 3.745113
1859.000000 3.387097 3.772278
1860.000000 3.548387 3.916903
1861.000000 3.548387 3.923342
1862.000000 3.709677 4.115799
1863.000000 3.709677 4.149488
1864.000000 3.870968 4.266449
1865.000000 3.870968 4.326735
1866.000000 4.032258 4.480362
1867.000000 4.032258 4.504001
1868.000000 4.193548 4.680328
1869.000000 4.354839 4.834799
1870.000000 2.258065 2.502875
1871.000000 2.419355 2.668989
1872.000000 2.419355 2.675093
1873.000000 2.419355 2.675093
1874.000000 2.419355 2.680180
1875.000000 2.580645 2.854300
1876.000000 2.580645 2.858378
1877.000000 2.580645 2.863242
1878.000000 2.741935 3.042087
1879.000000 2.741935 3.067398
1880.000000 2.903226 3.157142
1881.000000 2.903226 3.145568
1882.000000 2.903226 3.225836
1883.000000 3.064516 3.377545
1884.000000 3.064516 3.450815
1885.000000 3.225806 3.641810
1886.000000 3.225806 3.551423
1887.000000 3.387097 3.687822
1888.000000 3.387097 3.736876
1889.000000 3.548387 3.894827
1890.000000 3.709677 4.075137
1891.000000 3.709677 4.089927
1892.000000 3.870968 4.314837
1893.000000 3.870968 4.310426
1894.000000 4.032258 4.462046
1895.000000 4.032258 4.464791
1896.000000 4.193548 4.682855
1897.000000 4.354839 4.849926
1898.000000 2.258065 2.517085
1899.000000 2.419355 2.707671
1900.000000 2.580645 2.814366
1901.000000 2.580645 2.855998
1902.000000 2.580645 2.862346
1903.000000 2.741935 3.038162
1904.000000 2.741935 3.045202
1905.000000 2.903226 3.205991
1906.000000 2.903226 3.160752
1907.000000 2.903226 3.147910
1908.000000 3.064516 3.355376
1909.000000 3.064516 3.392646
1910.000000 3.225806 3.568247
1911.000000 3.225806 3.588182
1912.000000 3.225806 3.592156
1913.000000 3.387097 3.735015
1914.000000 3.387097 3.781422
1915.000000 3.548387 3.968618
1916.000000 3.548387 3.941329
1917.000000 3.548387 3.969339
1918.000000 3.709677 4.155172
1919.000000 3.870968 4.322733
1920.000000 3.870968 4.377221
1921.000000 4.032258 4.537656
1922.000000 4.032258 4.532414
1923.000000 4.193548 4.644057
1924.000000 4.193548 4.661049
1925.000000 4.354839 4.910814
1926.000000 4.354839 4.912116
1927.000000 2.419355 2.474286
1928.000000 2.258065 2.494702
1929.000000 2.258065 2.500892
1930.000000 2.580645 2.717563
1931.000000 2.580645 2.825293
1932.000000 2.580645 2.855196
1933.000000 2.580645 2.863302
1934.000000 2.741935 2.967467
1935.000000 2.741935 3.022392
1936.000000 2.903226 3.180677
1937.000000 2.903226 3.227241
1938.000000 3.064516 3.384367
1939.000000 3.064516 3.416752
1940.000000 3.064516 3.409951
1941.000000 3.225806 3.574044
1942.000000 3.387097 3.653656
1943.000000 3.387097 3.745445
1944.000000 3.387097 3.813108
1945.000000 3.548387 3.941480
1946.000000 3.548387 3.994998
1947.000000 3.709677 4.130075
1948.000000 3.709677 4.162131
1949.000000 3.870968 4.344943
1950.000000 3.870968 4.411277
1951.000000 2.096774 2.348127
1952.000000 2.096774 2.347237
1953.000000 2.258065 2.526895
1954.000000 2.258065 2.485460
1955.000000 2.258065 2.487873
1956.000000 2.258065 2.487873
1957.000000 2.419355 2.665642
1958.000000 2.419355 2.668989
1959.000000 2.419355 2.668989
1960.000000 2.580645 2.822069
1961.000000 2.580645 2.860625
1962.000000 2.741935 2.956889
1963.000000 2.741935 2.962945
1964.000000 2.741935 3.061434
1965.000000 2.741935 3.061434
1966.000000 2.903226 3.197019
1967.000000 2.903226 3.237471
1968.000000 2.903226 3.234566
1969.000000 3.064516 3.395451
1970.000000 3.064516 3.406990
1971.000000 3.225806 3.567581
1972.000000 3.225806 3.608165
1973.000000 3.225806 3.606847
1974.000000 3.387097 3.728506
1975.000000 3.387097 3.773072
1976.000000 3.387097 3.820316
1977.000000 3.548387 3.937381
1978.000000 3.548387 3.950388
1979.000000 3.709677 4.102221
1980.000000 3.709677 4.133882
1981.000000 3.870968 4.281859
1982.000000 3.870968 4.352607
1983.000000 4.032258 4.542779
1984.000000 4.193548 4.684736
1985.000000 2.096774 2.342421
1986.000000 2.096774 2.328837
1987.000000 2.258065 2.514663
1988.000000 2.258065 2.441621
1989.000000 2.258065 2.488587
1990.000000 2.419355 2.655818
1991.000000 2.419355 2.622437
1992.000000 2.580645 2.751285
1993.000000 2.580645 2.831588
1994.000000 2.580645 2.791186
1995.000000 2.741935 2.938243
1996.000000 2.741935 2.932005
1997.000000 2.741935 2.960893
1998.000000 2.903226 3.107740
1999.000000 2.903226 3.120361
2000.000000 2.903226 3.180429
2001.000000 3.064516 3.344131
2002.000000 3.064516 3.348746
2003.000000 3.064516 3.374196
2004.000000 3.225806 3.512660
2005.000000 3.225806 3.512575
2006.000000 3.225806 3.569398
2007.000000 3.387097 3.667753
2008.000000 3.387097 3.738139
2009.000000 3.387097 3.808976
2010.000000 3.548387 3.914819
2011.000000 3.548387 3.938944
2012.000000 3.709677 4.105152
2013.000000 3.709677 4.085886
2014.000000 3.870968 4.351923
2015.000000 3.870968 4.354210
2016.000000 4.032258 4.477051
2017.000000 4.032258 4.507043
2018.000000 4.193548 4.633114
2019.000000 4.354839 4.810551
2020.000000 4.354839 4.844406
2021.000000 4.516129 5.036190
2022.000000 4.516129 5.072163
2023.000000 2.258065 2.523013
2024.000000 2.419355 2.699829
2025.000000 2.419355 2.675093
2026.000000 2.419355 2.686887
2027.000000 2.580645 2.832746
2028.000000 2.580645 2.858378
2029.000000 2.580645 2.847046
2030.000000 2.741935 2.990413
2031.000000 2.741935 3.016501
2032.000000 2.903226 3.117426
2033.000000 2.903226 3.190729
2034.000000 2.903226 3.206787
2035.000000 2.903226 3.229755
2036.000000 3.064516 3.373497
2037.000000 3.064516 3.367353
2038.000000 3.064516 3.392291
2039.000000 3.225806 3.562523
2040.000000 3.225806 3.582842
2041.000000 3.387097 3.752442
2042.000000 3.548387 3.848635
2043.000000 3.548387 3.905963
2044.000000 3.709677 4.066210
2045.000000 3.709677 4.116333
2046.000000 3.709677 4.191172
2047.000000 3.870968 4.326358
2048.000000 4.032258 4.476272
2049.000000 4.032258 4.511129
2050.000000 4.193548 4.657979
2051.000000 1.935484 2.146697
2052.000000 2.096774 2.288890
2053.000000 2.096774 2.302692
2054.000000 2.258065 2.506406
2055.000000 2.258065 2.468254
2056.000000 2.258065 2.497212
2057.000000 2.419355 2.630030
2058.000000 2.419355 2.644385
2059.000000 2.419355 2.635858
2060.000000 2.580645 2.770999
2061.000000 2.580645 2.784312
2062.000000 2.580645 2.825896
2063.000000 2.741935 2.976663
2064.000000 2.741935 2.989735
2065.000000 2.741935 2.985150
2066.000000 2.903226 3.161227
2067.000000 2.903226 3.198888
2068.000000 2.903226 3.226130
2069.000000 3.064516 3.318673
2070.000000 3.064516 3.314515
2071.000000 3.064516 3.342301
2072.000000 3.225806 3.479233
2073.000000 3.225806 3.580613
2074.000000 3.225806 3.558160
2075.000000 3.387097 3.779421
2076.000000 3.387097 3.742845
2077.000000 3.387097 3.755015
2078.000000 3.548387 4.013823
2079.000000 1.935484 2.136222
2080.000000 1.935484 2.110934
2081.000000 1.935484 2.129181
2082.000000 2.096774 2.308255
2083.000000 2.096774 2.311476
2084.000000 2.096774 2.272686
2085.000000 2.096774 2.265910
2086.000000 2.258065 2.443199
2087.000000 2.258065 2.467572
2088.000000 2.258065 2.468854
2089.000000 2.419355 2.597456
2090.000000 2.419355 2.628324
2091.000000 2.419355 2.662225
2092.000000 2.580645 2.783185
2093.000000 2.580645 2.752188
2094.000000 2.580645 2.789471
2095.000000 2.580645 2.769395
2096.000000 2.580645 2.782925
2097.000000 2.741935 2.914736
2098.000000 2.741935 2.909527
2099.000000 2.741935 2.963781
2100.000000 2.903226 3.154881
2101.000000 2.903226 3.153362
2102.000000 3.064516 3.308385
2103.000000 3.064516 3.302683
2104.000000 3.064516 3.294919
2105.000000 3.225806 3.422135
2106.000000 3.225806 3.481095
2107.000000 3.225806 3.509499
2108.000000 3.387097 3.670079
2109.000000 3.387097 3.734622
2110.000000 3.548387 3.817470
2111.000000 3.548387 3.909188
2112.000000 3.709677 3.970471
2113.000000 3.709677 4.075913
2114.000000 3.709677 4.100087
2115.000000 3.870968 4.266859
2116.000000 4.032258 4.445109
2117.000000 4.032258 4.476224
2118.000000 4.193548 4.618405
2119.000000 4.354839 4.729468
2120.000000 4.354839 4.827295
2121.000000 4.516129 4.983584
2122.000000 4.677419 5.176352
2123.000000 2.419355 2.680180
2124.000000 2.419355 2.677838
2125.000000 2.419355 2.677838
2126.000000 2.580645 2.847046
2127.000000 2.580645 2.838894
2128.000000 2.741935 2.944434
2129.000000 2.741935 2.966005
2130.000000 2.903226 3.172989
2131.000000 2.903226 3.175472
2132.000000 2.903226 3.146179
2133.000000 3.064516 3.348143
2134.000000 3.064516 3.343014
2135.000000 3.064516 3.343535
2136.000000 3.225806 3.502835
2137.000000 3.225806 3.532852
2138.000000 3.387097 3.702980
2139.000000 3.387097 3.717216
2140.000000 3.548387 3.902133
2141.000000 3.548387 3.942382
2142.000000 3.709677 4.090575
2143.000000 3.709677 4.123039
2144.000000 3.870968 4.249274
2145.000000 3.870968 4.269026
2146.000000 2.096774 2.285386
2147.000000 2.096774 2.312041
2148.000000 2.096774 2.338642
2149.000000 2.258065 2.494702
2150.000000 2.258065 2.500892
2151.000000 2.258065 2.494702
2152.000000 2.419355 2.587357
2153.000000 2.419355 2.627675
2154.000000 2.419355 2.597250
2155.000000 2.580645 2.738618
2156.000000 2.580645 2.717763
2157.000000 2.580645 2.802109
2158.000000 2.741935 2.962108
2159.000000 2.741935 2.911670
2160.000000 2.741935 2.944262
2161.000000 2.903226 3.137803
2162.000000 2.903226 3.149774
2163.000000 2.903226 3.161603
2164.000000 3.064516 3.313337
2165.000000 3.064516 3.282339
2166.000000 3.064516 3.342788
2167.000000 3.225806 3.416650
2168.000000 3.225806 3.506519
2169.000000 3.225806 3.526258
2170.000000 3.387097 3.609186
2171.000000 3.387097 3.710648
2172.000000 3.548387 3.854325
2173.000000 3.548387 3.846878
2174.000000 3.709677 4.065595
2175.000000 3.709677 4.125297
2176.000000 3.709677 4.133554
2177.000000 3.870968 4.299648
2178.000000 1.935484 2.125459
2179.000000 1.935484 2.150305
2180.000000 2.096774 2.318448
2181.000000 2.096774 2.278065
2182.000000 2.096774 2.313757
2183.000000 2.258065 2.464829
2184.000000 2.258065 2.458553
2185.000000 2.419355 2.576307
2186.000000 2.419355 2.582817
2187.000000 2.419355 2.642439
2188.000000 2.580645 2.771762
2189.000000 2.580645 2.791764
2190.000000 2.580645 2.799563
2191.000000 2.741935 2.972688
2192.000000 2.741935 3.020219
2193.000000 2.903226 3.127851
2194.000000 2.903226 3.168097
2195.000000 2.903226 3.195931
2196.000000 2.903226 3.197259
2197.000000 3.064516 3.354019
2198.000000 3.064516 3.364426
2199.000000 3.225806 3.490611
2200.000000 3.225806 3.525617
2201.000000 3.387097 3.695664
2202.000000 3.387097 3.728466
2203.000000 3.548387 3.827059
2204.000000 3.548387 3.943152
2205.000000 3.548387 3.938809
2206.000000 3.709677 4.071876
2207.000000 3.870968 4.298876
2208.000000 3.870968 4.275178
2209.000000 1.935484 2.066749
2210.000000 2.096774 2.232939
2211.000000 2.096774 2.276412
2212.000000 2.258065 2.463414
2213.000000 2.258065 2.473106
2214.000000 2.419355 2.553115
2215.000000 2.419355 2.572424
2216.000000 2.419355 2.648782
2217.000000 2.580645 2.722195
2218.000000 2.580645 2.739461
2219.000000 2.580645 2.773819
2220.000000 2.741935 2.860091
2221.000000 2.741935 2.964182
2222.000000 2.741935 2.972552
2223.000000 2.741935 2.993973
2224.000000 2.903226 3.159829
2225.000000 2.903226 3.160871
2226.000000 3.064516 3.306251
2227.000000 3.064516 3.328697
2228.000000 3.225806 3.466185
2229.000000 3.225806 3.500672
2230.000000 3.225806 3.561796
2231.000000 3.387097 3.684300
2232.000000 3.387097 3.662272
2233.000000 3.548387 3.873828
2234.000000 3.548387 3.883751
2235.000000 3.709677 4.078572
2236.000000 3.709677 4.051841
2237.000000 1.774194 1.931290
2238.000000 1.774194 1.907377
2239.000000 1.935484 2.069091
2240.000000 1.935484 2.082056
2241.000000 1.935484 2.084885
2242.000000 2.096774 2.285932
2243.000000 2.096774 2.273672
2244.000000 2.096774 2.243567
2245.000000 2.258065 2.410236
2246.000000 2.258065 2.407737
2247.000000 2.258065 2.455735
2248.000000 2.419355 2.586042
2249.000000 2.419355 2.616230
2250.000000 2.419355 2.670022
2251.000000 2.419355 2.666062
2252.000000 2.580645 2.830372
2253.000000 2.580645 2.823630
2254.000000 2.741935 2.990288
2255.000000 2.741935 2.975676
2256.000000 2.741935 3.030238
2257.000000 2.903226 3.255155
2258.000000 2.903226 3.228730
2259.000000 2.903226 3.229656
2260.000000 3.064516 3.360567
2261.000000 3.064516 3.397110
2262.000000 3.225806 3.550362
2263.000000 3.225806 3.572100
2264.000000 3.387097 3.782554
2265.000000 3.387097 3.777392
2266.000000 3.548387 4.000507
2267.000000 3.548387 3.984170
2268.000000 1.935484 2.135170
2269.000000 1.935484 2.173294
2270.000000 1.935484 2.163428
2271.000000 2.096774 2.337503
2272.000000 2.096774 2.307771
2273.000000 2.096774 2.327996
2274.000000 2.258065 2.482572
2275.000000 2.258065 2.480686
2276.000000 2.258065 2.447932
2277.000000 2.419355 2.566752
2278.000000 2.419355 2.696241
2279.000000 2.419355 2.649018
2280.000000 2.419355 2.684983
2281.000000 2.580645 2.827636
2282.000000 2.580645 2.871799
2283.000000 2.741935 3.031358
2284.000000 2.741935 3.004958
2285.000000 2.903226 3.197984
2286.000000 2.903226 3.189478
2287.000000 2.903226 3.253049
2288.000000 3.064516 3.444451
2289.000000 3.064516 3.463458
2290.000000 3.225806 3.552432
2291.000000 3.225806 3.602891
2292.000000 3.387097 3.854403
2293.000000 3.387097 3.833793
2294.000000 3.548387 3.947529
2295.000000 3.709677 4.130594
2296.000000 1.935484 2.100850
2297.000000 1.935484 2.077906
2298.000000 1.935484 2.087793
2299.000000 1.935484 2.121263
2300.000000 2.096774 2.248482
2301.000000 2.096774 2.241614
2302.000000 2.096774 2.283974
2303.000000 2.096774 2.247481
2304.000000 2.258065 2.466478
2305.000000 2.258065 2.466478
2306.000000 2.258065 2.426407
2307.000000 2.419355 2.558148
2308.000000 2.419355 2.581578
2309.000000 2.419355 2.590157
2310.000000 2.419355 2.661329
2311.000000 2.580645 2.798046
2312.000000 2.580645 2.821376
2313.000000 2.580645 2.785341
2314.000000 2.580645 2.805504
2315.000000 2.741935 3.010184
2316.000000 2.741935 3.018988
2317.000000 2.741935 3.029556
2318.000000 2.903226 3.150232
2319.000000 2.903226 3.182707
2320.000000 2.903226 3.227203
2321.000000 3.064516 3.352112
2322.000000 3.064516 3.332648
2323.000000 3.225806 3.554683
2324.000000 3.225806 3.545389
2325.000000 3.225806 3.589067
2326.000000 3.387097 3.722392
2327.000000 3.548387 3.890025
2328.000000 3.548387 3.912535
2329.000000 3.548387 3.979186
2330.000000 3.709677 4.132287
2331.000000 3.709677 4.124100
2332.000000 3.870968 4.347163
2333.000000 3.870968 4.344868
2334.000000 4.032258 4.454065
2335.000000 4.032258 4.508915
2336.000000 2.258065 2.523013
2337.000000 2.258065 2.523013
2338.000000 2.258065 2.480535
2339.000000 2.419355 2.667792
2340.000000 2.419355 2.607293
2341.000000 2.419355 2.684074
2342.000000 2.580645 2.802042
2343.000000 2.580645 2.825110
2344.000000 2.580645 2.824250
2345.000000 2.580645 2.832733
2346.000000 2.741935 2.960150
2347.000000 2.741935 2.984950
2348.000000 2.903226 3.090425
2349.000000 2.903226 3.217109
2350.000000 2.903226 3.218442
2351.000000 3.064516 3.314356
2352.000000 3.064516 3.336339
2353.000000 3.064516 3.390904
2354.000000 3.225806 3.539651
2355.000000 3.225806 3.538152
2356.000000 3.387097 3.684371
2357.000000 3.387097 3.754097
2358.000000 3.387097 3.734835
2359.000000 3.548387 3.864096
2360.000000 3.548387 3.939848
2361.000000 3.709677 4.113305
2362.000000 3.709677 4.128896
2363.000000 3.870968 4.333278
2364.000000 4.032258 4.403367
2365.000000 4.032258 4.473205
2366.000000 4.193548 4.582241
2367.000000 4.354839 4.782902
2368.000000 4.354839 4.802463
2369.000000 4.516129 4.977031
2370.000000 4.677419 5.132295
2371.000000 2.419355 2.645378
2372.000000 2.419355 2.627244
2373.000000 2.580645 2.789471
2374.000000 2.580645 2.854190
2375.000000 2.580645 2.824739
2376.000000 2.580645 2.835665
2377.000000 2.741935 3.022301
2378.000000 2.903226 3.169737
2379.000000 2.903226 3.152267
2380.000000 2.903226 3.156330
2381.000000 3.064516 3.374127
2382.000000 3.064516 3.349624
2383.000000 3.225806 3.513705
2384.000000 3.225806 3.565573
2385.000000 3.387097 3.631895
2386.000000 3.387097 3.705591
2387.000000 3.548387 3.857104
2388.000000 3.548387 3.922229
2389.000000 3.709677 4.080277
2390.000000 3.870968 4.213204
2391.000000 3.870968 4.232335
2392.000000 4.032258 4.431451
2393.000000 4.032258 4.444944
2394.000000 4.193548 4.655625
2395.000000 2.096774 2.283642
2396.000000 2.096774 2.312041
2397.000000 2.096774 2.316728
2398.000000 2.258065 2.432675
2399.000000 2.258065 2.494702
2400.000000 2.419355 2.579329
2401.000000 2.419355 2.655818
2402.000000 2.419355 2.616245
2403.000000 2.419355 2.705531
2404.000000 2.580645 2.790237
2405.000000 2.580645 2.852393
2406.000000 2.741935 2.972691
2407.000000 2.741935 2.942863
2408.000000 2.741935 3.045456
2409.000000 2.903226 3.135558
2410.000000 2.903226 3.157564
2411.000000 2.903226 3.216030
2412.000000 3.064516 3.359292
2413.000000 3.064516 3.305580
2414.000000 3.064516 3.379222
2415.000000 3.225806 3.524039
2416.000000 3.225806 3.584144
2417.000000 3.387097 3.706391
2418.000000 3.387097 3.711423
2419.000000 3.548387 3.889747
2420.000000 3.548387 3.922164
2421.000000 3.548387 3.947501
2422.000000 3.709677 4.126927
2423.000000 3.709677 4.153294
2424.000000 3.870968 4.310375
2425.000000 4.032258 4.465440
2426.000000 2.096774 2.253155
2427.000000 2.096774 2.274855
2428.000000 2.096774 2.311738
2429.000000 2.258065 2.487873
2430.000000 2.258065 2.470059
2431.000000 2.419355 2.600231
2432.000000 2.419355 2.639207
2433.000000 2.419355 2.575873
2434.000000 2.419355 2.627353
2435.000000 2.580645 2.785538
2436.000000 2.580645 2.758263
2437.000000 2.580645 2.839915
2438.000000 2.741935 2.980826
2439.000000 2.741935 3.026607
2440.000000 2.741935 3.001504
2441.000000 2.741935 3.029424
2442.000000 2.903226 3.169706
2443.000000 2.903226 3.206820
2444.000000 2.903226 3.188507
2445.000000 3.064516 3.382466
2446.000000 3.064516 3.385228
2447.000000 3.225806 3.585895
2448.000000 3.225806 3.602019
2449.000000 3.387097 3.803927
2450.000000 3.387097 3.764063
2451.000000 3.548387 3.946633
2452.000000 3.548387 4.008606
2453.000000 3.709677 4.170323
2454.000000 3.709677 4.195620
2455.000000 3.870968 4.296842
2456.000000 4.032258 4.537748
2457.000000 4.032258 4.535808
2458.000000 1.935484 2.129181
2459.000000 2.096774 2.351552
2460.000000 2.096774 2.308255
2461.000000 2.096774 2.359807
2462.000000 2.258065 2.486283
2463.000000 2.258065 2.462144
2464.000000 2.258065 2.461731
2465.000000 2.258065 2.466478
2466.000000 2.419355 2.633228
2467.000000 2.419355 2.589170
2468.000000 2.419355 2.655818
2469.000000 2.419355 2.691766
2470.000000 2.419355 2.699205
2471.000000 2.580645 2.888740
2472.000000 2.580645 2.874164
2473.000000 2.741935 3.009126
2474.000000 2.741935 3.032628
2475.000000 2.741935 3.109829
2476.000000 2.903226 3.194529
2477.000000 2.903226 3.206998
2478.000000 2.903226 3.250967
2479.000000 3.064516 3.416423
2480.000000 3.064516 3.422652
2481.000000 3.225806 3.590914
2482.000000 3.225806 3.604887
2483.000000 3.225806 3.639766
2484.000000 3.387097 3.763464
2485.000000 3.387097 3.849694
2486.000000 3.548387 3.938643
2487.000000 3.548387 3.963134
2488.000000 3.709677 4.193024
2489.000000 1.935484 2.134301
2490.000000 2.096774 2.348617
2491.000000 2.096774 2.327476
2492.000000 2.096774 2.310378
2493.000000 2.096774 2.310378
2494.000000 2.096774 2.307022
2495.000000 2.096774 2.310378
2496.000000 2.258065 2.492361
2497.000000 2.258065 2.516657
2498.000000 2.258065 2.473239
2499.000000 2.419355 2.639207
2500.000000 2.419355 2.675093
2501.000000 2.419355 2.712107
2502.000000 2.580645 2.858065
2503.000000 2.580645 2.835910
2504.000000 2.580645 2.829980
2505.000000 2.580645 2.830733
2506.000000 2.741935 2.940922
2507.000000 2.741935 3.040768
2508.000000 2.741935 3.024757
2509.000000 2.903226 3.208485
2510.000000 2.903226 3.208519
2511.000000 2.903226 3.260092
2512.000000 3.064516 3.377244
2513.000000 3.064516 3.402898
2514.000000 3.225806 3.528708
2515.000000 3.225806 3.587103
2516.000000 3.387097 3.743683
2517.000000 3.387097 3.795075
2518.000000 3.387097 3.834190
2519.000000 3.548387 3.981528
2520.000000 3.548387 3.996821
2521.000000 3.709677 4.096159
2522.000000 3.709677 4.222792
2523.000000 1.935484 2.160257
2524.000000 1.935484 2.179446
2525.000000 1.935484 2.158430
2526.000000 1.935484 2.179446
2527.000000 2.096774 2.272464
2528.000000 2.096774 2.273535
2529.000000 2.096774 2.299073
2530.000000 2.258065 2.466480
2531.000000 2.258065 2.512138
2532.000000 2.258065 2.450987
2533.000000 2.419355 2.566382
2534.000000 2.419355 2.585616
2535.000000 2.419355 2.628940
2536.000000 2.419355 2.672126
2537.000000 2.580645 2.813596
2538.000000 2.580645 2.833179
2539.000000 2.580645 2.842366
2540.000000 2.741935 3.047235
2541.000000 2.741935 3.073952
2542.000000 2.741935 3.067862
2543.000000 2.741935 3.014669
2544.000000 2.903226 3.190927
2545.000000 2.903226 3.275297
2546.000000 3.064516 3.362679
2547.000000 3.064516 3.417330
2548.000000 3.225806 3.548647
2549.000000 3.225806 3.505931
2550.000000 3.225806 3.492228
2551.000000 3.387097 3.750951
2552.000000 3.548387 3.918166
2553.000000 3.548387 3.924548
2554.000000 3.709677 4.102725
2555.000000 3.709677 4.066743
2556.000000 1.774194 1.981231
2557.000000 2.096774 2.303976
2558.000000 2.258065 2.504029
2559.000000 2.096774 2.300600
2560.000000 2.096774 2.334321
2561.000000 2.258065 2.517085
2562.000000 2.096774 2.320625
2563.000000 2.258065 2.500601
2564.000000 2.258065 2.488949
2565.000000 2.419355 2.680913
2566.000000 2.419355 2.631604
2567.000000 2.419355 2.659571
2568.000000 2.419355 2.607937
2569.000000 2.580645 2.838894
2570.000000 2.580645 2.783668
2571.000000 2.741935 3.005572
2572.000000 2.741935 3.000163
2573.000000 2.741935 3.011618
2574.000000 2.741935 3.044464
2575.000000 2.903226 3.187254
2576.000000 3.064516 3.326598
2577.000000 3.064516 3.341280
2578.000000 3.064516 3.428517
2579.000000 3.225806 3.535007
2580.000000 3.225806 3.500288
2581.000000 3.225806 3.550896
2582.000000 3.387097 3.759022
2583.000000 3.548387 3.906734
2584.000000 3.548387 3.919699
2585.000000 3.548387 3.905670
2586.000000 3.709677 4.091886
2587.000000 3.709677 4.145139
2588.000000 3.870968 4.314068
2589.000000 3.870968 4.332890
2590.000000 4.032258 4.500736
2591.000000 4.193548 4.639379
2592.000000 4.193548 4.650181
2593.000000 4.354839 4.818500
2594.000000 4.354839 4.894993
2595.000000 4.516129 5.095630
2596.000000 2.258065 2.517085
2597.000000 2.419355 2.675409
2598.000000 2.419355 2.656710
2599.000000 2.419355 2.667383
2600.000000 2.419355 2.656786
2601.000000 2.580645 2.818555
2602.000000 2.580645 2.799561
2603.000000 2.741935 2.974301
2604.000000 2.741935 3.024040
2605.000000 2.741935 3.039764
2606.000000 2.903226 3.151387
2607.000000 2.903226 3.212860
2608.000000 2.903226 3.221968
2609.000000 3.064516 3.367840
2610.000000 3.064516 3.377922
2611.000000 3.225806 3.526948
2612.000000 3.225806 3.581211
2613.000000 3.387097 3.646047
2614.000000 3.387097 3.730258
2615.000000 3.548387 3.831578
2616.000000 3.548387 3.854058
2617.000000 3.709677 4.058372
2618.000000 3.709677 4.126307
2619.000000 3.870968 4.249669
2620.000000 3.870968 4.328177
2621.000000 4.032258 4.462384
2622.000000 4.193548 4.604088
2623.000000 4.193548 4.643712
2624.000000 4.354839 4.783243
2625.000000 4.354839 4.777445
2626.000000 2.258065 2.437927
