0.000000 0.000000 33.000000 0.000000 28.636165 0.000000 1.000000 31.567568
0.000000 0.000000 34.000000 0.000000 28.933982 0.000000 3.000000 58.481675
0.000000 0.000000 33.000000 0.000000 26.702214 0.000000 3.000000 83.760736
0.000000 0.000000 34.000000 0.000000 27.233157 0.000000 6.000000 110.351190
0.000000 0.000000 3.000000 0.000000 28.215596 0.000000 5.000000 86.017341
0.000000 0.000000 0.000000 0.000000 0.000000 0.000000 0.000000 0.000000
0.000000 0.000000 0.000000 0.000000 0.000000 0.000000 0.000000 0.000000
0.000000 0.000000 0.000000 0.000000 0.000000 0.000000 0.000000 0.000000
0.000000 3.000000 40.000000 13.557662 31.461657 5.000000 9.000000 154.919048
0.000000 3.000000 0.000000 15.055052 0.000000 5.000000 0.000000 0.000000
0.000000 33.000000 61.000000 14.169223 26.076024 1.000000 1.000000 30.742690
0.000000 33.000000 64.000000 13.401494 25.393717 1.000000 3.000000 56.971098
0.000000 33.000000 68.000000 13.470013 30.727118 3.000000 9.000000 146.055838
0.000000 33.000000 0.000000 13.403139 0.000000 3.000000 0.000000 0.000000
0.000000 34.000000 66.000000 12.303594 27.654838 2.000000 5.000000 83.971591
0.000000 34.000000 65.000000 15.917612 31.719077 2.000000 6.000000 109.668293
0.000000 34.000000 0.000000 13.443362 0.000000 4.000000 0.000000 0.000000
0.000000 34.000000 0.000000 13.647471 0.000000 4.000000 0.000000 0.000000
0.000000 40.000000 0.000000 14.652386 0.000000 9.000000 0.000000 0.000000
0.000000 40.000000 0.000000 15.914955 0.000000 9.000000 0.000000 0.000000
0.000000 61.000000 92.000000 12.863185 26.734073 11.000000 1.000000 31.445087
0.000000 61.000000 90.000000 13.054535 23.040884 11.000000 2.000000 54.037500
0.000000 64.000000 95.000000 12.232838 26.437310 12.000000 5.000000 83.375000
0.000000 64.000000 95.000000 12.171888 26.549573 12.000000 6.000000 108.343023
0.000000 65.000000 0.000000 15.536822 0.000000 16.000000 0.000000 0.000000
0.000000 65.000000 0.000000 14.256959 0.000000 16.000000 0.000000 0.000000
0.000000 66.000000 95.000000 13.098455 25.355328 15.000000 7.000000 133.012195
0.000000 66.000000 0.000000 13.364284 0.000000 15.000000 0.000000 0.000000
0.000000 68.000000 0.000000 15.176358 0.000000 13.000000 0.000000 0.000000
0.000000 68.000000 0.000000 15.532533 0.000000 13.000000 0.000000 0.000000
0.000000 90.000000 134.000000 12.304616 34.785585 22.000000 5.000000 100.055556
0.000000 90.000000 134.000000 11.401048 32.265292 22.000000 6.000000 131.071090
0.000000 92.000000 132.000000 13.660903 32.451793 21.000000 1.000000 34.425743
0.000000 92.000000 122.000000 12.220682 25.949624 21.000000 2.000000 54.915254
0.000000 95.000000 123.000000 13.185377 26.271177 23.000000 6.000000 128.440000
0.000000 95.000000 121.000000 13.118919 26.521981 23.000000 6.000000 146.494505
0.000000 95.000000 0.000000 13.381118 0.000000 24.000000 0.000000 0.000000
0.000000 95.000000 0.000000 13.261476 0.000000 24.000000 0.000000 0.000000
0.000000 95.000000 0.000000 13.093728 0.000000 27.000000 0.000000 0.000000
0.000000 95.000000 0.000000 13.212605 0.000000 27.000000 0.000000 0.000000
0.000000 121.000000 0.000000 13.333718 0.000000 36.000000 0.000000 0.000000
0.000000 121.000000 0.000000 13.898183 0.000000 36.000000 0.000000 0.000000
0.000000 122.000000 149.000000 13.636409 27.169378 34.000000 3.000000 75.640884
0.000000 122.000000 159.000000 12.522159 29.280173 34.000000 6.000000 122.453125
0.000000 123.000000 0.000000 13.689170 0.000000 35.000000 0.000000 0.000000
0.000000 123.000000 0.000000 12.094161 0.000000 35.000000 0.000000 0.000000
0.000000 132.000000 161.000000 16.742252 33.078120 33.000000 1.000000 34.990476
0.000000 132.000000 158.000000 15.481262 29.385823 33.000000 2.000000 60.231183
0.000000 134.000000 0.000000 16.967729 0.000000 31.000000 0.000000 0.000000
0.000000 134.000000 0.000000 17.193600 0.000000 31.000000 0.000000 0.000000
0.000000 134.000000 0.000000 15.377020 0.000000 32.000000 0.000000 0.000000
0.000000 134.000000 0.000000 17.055010 0.000000 32.000000 0.000000 0.000000
0.000000 149.000000 177.000000 12.533991 24.113100 43.000000 5.000000 114.215569
0.000000 149.000000 177.000000 14.461815 27.454446 43.000000 6.000000 139.142857
0.000000 158.000000 184.000000 15.747153 27.216367 48.000000 3.000000 82.531429
0.000000 158.000000 190.000000 13.155345 27.954468 48.000000 7.000000 119.687500
0.000000 159.000000 0.000000 14.323225 0.000000 44.000000 0.000000 0.000000
0.000000 159.000000 0.000000 14.713930 0.000000 44.000000 0.000000 0.000000
0.000000 161.000000 187.000000 17.551404 31.013093 47.000000 1.000000 33.668394
0.000000 161.000000 188.000000 15.746355 28.157354 47.000000 3.000000 61.038462
0.000000 177.000000 0.000000 11.216525 0.000000 53.000000 0.000000 0.000000
0.000000 177.000000 0.000000 13.246087 0.000000 53.000000 0.000000 0.000000
0.000000 177.000000 0.000000 13.356132 0.000000 54.000000 0.000000 0.000000
0.000000 177.000000 0.000000 14.257308 0.000000 54.000000 0.000000 0.000000
0.000000 184.000000 216.000000 13.734625 29.908610 55.000000 6.000000 133.896552
0.000000 184.000000 214.000000 13.347994 27.202546 55.000000 6.000000 155.063492
0.000000 187.000000 216.000000 15.505527 28.446184 59.000000 1.000000 32.890244
0.000000 187.000000 215.000000 14.573175 26.873138 59.000000 2.000000 57.687500
0.000000 188.000000 217.000000 13.188295 26.537784 60.000000 5.000000 85.280000
0.000000 188.000000 225.000000 13.606552 32.534922 60.000000 7.000000 129.000000
0.000000 190.000000 0.000000 13.335491 0.000000 56.000000 0.000000 0.000000
0.000000 190.000000 0.000000 13.901736 0.000000 56.000000 0.000000 0.000000
0.000000 214.000000 0.000000 13.169210 0.000000 66.000000 0.000000 0.000000
0.000000 214.000000 0.000000 13.475407 0.000000 66.000000 0.000000 0.000000
0.000000 215.000000 247.000000 13.439931 27.921403 68.000000 3.000000 80.816667
0.000000 215.000000 246.000000 12.390936 27.476286 68.000000 4.000000 103.884615
0.000000 216.000000 248.000000 13.838577 26.608729 67.000000 1.000000 32.030488
0.000000 216.000000 248.000000 14.478459 26.801630 67.000000 2.000000 56.500000
0.000000 216.000000 0.000000 15.605742 0.000000 65.000000 0.000000 0.000000
0.000000 216.000000 0.000000 15.005263 0.000000 65.000000 0.000000 0.000000
0.000000 217.000000 255.000000 13.375149 31.487910 69.000000 9.000000 157.058824
0.000000 217.000000 0.000000 13.135132 0.000000 69.000000 0.000000 0.000000
0.000000 225.000000 0.000000 15.576214 0.000000 70.000000 0.000000 0.000000
0.000000 225.000000 0.000000 16.903365 0.000000 70.000000 0.000000 0.000000
0.000000 246.000000 0.000000 13.611972 0.000000 76.000000 0.000000 0.000000
0.000000 246.000000 0.000000 13.283819 0.000000 76.000000 0.000000 0.000000
0.000000 247.000000 281.000000 13.854202 31.382375 75.000000 7.000000 136.439614
0.000000 247.000000 279.000000 13.375149 30.011390 75.000000 6.000000 158.389423
0.000000 248.000000 289.000000 13.968457 31.413104 77.000000 1.000000 34.682292
0.000000 248.000000 281.000000 12.525080 26.951211 77.000000 2.000000 56.362573
0.000000 248.000000 280.000000 12.420654 26.632359 78.000000 3.000000 80.433526
0.000000 248.000000 279.000000 13.547382 28.095865 78.000000 4.000000 103.988950
0.000000 255.000000 0.000000 15.396003 0.000000 81.000000 0.000000 0.000000
0.000000 255.000000 0.000000 16.210430 0.000000 81.000000 0.000000 0.000000
0.000000 279.000000 0.000000 13.378899 0.000000 92.000000 0.000000 0.000000
0.000000 279.000000 0.000000 13.710787 0.000000 92.000000 0.000000 0.000000
0.000000 279.000000 0.000000 14.194991 0.000000 88.000000 0.000000 0.000000
0.000000 279.000000 0.000000 15.984819 0.000000 88.000000 0.000000 0.000000
0.000000 280.000000 317.000000 13.843032 32.037701 91.000000 7.000000 143.102941
0.000000 280.000000 0.000000 13.507843 0.000000 91.000000 0.000000 0.000000
0.000000 281.000000 309.000000 13.443362 26.005019 90.000000 3.000000 74.131737
0.000000 281.000000 312.000000 12.411569 25.021573 90.000000 5.000000 102.377358
0.000000 281.000000 0.000000 15.677398 0.000000 87.000000 0.000000 0.000000
0.000000 281.000000 0.000000 16.177500 0.000000 87.000000 0.000000 0.000000
0.000000 289.000000 322.000000 15.287243 29.831735 89.000000 1.000000 34.279570
0.000000 289.000000 323.000000 14.654398 32.185244 89.000000 3.000000 63.736842
0.000000 309.000000 339.000000 11.575055 25.503179 101.000000 5.000000 114.012346
0.000000 309.000000 339.000000 13.358011 28.480108 101.000000 6.000000 139.302703
0.000000 312.000000 0.000000 11.250517 0.000000 102.000000 0.000000 0.000000
0.000000 312.000000 0.000000 13.487125 0.000000 102.000000 0.000000 0.000000
0.000000 317.000000 0.000000 15.715345 0.000000 99.000000 0.000000 0.000000
0.000000 317.000000 0.000000 16.218855 0.000000 99.000000 0.000000 0.000000
0.000000 322.000000 356.000000 15.572153 31.914590 105.000000 1.000000 34.376884
0.000000 322.000000 353.000000 14.571874 28.786534 105.000000 2.000000 60.417582
0.000000 323.000000 346.000000 16.725190 28.838783 106.000000 3.000000 79.515625
0.000000 323.000000 348.000000 15.646873 28.481741 106.000000 5.000000 109.325967
0.000000 339.000000 0.000000 13.742789 0.000000 107.000000 0.000000 0.000000
0.000000 339.000000 0.000000 12.107492 0.000000 107.000000 0.000000 0.000000
0.000000 339.000000 0.000000 13.231166 0.000000 108.000000 0.000000 0.000000
0.000000 339.000000 0.000000 13.958819 0.000000 108.000000 0.000000 0.000000
0.000000 346.000000 379.000000 14.516196 30.820452 115.000000 7.000000 133.514019
0.000000 346.000000 0.000000 14.104236 0.000000 115.000000 0.000000 0.000000
0.000000 348.000000 0.000000 13.070463 0.000000 116.000000 0.000000 0.000000
0.000000 348.000000 0.000000 14.405045 0.000000 116.000000 0.000000 0.000000
0.000000 353.000000 377.000000 15.606939 26.750383 114.000000 3.000000 79.346591
0.000000 353.000000 385.000000 13.391963 30.540804 114.000000 7.000000 122.115789
0.000000 356.000000 379.000000 16.030458 26.664440 113.000000 1.000000 32.036364
0.000000 356.000000 378.000000 14.571422 25.087149 113.000000 2.000000 55.439490
0.000000 377.000000 405.000000 12.423788 23.470457 125.000000 5.000000 116.980392
0.000000 377.000000 0.000000 14.141355 0.000000 125.000000 0.000000 0.000000
0.000000 378.000000 413.000000 12.479498 27.988953 128.000000 5.000000 84.005780
0.000000 378.000000 405.000000 13.490491 23.728589 128.000000 4.000000 94.993289
0.000000 379.000000 410.000000 13.094387 23.983439 127.000000 1.000000 30.940000
0.000000 379.000000 408.000000 13.825872 25.320528 127.000000 2.000000 53.123457
0.000000 379.000000 0.000000 15.550350 0.000000 121.000000 0.000000 0.000000
0.000000 379.000000 0.000000 15.611958 0.000000 121.000000 0.000000 0.000000
0.000000 385.000000 0.000000 15.116611 0.000000 126.000000 0.000000 0.000000
0.000000 385.000000 0.000000 14.438790 0.000000 126.000000 0.000000 0.000000
0.000000 405.000000 0.000000 11.301936 0.000000 132.000000 0.000000 0.000000
0.000000 405.000000 0.000000 11.463968 0.000000 132.000000 0.000000 0.000000
0.000000 405.000000 0.000000 11.498863 0.000000 129.000000 0.000000 0.000000
0.000000 405.000000 0.000000 11.959163 0.000000 129.000000 0.000000 0.000000
0.000000 408.000000 443.000000 12.235151 29.983134 134.000000 3.000000 75.994709
0.000000 408.000000 441.000000 13.235979 26.627157 134.000000 4.000000 98.654762
0.000000 410.000000 450.000000 13.041185 27.386056 133.000000 1.000000 32.441176
0.000000 410.000000 450.000000 11.078556 26.338633 133.000000 2.000000 57.281768
0.000000 413.000000 448.000000 13.477704 31.864774 131.000000 7.000000 142.909524
0.000000 413.000000 0.000000 14.516196 0.000000 131.000000 0.000000 0.000000
0.000000 441.000000 0.000000 14.320406 0.000000 144.000000 0.000000 0.000000
0.000000 441.000000 0.000000 12.376054 0.000000 144.000000 0.000000 0.000000
0.000000 443.000000 471.000000 14.632082 26.069904 143.000000 5.000000 113.449704
0.000000 443.000000 471.000000 15.247241 31.527637 143.000000 6.000000 140.553922
0.000000 448.000000 0.000000 14.335734 0.000000 147.000000 0.000000 0.000000
0.000000 448.000000 0.000000 16.508185 0.000000 147.000000 0.000000 0.000000
0.000000 450.000000 484.000000 13.968457 28.651193 145.000000 1.000000 32.731183
0.000000 450.000000 477.000000 13.412028 24.748322 145.000000 2.000000 54.286624
0.000000 450.000000 478.000000 13.713309 27.532088 146.000000 4.000000 80.941799
0.000000 450.000000 480.000000 12.528463 25.416904 146.000000 6.000000 109.053892
0.000000 471.000000 0.000000 12.509582 0.000000 151.000000 0.000000 0.000000
0.000000 471.000000 0.000000 12.840372 0.000000 151.000000 0.000000 0.000000
0.000000 471.000000 0.000000 15.381684 0.000000 152.000000 0.000000 0.000000
0.000000 471.000000 0.000000 15.208535 0.000000 152.000000 0.000000 0.000000
0.000000 477.000000 501.000000 13.469559 23.782694 156.000000 3.000000 68.940789
0.000000 477.000000 515.000000 11.833632 25.292941 156.000000 6.000000 116.512195
0.000000 478.000000 512.000000 13.403685 31.042005 157.000000 6.000000 136.622549
0.000000 478.000000 504.000000 14.419791 28.861755 157.000000 7.000000 139.897436
0.000000 480.000000 0.000000 12.232489 0.000000 158.000000 0.000000 0.000000
0.000000 480.000000 0.000000 12.249731 0.000000 158.000000 0.000000 0.000000
0.000000 484.000000 516.000000 14.861320 30.716518 155.000000 1.000000 33.972376
0.000000 484.000000 514.000000 13.261324 26.724625 155.000000 2.000000 59.331461
0.000000 501.000000 533.000000 11.295567 25.248547 163.000000 5.000000 108.993902
0.000000 501.000000 528.000000 11.394238 23.003561 163.000000 6.000000 122.231788
0.000000 504.000000 0.000000 13.241664 0.000000 166.000000 0.000000 0.000000
0.000000 504.000000 0.000000 15.041882 0.000000 166.000000 0.000000 0.000000
0.000000 512.000000 0.000000 15.615178 0.000000 165.000000 0.000000 0.000000
0.000000 512.000000 0.000000 14.636843 0.000000 165.000000 0.000000 0.000000
0.000000 514.000000 542.000000 13.378899 25.054825 170.000000 3.000000 80.023810
0.000000 514.000000 545.000000 13.237837 26.116898 170.000000 7.000000 110.251462
0.000000 515.000000 0.000000 11.189047 0.000000 164.000000 0.000000 0.000000
0.000000 515.000000 0.000000 14.096664 0.000000 164.000000 0.000000 0.000000
0.000000 516.000000 543.000000 16.043499 27.691744 169.000000 1.000000 32.335294
0.000000 516.000000 543.000000 14.088689 26.272103 169.000000 2.000000 56.931677
0.000000 528.000000 0.000000 11.935529 0.000000 172.000000 0.000000 0.000000
0.000000 528.000000 0.000000 10.125218 0.000000 172.000000 0.000000 0.000000
0.000000 533.000000 0.000000 11.942800 0.000000 171.000000 0.000000 0.000000
0.000000 533.000000 0.000000 12.982781 0.000000 171.000000 0.000000 0.000000
0.000000 542.000000 574.000000 13.390805 26.505778 177.000000 5.000000 133.323864
0.000000 542.000000 570.000000 12.058980 25.035895 177.000000 6.000000 145.127907
0.000000 543.000000 574.000000 13.980175 26.159299 181.000000 1.000000 31.758170
0.000000 543.000000 574.000000 13.535808 28.319605 181.000000 2.000000 56.843575
0.000000 543.000000 574.000000 13.392022 26.960537 182.000000 3.000000 82.540698
0.000000 543.000000 574.000000 12.451468 27.841053 182.000000 4.000000 107.879310
0.000000 545.000000 0.000000 12.995865 0.000000 178.000000 0.000000 0.000000
0.000000 545.000000 0.000000 13.385256 0.000000 178.000000 0.000000 0.000000
0.000000 570.000000 0.000000 11.120452 0.000000 188.000000 0.000000 0.000000
0.000000 570.000000 0.000000 13.578049 0.000000 188.000000 0.000000 0.000000
0.000000 574.000000 607.000000 12.371662 25.524655 189.000000 1.000000 32.056250
0.000000 574.000000 607.000000 12.297224 24.554118 189.000000 2.000000 55.361842
0.000000 574.000000 598.000000 15.688231 27.804393 190.000000 3.000000 71.082418
0.000000 574.000000 615.000000 12.450260 32.600308 190.000000 7.000000 130.971154
0.000000 574.000000 609.000000 12.323883 28.994126 191.000000 8.000000 142.831579
0.000000 574.000000 0.000000 14.510073 0.000000 191.000000 0.000000 0.000000
0.000000 574.000000 0.000000 14.347300 0.000000 192.000000 0.000000 0.000000
0.000000 574.000000 0.000000 12.809127 0.000000 192.000000 0.000000 0.000000
0.000000 574.000000 0.000000 14.138421 0.000000 187.000000 0.000000 0.000000
0.000000 574.000000 0.000000 12.831175 0.000000 187.000000 0.000000 0.000000
0.000000 598.000000 628.000000 14.522553 28.026529 199.000000 5.000000 105.905028
0.000000 598.000000 631.000000 13.022218 31.230921 199.000000 7.000000 141.752475
0.000000 607.000000 645.000000 13.078044 30.001899 197.000000 1.000000 34.155914
0.000000 607.000000 639.000000 12.459040 24.684334 197.000000 2.000000 55.486842
0.000000 607.000000 638.000000 11.233790 24.708417 198.000000 3.000000 77.518987
0.000000 607.000000 645.000000 12.411569 29.081965 198.000000 6.000000 114.557377
0.000000 609.000000 0.000000 13.625025 0.000000 201.000000 0.000000 0.000000
0.000000 609.000000 0.000000 15.398519 0.000000 201.000000 0.000000 0.000000
0.000000 615.000000 0.000000 15.364570 0.000000 200.000000 0.000000 0.000000
0.000000 615.000000 0.000000 18.237696 0.000000 200.000000 0.000000 0.000000
0.000000 628.000000 0.000000 14.755707 0.000000 207.000000 0.000000 0.000000
0.000000 628.000000 0.000000 13.231166 0.000000 207.000000 0.000000 0.000000
0.000000 631.000000 0.000000 14.518140 0.000000 208.000000 0.000000 0.000000
0.000000 631.000000 0.000000 15.699788 0.000000 208.000000 0.000000 0.000000
0.000000 638.000000 678.000000 12.402344 29.757203 211.000000 9.000000 149.904762
0.000000 638.000000 664.000000 12.225297 23.043797 211.000000 6.000000 133.060403
0.000000 639.000000 672.000000 12.159164 26.636719 210.000000 4.000000 84.229412
0.000000 639.000000 673.000000 11.315175 26.587818 210.000000 6.000000 110.277108
0.000000 645.000000 664.000000 16.952159 24.605674 209.000000 1.000000 31.542484
0.000000 645.000000 673.000000 13.553074 26.363276 209.000000 3.000000 60.500000
0.000000 645.000000 0.000000 14.335092 0.000000 212.000000 0.000000 0.000000
0.000000 645.000000 0.000000 13.670074 0.000000 212.000000 0.000000 0.000000
0.000000 664.000000 705.000000 12.121934 27.660985 225.000000 1.000000 33.023392
0.000000 664.000000 706.000000 12.126147 30.109648 225.000000 3.000000 61.041237
0.000000 664.000000 0.000000 11.707504 0.000000 222.000000 0.000000 0.000000
0.000000 664.000000 0.000000 11.835145 0.000000 222.000000 0.000000 0.000000
0.000000 672.000000 701.000000 12.462664 25.541040 223.000000 5.000000 126.149068
0.000000 672.000000 695.000000 13.191113 23.675957 223.000000 6.000000 135.139073
0.000000 673.000000 708.000000 13.346759 29.357840 226.000000 5.000000 91.774725
0.000000 673.000000 711.000000 12.381878 30.010734 226.000000 7.000000 126.247423
0.000000 673.000000 0.000000 13.389574 0.000000 224.000000 0.000000 0.000000
0.000000 673.000000 0.000000 12.380490 0.000000 224.000000 0.000000 0.000000
0.000000 678.000000 0.000000 14.468033 0.000000 221.000000 0.000000 0.000000
0.000000 678.000000 0.000000 14.047305 0.000000 221.000000 0.000000 0.000000
0.000000 695.000000 0.000000 11.963660 0.000000 234.000000 0.000000 0.000000
0.000000 695.000000 0.000000 11.790665 0.000000 234.000000 0.000000 0.000000
0.000000 701.000000 0.000000 12.084611 0.000000 233.000000 0.000000 0.000000
0.000000 701.000000 0.000000 13.292085 0.000000 233.000000 0.000000 0.000000
0.000000 705.000000 734.000000 14.195615 25.306395 229.000000 1.000000 32.388535
0.000000 705.000000 733.000000 13.174775 24.663458 229.000000 2.000000 55.560510
0.000000 706.000000 738.000000 15.453627 31.213716 230.000000 5.000000 87.450495
0.000000 706.000000 734.000000 14.636920 28.859616 230.000000 5.000000 108.510526
0.000000 708.000000 734.000000 15.495171 28.173293 235.000000 6.000000 135.423077
0.000000 708.000000 0.000000 13.520672 0.000000 235.000000 0.000000 0.000000
0.000000 711.000000 0.000000 13.448866 0.000000 236.000000 0.000000 0.000000
0.000000 711.000000 0.000000 14.586613 0.000000 236.000000 0.000000 0.000000
0.000000 733.000000 767.000000 12.323883 27.906269 246.000000 4.000000 82.967213
0.000000 733.000000 771.000000 12.154164 28.794273 246.000000 7.000000 117.347368
0.000000 734.000000 767.000000 11.935529 25.933552 245.000000 1.000000 32.240506
0.000000 734.000000 764.000000 13.401494 25.936769 245.000000 2.000000 54.901840
0.000000 734.000000 0.000000 15.447342 0.000000 248.000000 0.000000 0.000000
0.000000 734.000000 0.000000 13.554148 0.000000 248.000000 0.000000 0.000000
0.000000 734.000000 0.000000 13.344377 0.000000 249.000000 0.000000 0.000000
0.000000 734.000000 0.000000 14.942745 0.000000 249.000000 0.000000 0.000000
0.000000 738.000000 775.000000 14.618461 34.083408 247.000000 9.000000 158.543860
0.000000 738.000000 766.000000 16.400380 31.948319 247.000000 7.000000 157.884956
0.000000 764.000000 795.000000 12.462664 26.017887 256.000000 3.000000 74.927711
0.000000 764.000000 791.000000 12.536843 24.610107 256.000000 4.000000 92.363057
0.000000 766.000000 0.000000 15.173596 0.000000 262.000000 0.000000 0.000000
0.000000 766.000000 0.000000 16.637559 0.000000 262.000000 0.000000 0.000000
0.000000 767.000000 799.000000 12.880513 24.685353 255.000000 1.000000 31.666667
0.000000 767.000000 795.000000 12.489359 24.134688 255.000000 2.000000 52.084967
0.000000 767.000000 797.000000 13.798980 27.503311 253.000000 8.000000 131.021390
0.000000 767.000000 0.000000 13.333718 0.000000 253.000000 0.000000 0.000000
0.000000 771.000000 0.000000 14.807873 0.000000 254.000000 0.000000 0.000000
0.000000 771.000000 0.000000 14.469233 0.000000 254.000000 0.000000 0.000000
0.000000 775.000000 0.000000 17.567105 0.000000 261.000000 0.000000 0.000000
0.000000 775.000000 0.000000 16.295666 0.000000 261.000000 0.000000 0.000000
0.000000 791.000000 822.000000 12.452587 27.664626 264.000000 7.000000 158.956284
0.000000 791.000000 0.000000 11.094692 0.000000 264.000000 0.000000 0.000000
0.000000 795.000000 831.000000 11.316497 29.151279 268.000000 3.000000 79.379679
0.000000 795.000000 832.000000 11.437256 26.655797 268.000000 5.000000 107.313953
0.000000 795.000000 832.000000 11.502314 27.590761 263.000000 6.000000 132.925287
0.000000 795.000000 827.000000 14.417283 30.017592 263.000000 6.000000 146.004950
0.000000 797.000000 0.000000 13.210131 0.000000 269.000000 0.000000 0.000000
0.000000 797.000000 0.000000 14.366732 0.000000 269.000000 0.000000 0.000000
0.000000 799.000000 832.000000 13.483628 25.367255 267.000000 1.000000 32.384615
0.000000 799.000000 834.000000 11.260059 25.549322 267.000000 3.000000 57.237500
0.000000 822.000000 0.000000 13.136773 0.000000 275.000000 0.000000 0.000000
0.000000 822.000000 0.000000 13.833329 0.000000 275.000000 0.000000 0.000000
0.000000 827.000000 0.000000 14.317309 0.000000 280.000000 0.000000 0.000000
0.000000 827.000000 0.000000 15.342933 0.000000 280.000000 0.000000 0.000000
0.000000 831.000000 858.000000 14.513216 27.484246 277.000000 5.000000 114.994286
0.000000 831.000000 857.000000 14.177480 26.664821 277.000000 6.000000 136.795455
0.000000 832.000000 864.000000 13.104298 26.471731 283.000000 1.000000 32.674699
0.000000 832.000000 870.000000 12.459040 26.665230 283.000000 3.000000 60.441860
0.000000 832.000000 0.000000 12.263701 0.000000 278.000000 0.000000 0.000000
0.000000 832.000000 0.000000 14.329375 0.000000 278.000000 0.000000 0.000000
0.000000 832.000000 0.000000 12.408481 0.000000 279.000000 0.000000 0.000000
0.000000 832.000000 0.000000 15.065301 0.000000 279.000000 0.000000 0.000000
0.000000 834.000000 872.000000 12.325530 29.243007 284.000000 5.000000 88.696809
0.000000 834.000000 868.000000 12.381878 29.855799 284.000000 5.000000 109.857895
0.000000 857.000000 0.000000 12.058980 0.000000 290.000000 0.000000 0.000000
0.000000 857.000000 0.000000 14.004840 0.000000 290.000000 0.000000 0.000000
0.000000 858.000000 0.000000 13.132610 0.000000 289.000000 0.000000 0.000000
0.000000 858.000000 0.000000 13.388628 0.000000 289.000000 0.000000 0.000000
0.000000 864.000000 900.000000 12.041155 26.548914 291.000000 1.000000 32.577381
0.000000 864.000000 892.000000 13.572344 26.966976 291.000000 2.000000 53.480000
0.000000 868.000000 0.000000 14.104236 0.000000 298.000000 0.000000 0.000000
0.000000 868.000000 0.000000 15.157166 0.000000 298.000000 0.000000 0.000000
0.000000 870.000000 900.000000 12.601114 25.679836 292.000000 4.000000 87.109756
0.000000 870.000000 901.000000 13.201916 27.745828 292.000000 7.000000 113.914286
0.000000 872.000000 902.000000 14.596798 32.863983 297.000000 9.000000 144.116279
0.000000 872.000000 0.000000 14.354093 0.000000 297.000000 0.000000 0.000000
0.000000 892.000000 917.000000 12.316199 23.043651 304.000000 3.000000 66.980132
0.000000 892.000000 923.000000 14.667064 27.700126 304.000000 5.000000 99.929348
0.000000 900.000000 937.000000 13.964667 30.121964 303.000000 1.000000 34.108247
0.000000 900.000000 930.000000 12.044642 26.653689 303.000000 2.000000 56.570588
0.000000 900.000000 933.000000 11.227096 26.056787 307.000000 8.000000 151.308989
0.000000 900.000000 0.000000 13.314124 0.000000 307.000000 0.000000 0.000000
0.000000 901.000000 0.000000 13.400165 0.000000 308.000000 0.000000 0.000000
0.000000 901.000000 0.000000 13.658445 0.000000 308.000000 0.000000 0.000000
0.000000 902.000000 0.000000 15.864359 0.000000 309.000000 0.000000 0.000000
0.000000 902.000000 0.000000 15.859701 0.000000 309.000000 0.000000 0.000000
0.000000 917.000000 952.000000 11.209416 24.839463 311.000000 5.000000 111.481250
0.000000 917.000000 951.000000 11.099329 26.158208 311.000000 6.000000 133.331461
0.000000 923.000000 0.000000 14.487274 0.000000 312.000000 0.000000 0.000000
0.000000 923.000000 0.000000 13.579875 0.000000 312.000000 0.000000 0.000000
0.000000 930.000000 961.000000 13.613592 27.660694 314.000000 3.000000 81.016760
0.000000 930.000000 961.000000 12.540962 24.900832 314.000000 4.000000 105.394904
0.000000 933.000000 0.000000 13.401494 0.000000 315.000000 0.000000 0.000000
0.000000 933.000000 0.000000 12.307340 0.000000 315.000000 0.000000 0.000000
0.000000 937.000000 965.000000 16.951287 29.991113 313.000000 1.000000 34.092391
0.000000 937.000000 967.000000 13.512790 27.769597 313.000000 3.000000 62.038251
0.000000 951.000000 0.000000 14.486181 0.000000 322.000000 0.000000 0.000000
0.000000 951.000000 0.000000 12.935968 0.000000 322.000000 0.000000 0.000000
0.000000 952.000000 0.000000 11.539918 0.000000 321.000000 0.000000 0.000000
0.000000 952.000000 0.000000 13.339634 0.000000 321.000000 0.000000 0.000000
0.000000 961.000000 994.000000 13.516387 28.188782 325.000000 5.000000 131.027473
0.000000 961.000000 986.000000 13.520672 25.927783 325.000000 6.000000 135.626437
0.000000 961.000000 0.000000 12.154164 0.000000 326.000000 0.000000 0.000000
0.000000 961.000000 0.000000 12.626496 0.000000 326.000000 0.000000 0.000000
0.000000 965.000000 994.000000 15.517822 27.740590 329.000000 1.000000 33.180233
0.000000 965.000000 1002.000000 13.542684 32.920661 329.000000 3.000000 67.318627
0.000000 967.000000 1001.000000 13.499227 28.081460 330.000000 4.000000 94.303371
0.000000 967.000000 998.000000 14.616208 28.579643 330.000000 5.000000 113.614973
0.000000 986.000000 0.000000 13.241664 0.000000 336.000000 0.000000 0.000000
0.000000 986.000000 0.000000 13.064722 0.000000 336.000000 0.000000 0.000000
0.000000 994.000000 1024.000000 14.321580 26.362960 339.000000 1.000000 32.831395
0.000000 994.000000 1043.000000 13.318499 40.465870 339.000000 3.000000 76.752000
0.000000 994.000000 0.000000 14.153029 0.000000 335.000000 0.000000 0.000000
0.000000 994.000000 0.000000 14.882804 0.000000 335.000000 0.000000 0.000000
0.000000 998.000000 0.000000 15.188748 0.000000 342.000000 0.000000 0.000000
0.000000 998.000000 0.000000 13.258918 0.000000 342.000000 0.000000 0.000000
0.000000 1001.000000 1029.000000 14.748405 29.257396 341.000000 8.000000 145.574468
0.000000 1001.000000 0.000000 13.520672 0.000000 341.000000 0.000000 0.000000
0.000000 1002.000000 1024.000000 17.393536 30.065227 340.000000 3.000000 83.112821
0.000000 1002.000000 1026.000000 14.729078 26.137256 340.000000 6.000000 112.164634
0.000000 1024.000000 1056.000000 12.889377 25.510434 345.000000 1.000000 32.276730
0.000000 1024.000000 1053.000000 13.473548 25.694605 345.000000 2.000000 53.856287
0.000000 1024.000000 1055.000000 14.600332 29.799466 353.000000 6.000000 132.944444
0.000000 1024.000000 1048.000000 14.816071 27.560171 353.000000 6.000000 139.640212
0.000000 1026.000000 0.000000 12.331989 0.000000 354.000000 0.000000 0.000000
0.000000 1026.000000 0.000000 13.656762 0.000000 354.000000 0.000000 0.000000
0.000000 1029.000000 0.000000 12.581248 0.000000 351.000000 0.000000 0.000000
0.000000 1029.000000 0.000000 17.191842 0.000000 351.000000 0.000000 0.000000
0.000000 1043.000000 1063.000000 20.412469 34.763511 346.000000 5.000000 95.044843
0.000000 1043.000000 1064.000000 19.183768 32.045173 346.000000 7.000000 127.844660
0.000000 1048.000000 0.000000 14.448634 0.000000 358.000000 0.000000 0.000000
0.000000 1048.000000 0.000000 13.646435 0.000000 358.000000 0.000000 0.000000
0.000000 1053.000000 1084.000000 12.384661 25.337836 356.000000 4.000000 74.885542
0.000000 1053.000000 1087.000000 12.346888 26.417867 356.000000 6.000000 104.372093
0.000000 1055.000000 0.000000 13.669451 0.000000 357.000000 0.000000 0.000000
0.000000 1055.000000 0.000000 17.091732 0.000000 357.000000 0.000000 0.000000
0.000000 1056.000000 1083.000000 13.057467 22.385443 355.000000 1.000000 30.642857
0.000000 1056.000000 1087.000000 11.291966 23.685072 355.000000 3.000000 55.046667
0.000000 1063.000000 1085.000000 16.700619 27.814522 363.000000 7.000000 125.788889
0.000000 1063.000000 1086.000000 17.917111 32.695733 363.000000 9.000000 156.334862
0.000000 1064.000000 0.000000 15.618478 0.000000 364.000000 0.000000 0.000000
0.000000 1064.000000 0.000000 17.881061 0.000000 364.000000 0.000000 0.000000
0.000000 1083.000000 1120.000000 10.990706 25.590656 371.000000 1.000000 32.052288
0.000000 1083.000000 1117.000000 11.626603 23.151111 371.000000 2.000000 53.000000
0.000000 1084.000000 1113.000000 12.235151 24.753798 367.000000 5.000000 113.481928
0.000000 1084.000000 1115.000000 13.338095 29.472755 367.000000 7.000000 144.666667
0.000000 1085.000000 0.000000 14.117478 0.000000 373.000000 0.000000 0.000000
0.000000 1085.000000 0.000000 13.368430 0.000000 373.000000 0.000000 0.000000
0.000000 1086.000000 0.000000 16.539110 0.000000 374.000000 0.000000 0.000000
0.000000 1086.000000 0.000000 16.143265 0.000000 374.000000 0.000000 0.000000
0.000000 1087.000000 1119.000000 12.515084 26.876934 372.000000 4.000000 78.466667
0.000000 1087.000000 1121.000000 12.479498 24.736859 372.000000 7.000000 105.493827
0.000000 1087.000000 0.000000 14.260521 0.000000 368.000000 0.000000 0.000000
0.000000 1087.000000 0.000000 11.942419 0.000000 368.000000 0.000000 0.000000
0.000000 1113.000000 0.000000 13.758683 0.000000 379.000000 0.000000 0.000000
0.000000 1113.000000 0.000000 10.884802 0.000000 379.000000 0.000000 0.000000
0.000000 1115.000000 0.000000 14.104029 0.000000 380.000000 0.000000 0.000000
0.000000 1115.000000 0.000000 15.287035 0.000000 380.000000 0.000000 0.000000
0.000000 1117.000000 1151.000000 11.074054 24.695681 378.000000 3.000000 76.329193
0.000000 1117.000000 1155.000000 11.360361 25.177560 378.000000 7.000000 107.850299
0.000000 1119.000000 1155.000000 12.611503 27.667082 385.000000 8.000000 132.971429
0.000000 1119.000000 1149.000000 14.104236 27.588264 385.000000 6.000000 141.160428
0.000000 1120.000000 1152.000000 12.195694 24.324484 377.000000 1.000000 31.719745
0.000000 1120.000000 1153.000000 12.241164 25.897592 377.000000 3.000000 55.720497
0.000000 1121.000000 0.000000 14.179343 0.000000 386.000000 0.000000 0.000000
0.000000 1121.000000 0.000000 10.356566 0.000000 386.000000 0.000000 0.000000
0.000000 1149.000000 0.000000 13.378899 0.000000 396.000000 0.000000 0.000000
0.000000 1149.000000 0.000000 13.861129 0.000000 396.000000 0.000000 0.000000
0.000000 1151.000000 1183.000000 12.322232 26.662328 393.000000 6.000000 127.521212
0.000000 1151.000000 0.000000 11.284572 0.000000 393.000000 0.000000 0.000000
0.000000 1152.000000 1183.000000 13.054049 26.350284 397.000000 1.000000 32.786164
0.000000 1152.000000 1181.000000 11.449920 23.247738 397.000000 2.000000 54.183673
0.000000 1153.000000 1186.000000 11.496116 26.071481 398.000000 5.000000 82.933735
0.000000 1153.000000 1183.000000 13.543719 27.395297 398.000000 5.000000 102.197605
0.000000 1155.000000 0.000000 13.022414 0.000000 394.000000 0.000000 0.000000
0.000000 1155.000000 0.000000 12.303616 0.000000 394.000000 0.000000 0.000000
0.000000 1155.000000 0.000000 13.174192 0.000000 395.000000 0.000000 0.000000
0.000000 1155.000000 0.000000 15.118055 0.000000 395.000000 0.000000 0.000000
0.000000 1181.000000 1219.000000 11.117486 27.637581 406.000000 5.000000 88.988764
0.000000 1181.000000 1217.000000 11.539918 26.973351 406.000000 5.000000 110.568966
0.000000 1183.000000 1217.000000 13.040143 27.982399 405.000000 1.000000 33.329480
0.000000 1183.000000 1213.000000 12.330477 25.818007 405.000000 2.000000 54.915152
0.000000 1183.000000 0.000000 13.258918 0.000000 408.000000 0.000000 0.000000
0.000000 1183.000000 0.000000 14.369598 0.000000 408.000000 0.000000 0.000000
0.000000 1183.000000 0.000000 12.376054 0.000000 403.000000 0.000000 0.000000
0.000000 1183.000000 0.000000 14.375717 0.000000 403.000000 0.000000 0.000000
0.000000 1186.000000 1219.000000 12.475507 27.865770 407.000000 8.000000 141.951087
0.000000 1186.000000 0.000000 12.518912 0.000000 407.000000 0.000000 0.000000
0.000000 1213.000000 1245.000000 12.535255 26.507106 416.000000 3.000000 82.406780
0.000000 1213.000000 0.000000 13.411823 0.000000 416.000000 0.000000 0.000000
0.000000 1217.000000 1251.000000 15.402797 31.314771 415.000000 1.000000 34.551020
0.000000 1217.000000 1246.000000 12.479498 25.870358 415.000000 2.000000 59.102410
0.000000 1217.000000 0.000000 13.250728 0.000000 414.000000 0.000000 0.000000
0.000000 1217.000000 0.000000 12.550263 0.000000 414.000000 0.000000 0.000000
0.000000 1219.000000 1251.000000 13.230876 29.126403 413.000000 7.000000 148.605263
0.000000 1219.000000 0.000000 14.138421 0.000000 413.000000 0.000000 0.000000
0.000000 1219.000000 0.000000 13.687082 0.000000 421.000000 0.000000 0.000000
0.000000 1219.000000 0.000000 14.068659 0.000000 421.000000 0.000000 0.000000
0.000000 1245.000000 1277.000000 13.521387 26.996082 423.000000 7.000000 134.502890
0.000000 1245.000000 0.000000 12.218465 0.000000 423.000000 0.000000 0.000000
0.000000 1246.000000 1272.000000 13.541861 23.749102 426.000000 3.000000 77.188312
0.000000 1246.000000 1276.000000 12.322232 25.429961 426.000000 5.000000 106.875776
0.000000 1251.000000 1277.000000 16.280589 27.821506 425.000000 1.000000 33.337209
0.000000 1251.000000 1282.000000 14.629385 32.834139 425.000000 3.000000 64.158416
0.000000 1251.000000 0.000000 14.287936 0.000000 429.000000 0.000000 0.000000
0.000000 1251.000000 0.000000 14.864229 0.000000 429.000000 0.000000 0.000000
0.000000 1272.000000 1305.000000 11.291966 25.470839 435.000000 6.000000 132.012195
0.000000 1272.000000 1306.000000 11.374782 26.438783 435.000000 8.000000 159.642857
0.000000 1276.000000 0.000000 12.394755 0.000000 436.000000 0.000000 0.000000
0.000000 1276.000000 0.000000 13.000553 0.000000 436.000000 0.000000 0.000000
0.000000 1277.000000 1304.000000 14.285236 24.557744 437.000000 1.000000 31.696552
0.000000 1277.000000 1307.000000 12.494141 26.913729 437.000000 3.000000 57.410405
0.000000 1277.000000 0.000000 13.594948 0.000000 433.000000 0.000000 0.000000
0.000000 1277.000000 0.000000 13.973865 0.000000 433.000000 0.000000 0.000000
0.000000 1282.000000 1308.000000 15.605356 30.980874 438.000000 5.000000 86.425641
0.000000 1282.000000 1309.000000 16.819338 29.480398 438.000000 7.000000 116.497268
0.000000 1304.000000 1342.000000 12.759417 24.908055 445.000000 1.000000 32.147239
0.000000 1304.000000 1339.000000 11.306033 25.081666 445.000000 2.000000 54.018405
0.000000 1305.000000 0.000000 11.597337 0.000000 441.000000 0.000000 0.000000
0.000000 1305.000000 0.000000 13.231166 0.000000 441.000000 0.000000 0.000000
0.000000 1306.000000 0.000000 13.160415 0.000000 442.000000 0.000000 0.000000
0.000000 1306.000000 0.000000 13.507039 0.000000 442.000000 0.000000 0.000000
0.000000 1307.000000 1339.000000 13.393195 26.433406 446.000000 3.000000 78.257310
0.000000 1307.000000 1339.000000 13.192867 25.898834 446.000000 4.000000 103.054545
0.000000 1308.000000 1346.000000 15.703301 38.951850 449.000000 9.000000 150.304348
0.000000 1308.000000 0.000000 15.571629 0.000000 449.000000 0.000000 0.000000
0.000000 1309.000000 0.000000 15.596783 0.000000 450.000000 0.000000 0.000000
0.000000 1309.000000 0.000000 13.674582 0.000000 450.000000 0.000000 0.000000
0.000000 1339.000000 1371.000000 12.380443 25.846165 452.000000 3.000000 76.964072
0.000000 1339.000000 1375.000000 12.631223 29.780735 452.000000 7.000000 111.010753
0.000000 1339.000000 1374.000000 12.631781 27.857859 457.000000 7.000000 135.178771
0.000000 1339.000000 0.000000 14.054530 0.000000 457.000000 0.000000 0.000000
0.000000 1339.000000 0.000000 12.371662 0.000000 458.000000 0.000000 0.000000
0.000000 1339.000000 0.000000 13.441239 0.000000 458.000000 0.000000 0.000000
0.000000 1342.000000 1373.000000 13.077124 25.007124 451.000000 1.000000 32.398773
0.000000 1342.000000 1374.000000 11.939492 24.640543 451.000000 3.000000 56.576923
0.000000 1346.000000 0.000000 20.157604 0.000000 459.000000 0.000000 0.000000
0.000000 1346.000000 0.000000 18.964722 0.000000 459.000000 0.000000 0.000000
0.000000 1371.000000 1398.000000 12.599727 25.747110 463.000000 5.000000 114.060606
0.000000 1371.000000 0.000000 13.243405 0.000000 463.000000 0.000000 0.000000
0.000000 1373.000000 1403.000000 12.666764 24.988612 469.000000 1.000000 32.236025
0.000000 1373.000000 1405.000000 12.371662 25.639261 469.000000 3.000000 56.867470
0.000000 1374.000000 1398.000000 11.519084 21.612082 470.000000 3.000000 72.153285
0.000000 1374.000000 1405.000000 13.515954 25.768726 470.000000 6.000000 105.573171
0.000000 1374.000000 0.000000 13.289794 0.000000 465.000000 0.000000 0.000000
0.000000 1374.000000 0.000000 15.039460 0.000000 465.000000 0.000000 0.000000
0.000000 1375.000000 0.000000 14.464466 0.000000 464.000000 0.000000 0.000000
0.000000 1375.000000 0.000000 14.943093 0.000000 464.000000 0.000000 0.000000
0.000000 1398.000000 1438.000000 9.408538 25.424455 477.000000 7.000000 134.102410
0.000000 1398.000000 0.000000 12.154164 0.000000 477.000000 0.000000 0.000000
0.000000 1398.000000 0.000000 11.496116 0.000000 473.000000 0.000000 0.000000
0.000000 1398.000000 0.000000 12.994881 0.000000 473.000000 0.000000 0.000000
0.000000 1403.000000 1438.000000 11.240382 24.938636 475.000000 1.000000 32.554839
0.000000 1403.000000 1429.000000 12.589259 23.831507 475.000000 2.000000 50.967320
0.000000 1405.000000 1445.000000 11.266608 27.605060 476.000000 5.000000 95.063218
0.000000 1405.000000 1432.000000 13.395215 26.166073 476.000000 5.000000 97.065089
0.000000 1405.000000 0.000000 13.379401 0.000000 478.000000 0.000000 0.000000
0.000000 1405.000000 0.000000 12.316199 0.000000 478.000000 0.000000 0.000000
0.000000 1429.000000 1462.000000 12.448471 26.839658 488.000000 3.000000 72.284884
0.000000 1429.000000 1463.000000 11.393133 26.743298 488.000000 5.000000 98.807018
0.000000 1432.000000 1457.000000 13.477991 23.694760 490.000000 7.000000 144.310976
0.000000 1432.000000 0.000000 12.082580 0.000000 490.000000 0.000000 0.000000
0.000000 1438.000000 1465.000000 13.810579 23.936530 487.000000 1.000000 31.635135
0.000000 1438.000000 1483.000000 11.307657 32.908833 487.000000 3.000000 68.222749
0.000000 1438.000000 0.000000 11.836524 0.000000 483.000000 0.000000 0.000000
0.000000 1438.000000 0.000000 13.257790 0.000000 483.000000 0.000000 0.000000
0.000000 1445.000000 0.000000 12.371569 0.000000 489.000000 0.000000 0.000000
0.000000 1445.000000 0.000000 14.391192 0.000000 489.000000 0.000000 0.000000
0.000000 1457.000000 0.000000 12.254843 0.000000 495.000000 0.000000 0.000000
0.000000 1457.000000 0.000000 11.961141 0.000000 495.000000 0.000000 0.000000
0.000000 1462.000000 1501.000000 12.557233 31.167114 493.000000 6.000000 130.497512
0.000000 1462.000000 1491.000000 13.165400 28.705731 493.000000 6.000000 133.560440
0.000000 1463.000000 0.000000 14.427347 0.000000 494.000000 0.000000 0.000000
0.000000 1463.000000 0.000000 12.371569 0.000000 494.000000 0.000000 0.000000
0.000000 1465.000000 1503.000000 11.335628 27.053160 497.000000 1.000000 33.792899
0.000000 1465.000000 1495.000000 11.209780 23.079059 497.000000 2.000000 52.694805
0.000000 1483.000000 1507.000000 15.575866 29.120505 498.000000 5.000000 90.728205
0.000000 1483.000000 1511.000000 15.958523 32.347890 498.000000 7.000000 127.847291
0.000000 1491.000000 0.000000 13.255673 0.000000 506.000000 0.000000 0.000000
0.000000 1491.000000 0.000000 15.398070 0.000000 506.000000 0.000000 0.000000
0.000000 1495.000000 1532.000000 11.526441 26.578881 510.000000 3.000000 81.607143
0.000000 1495.000000 1529.000000 11.134471 23.689846 510.000000 4.000000 100.133758
0.000000 1501.000000 0.000000 15.677848 0.000000 505.000000 0.000000 0.000000
0.000000 1501.000000 0.000000 16.150514 0.000000 505.000000 0.000000 0.000000
0.000000 1503.000000 1534.000000 14.584171 27.438021 509.000000 1.000000 33.542683
0.000000 1503.000000 1538.000000 12.283161 29.190478 509.000000 3.000000 62.404255
0.000000 1507.000000 0.000000 14.768020 0.000000 511.000000 0.000000 0.000000
0.000000 1507.000000 0.000000 14.391086 0.000000 511.000000 0.000000 0.000000
0.000000 1511.000000 0.000000 16.341743 0.000000 512.000000 0.000000 0.000000
0.000000 1511.000000 0.000000 17.384550 0.000000 512.000000 0.000000 0.000000
0.000000 1529.000000 0.000000 12.233554 0.000000 516.000000 0.000000 0.000000
0.000000 1529.000000 0.000000 11.549398 0.000000 516.000000 0.000000 0.000000
0.000000 1532.000000 1562.000000 13.164719 26.979675 515.000000 5.000000 129.465909
0.000000 1532.000000 0.000000 14.274641 0.000000 515.000000 0.000000 0.000000
0.000000 1534.000000 1564.000000 12.999077 25.308601 519.000000 1.000000 32.419753
0.000000 1534.000000 1565.000000 14.655680 27.991726 519.000000 3.000000 57.988950
0.000000 1538.000000 1565.000000 14.802397 28.825103 520.000000 4.000000 84.342541
0.000000 1538.000000 1565.000000 14.655680 26.846758 520.000000 5.000000 110.442529
0.000000 1562.000000 0.000000 13.512790 0.000000 527.000000 0.000000 0.000000
0.000000 1562.000000 0.000000 13.216402 0.000000 527.000000 0.000000 0.000000
0.000000 1564.000000 1598.000000 12.569893 27.435411 529.000000 1.000000 33.403509
0.000000 1564.000000 1595.000000 12.424183 24.550827 529.000000 2.000000 55.654088
0.000000 1565.000000 1568.000000 13.636201 30.138332 530.000000 3.000000 60.943590
0.000000 1565.000000 1595.000000 13.669302 28.621845 530.000000 5.000000 133.423077
0.000000 1565.000000 0.000000 14.502574 0.000000 531.000000 0.000000 0.000000
0.000000 1565.000000 0.000000 14.150234 0.000000 531.000000 0.000000 0.000000
0.000000 1565.000000 0.000000 13.032159 0.000000 532.000000 0.000000 0.000000
0.000000 1565.000000 0.000000 13.584853 0.000000 532.000000 0.000000 0.000000
0.000000 1568.000000 1598.000000 15.575866 29.832277 537.000000 4.000000 84.994924
0.000000 1568.000000 1595.000000 14.261682 27.392581 537.000000 4.000000 106.627119
0.000000 1595.000000 1632.000000 13.574411 30.086086 536.000000 5.000000 88.142857
0.000000 1595.000000 1631.000000 11.126528 27.934034 536.000000 6.000000 113.962162
0.000000 1595.000000 0.000000 14.343405 0.000000 544.000000 0.000000 0.000000
0.000000 1595.000000 0.000000 12.297914 0.000000 544.000000 0.000000 0.000000
0.000000 1595.000000 0.000000 14.398028 0.000000 538.000000 0.000000 0.000000
0.000000 1595.000000 0.000000 15.399789 0.000000 538.000000 0.000000 0.000000
0.000000 1598.000000 1628.000000 13.845761 26.531586 535.000000 1.000000 33.072727
0.000000 1598.000000 1628.000000 12.612339 25.758701 535.000000 2.000000 57.012579
0.000000 1598.000000 1632.000000 14.541703 32.150506 543.000000 8.000000 144.765258
0.000000 1598.000000 0.000000 15.316703 0.000000 543.000000 0.000000 0.000000
0.000000 1628.000000 1668.000000 13.879364 31.856391 551.000000 1.000000 35.180851
0.000000 1628.000000 1670.000000 12.810826 33.825122 551.000000 3.000000 66.500000
0.000000 1628.000000 1656.000000 13.457240 25.610018 552.000000 3.000000 77.814371
0.000000 1628.000000 1660.000000 12.371662 25.282226 552.000000 5.000000 107.833333
0.000000 1631.000000 0.000000 14.155558 0.000000 546.000000 0.000000 0.000000
0.000000 1631.000000 0.000000 14.419791 0.000000 546.000000 0.000000 0.000000
0.000000 1632.000000 1660.000000 15.602581 30.977707 545.000000 6.000000 134.551220
0.000000 1632.000000 0.000000 13.300902 0.000000 545.000000 0.000000 0.000000
0.000000 1632.000000 0.000000 14.944150 0.000000 553.000000 0.000000 0.000000
0.000000 1632.000000 0.000000 17.499893 0.000000 553.000000 0.000000 0.000000
0.000000 1656.000000 1689.000000 11.327178 25.531282 557.000000 5.000000 124.920245
0.000000 1656.000000 1686.000000 14.272982 26.345642 557.000000 6.000000 142.441341
0.000000 1660.000000 0.000000 12.051123 0.000000 558.000000 0.000000 0.000000
0.000000 1660.000000 0.000000 12.118537 0.000000 558.000000 0.000000 0.000000
0.000000 1660.000000 0.000000 15.610612 0.000000 561.000000 0.000000 0.000000
0.000000 1660.000000 0.000000 16.329284 0.000000 561.000000 0.000000 0.000000
0.000000 1668.000000 1691.000000 17.399690 28.064111 555.000000 1.000000 33.454023
0.000000 1668.000000 1691.000000 13.521005 23.408734 555.000000 2.000000 57.040541
0.000000 1670.000000 1702.000000 17.780411 34.745572 556.000000 5.000000 95.991342
0.000000 1670.000000 1702.000000 15.926654 31.650172 556.000000 6.000000 126.930693
0.000000 1686.000000 0.000000 12.350834 0.000000 566.000000 0.000000 0.000000
0.000000 1686.000000 0.000000 14.223441 0.000000 566.000000 0.000000 0.000000
0.000000 1689.000000 0.000000 13.585996 0.000000 565.000000 0.000000 0.000000
0.000000 1689.000000 0.000000 13.077124 0.000000 565.000000 0.000000 0.000000
0.000000 1691.000000 1716.000000 15.342511 24.527095 571.000000 1.000000 31.816993
0.000000 1691.000000 1725.000000 12.358325 24.777299 571.000000 3.000000 57.229299
0.000000 1691.000000 1727.000000 11.239975 21.066465 572.000000 5.000000 80.496296
0.000000 1691.000000 1727.000000 11.239975 21.672047 572.000000 6.000000 100.000000
0.000000 1702.000000 1727.000000 15.590790 27.841026 573.000000 7.000000 122.723618
0.000000 1702.000000 0.000000 18.776164 0.000000 573.000000 0.000000 0.000000
0.000000 1702.000000 0.000000 15.150609 0.000000 574.000000 0.000000 0.000000
0.000000 1702.000000 0.000000 16.679458 0.000000 574.000000 0.000000 0.000000
0.000000 1716.000000 1749.000000 12.107691 23.664245 579.000000 1.000000 31.649351
0.000000 1716.000000 1745.000000 11.113060 23.084472 579.000000 2.000000 52.060000
0.000000 1725.000000 1759.000000 11.425766 29.200089 580.000000 5.000000 92.625641
0.000000 1725.000000 1755.000000 11.959926 24.964238 580.000000 6.000000 110.770701
0.000000 1727.000000 1758.000000 12.551544 26.906599 581.000000 8.000000 142.944134
0.000000 1727.000000 0.000000 11.113780 0.000000 581.000000 0.000000 0.000000
0.000000 1727.000000 0.000000 11.485782 0.000000 582.000000 0.000000 0.000000
0.000000 1727.000000 0.000000 11.693959 0.000000 582.000000 0.000000 0.000000
0.000000 1727.000000 0.000000 13.553254 0.000000 583.000000 0.000000 0.000000
0.000000 1727.000000 0.000000 15.196515 0.000000 583.000000 0.000000 0.000000
0.000000 1745.000000 1775.000000 11.223122 24.420844 588.000000 3.000000 73.574074
0.000000 1745.000000 1782.000000 10.150848 25.700280 588.000000 6.000000 109.154321
0.000000 1749.000000 1776.000000 11.905447 23.694057 587.000000 1.000000 31.933333
0.000000 1749.000000 1783.000000 11.227096 24.930505 587.000000 3.000000 57.944785
0.000000 1755.000000 0.000000 13.397251 0.000000 590.000000 0.000000 0.000000
0.000000 1755.000000 0.000000 12.551252 0.000000 590.000000 0.000000 0.000000
0.000000 1758.000000 0.000000 13.468821 0.000000 591.000000 0.000000 0.000000
0.000000 1758.000000 0.000000 13.377575 0.000000 591.000000 0.000000 0.000000
0.000000 1759.000000 1783.000000 14.652386 26.527296 589.000000 8.000000 135.543860
0.000000 1759.000000 1782.000000 14.391847 26.727349 589.000000 8.000000 157.929348
0.000000 1775.000000 1810.000000 12.294186 25.713632 597.000000 6.000000 121.950617
0.000000 1775.000000 1802.000000 13.541861 25.783916 597.000000 6.000000 125.987500
0.000000 1776.000000 1837.000000 10.393148 38.690748 599.000000 1.000000 37.655462
0.000000 1776.000000 1806.000000 12.065847 24.463645 599.000000 2.000000 50.525000
0.000000 1782.000000 0.000000 13.395014 0.000000 598.000000 0.000000 0.000000
0.000000 1782.000000 0.000000 12.066232 0.000000 598.000000 0.000000 0.000000
0.000000 1782.000000 0.000000 11.194933 0.000000 606.000000 0.000000 0.000000
0.000000 1782.000000 0.000000 14.963433 0.000000 606.000000 0.000000 0.000000
0.000000 1783.000000 1815.000000 13.144438 27.742077 600.000000 4.000000 84.071823
0.000000 1783.000000 1816.000000 11.230215 24.847891 600.000000 6.000000 110.731707
0.000000 1783.000000 0.000000 12.536843 0.000000 605.000000 0.000000 0.000000
0.000000 1783.000000 0.000000 14.357313 0.000000 605.000000 0.000000 0.000000
0.000000 1802.000000 0.000000 12.503081 0.000000 608.000000 0.000000 0.000000
0.000000 1802.000000 0.000000 12.179071 0.000000 608.000000 0.000000 0.000000
0.000000 1806.000000 1836.000000 11.936593 24.842228 610.000000 2.000000 65.509317
0.000000 1806.000000 1836.000000 12.331989 22.195950 610.000000 3.000000 87.496732
0.000000 1810.000000 0.000000 13.512568 0.000000 607.000000 0.000000 0.000000
0.000000 1810.000000 0.000000 12.469684 0.000000 607.000000 0.000000 0.000000
0.000000 1815.000000 0.000000 13.000553 0.000000 615.000000 0.000000 0.000000
0.000000 1815.000000 1843.000000 14.330981 30.711853 615.000000 8.000000 149.676190
0.000000 1816.000000 0.000000 13.000553 0.000000 616.000000 0.000000 0.000000
0.000000 1816.000000 0.000000 11.917819 0.000000 616.000000 0.000000 0.000000
0.000000 1836.000000 1880.000000 11.481459 31.076217 621.000000 5.000000 128.318182
0.000000 1836.000000 1866.000000 12.255553 26.803646 621.000000 6.000000 122.554286
0.000000 1836.000000 0.000000 11.219953 0.000000 622.000000 0.000000 0.000000
0.000000 1836.000000 0.000000 11.231552 0.000000 622.000000 0.000000 0.000000
0.000000 1837.000000 1856.000000 20.103626 30.133472 609.000000 1.000000 34.364583
0.000000 1837.000000 1856.000000 18.321190 30.312417 609.000000 2.000000 62.051813
0.000000 1843.000000 0.000000 16.268130 0.000000 626.000000 0.000000 0.000000
0.000000 1843.000000 0.000000 14.263311 0.000000 626.000000 0.000000 0.000000
0.000000 1856.000000 1880.000000 15.593353 24.653289 633.000000 1.000000 31.636943
0.000000 1856.000000 1885.000000 13.547978 28.244890 633.000000 3.000000 60.022222
0.000000 1856.000000 1882.000000 15.732584 27.780603 634.000000 4.000000 82.865922
0.000000 1856.000000 1883.000000 14.633311 26.301653 634.000000 6.000000 110.488095
0.000000 1866.000000 0.000000 12.251617 0.000000 630.000000 0.000000 0.000000
0.000000 1866.000000 0.000000 14.088689 0.000000 630.000000 0.000000 0.000000
0.000000 1880.000000 1912.000000 12.059953 23.248421 637.000000 1.000000 31.046667
0.000000 1880.000000 1909.000000 12.713670 25.815683 637.000000 2.000000 53.061728
0.000000 1880.000000 0.000000 16.851424 0.000000 629.000000 0.000000 0.000000
0.000000 1880.000000 0.000000 13.297767 0.000000 629.000000 0.000000 0.000000
0.000000 1882.000000 1912.000000 14.314832 28.938265 639.000000 6.000000 131.539267
0.000000 1882.000000 0.000000 13.348341 0.000000 639.000000 0.000000 0.000000
0.000000 1883.000000 0.000000 12.130821 0.000000 640.000000 0.000000 0.000000
0.000000 1883.000000 0.000000 14.076054 0.000000 640.000000 0.000000 0.000000
0.000000 1885.000000 1912.000000 14.430876 27.749658 638.000000 4.000000 80.857923
0.000000 1885.000000 1914.000000 13.358011 27.831802 638.000000 7.000000 110.850829
0.000000 1909.000000 1946.000000 12.340194 29.362381 644.000000 3.000000 78.415789
0.000000 1909.000000 1946.000000 12.358325 28.980553 644.000000 4.000000 105.417989
0.000000 1912.000000 1947.000000 10.973477 24.929714 643.000000 1.000000 31.800000
0.000000 1912.000000 1949.000000 12.279807 25.949281 643.000000 3.000000 56.840237
0.000000 1912.000000 1946.000000 12.376167 27.552482 651.000000 5.000000 131.839779
0.000000 1912.000000 0.000000 15.334447 0.000000 651.000000 0.000000 0.000000
0.000000 1912.000000 0.000000 15.397255 0.000000 647.000000 0.000000 0.000000
0.000000 1912.000000 0.000000 14.127062 0.000000 647.000000 0.000000 0.000000
0.000000 1914.000000 0.000000 14.319556 0.000000 652.000000 0.000000 0.000000
0.000000 1914.000000 0.000000 13.379401 0.000000 652.000000 0.000000 0.000000
0.000000 1946.000000 1974.000000 15.632849 29.082015 653.000000 5.000000 120.010929
0.000000 1946.000000 1976.000000 13.358011 28.072723 653.000000 7.000000 153.207254
0.000000 1946.000000 0.000000 14.293872 0.000000 654.000000 0.000000 0.000000
0.000000 1946.000000 0.000000 13.572344 0.000000 654.000000 0.000000 0.000000
0.000000 1946.000000 0.000000 13.236514 0.000000 657.000000 0.000000 0.000000
0.000000 1946.000000 0.000000 14.997939 0.000000 657.000000 0.000000 0.000000
0.000000 1947.000000 1984.000000 12.371662 28.906042 655.000000 1.000000 33.626374
0.000000 1947.000000 1976.000000 12.603696 25.139604 655.000000 2.000000 53.344156
0.000000 1949.000000 1979.000000 13.337380 27.884780 656.000000 4.000000 81.022346
0.000000 1949.000000 1980.000000 11.463968 26.496320 656.000000 6.000000 108.352941
0.000000 1974.000000 0.000000 13.715291 0.000000 663.000000 0.000000 0.000000
0.000000 1974.000000 0.000000 15.500370 0.000000 663.000000 0.000000 0.000000
0.000000 1976.000000 2003.000000 13.557103 22.468076 670.000000 3.000000 68.531469
0.000000 1976.000000 2009.000000 11.210020 24.652874 670.000000 5.000000 99.575163
0.000000 1976.000000 0.000000 13.234930 0.000000 664.000000 0.000000 0.000000
0.000000 1976.000000 0.000000 13.948355 0.000000 664.000000 0.000000 0.000000
0.000000 1979.000000 2013.000000 13.586901 27.716082 671.000000 8.000000 134.227273
0.000000 1979.000000 2005.000000 14.526615 28.336185 671.000000 7.000000 138.174359
0.000000 1980.000000 0.000000 12.518912 0.000000 672.000000 0.000000 0.000000
0.000000 1980.000000 0.000000 13.338193 0.000000 672.000000 0.000000 0.000000
0.000000 1984.000000 2011.000000 14.301740 25.546898 669.000000 1.000000 32.099379
0.000000 1984.000000 2013.000000 13.521005 26.664132 669.000000 3.000000 57.470930
0.000000 2003.000000 2040.000000 10.283292 26.245653 675.000000 6.000000 121.292683
0.000000 2003.000000 0.000000 11.207430 0.000000 675.000000 0.000000 0.000000
0.000000 2005.000000 0.000000 15.033238 0.000000 680.000000 0.000000 0.000000
0.000000 2005.000000 0.000000 12.961015 0.000000 680.000000 0.000000 0.000000
0.000000 2009.000000 0.000000 12.294514 0.000000 676.000000 0.000000 0.000000
0.000000 2009.000000 0.000000 11.366173 0.000000 676.000000 0.000000 0.000000
0.000000 2011.000000 2037.000000 13.020160 22.962530 683.000000 1.000000 31.026667
0.000000 2011.000000 2045.000000 12.267955 26.814112 683.000000 3.000000 59.226190
0.000000 2013.000000 2045.000000 12.319739 26.828573 684.000000 4.000000 84.400000
0.000000 2013.000000 2057.000000 13.512790 33.631461 684.000000 7.000000 138.068182
0.000000 2013.000000 0.000000 13.666551 0.000000 679.000000 0.000000 0.000000
0.000000 2013.000000 0.000000 14.251827 0.000000 679.000000 0.000000 0.000000
0.000000 2037.000000 2074.000000 11.205298 26.162914 691.000000 1.000000 32.710843
0.000000 2037.000000 2071.000000 12.310801 27.205836 691.000000 2.000000 55.605882
0.000000 2040.000000 0.000000 12.371662 0.000000 685.000000 0.000000 0.000000
0.000000 2040.000000 0.000000 13.435037 0.000000 685.000000 0.000000 0.000000
0.000000 2045.000000 2073.000000 13.346691 27.093983 692.000000 4.000000 82.402367
0.000000 2045.000000 2075.000000 13.351499 26.639035 692.000000 7.000000 112.304094
0.000000 2045.000000 2081.000000 12.414636 31.134748 693.000000 9.000000 157.655660
0.000000 2045.000000 0.000000 14.161250 0.000000 693.000000 0.000000 0.000000
0.000000 2057.000000 0.000000 16.408390 0.000000 694.000000 0.000000 0.000000
0.000000 2057.000000 0.000000 17.302819 0.000000 694.000000 0.000000 0.000000
0.000000 2071.000000 2106.000000 14.458143 30.949959 698.000000 5.000000 83.495098
0.000000 2071.000000 2105.000000 13.830897 29.294793 698.000000 6.000000 110.391304
0.000000 2073.000000 2101.000000 14.459739 26.793952 701.000000 5.000000 126.620690
0.000000 2073.000000 0.000000 11.230672 0.000000 701.000000 0.000000 0.000000
0.000000 2074.000000 2101.000000 12.968607 23.987677 697.000000 1.000000 31.703947
0.000000 2074.000000 2104.000000 12.588742 23.468447 697.000000 3.000000 55.955414
0.000000 2075.000000 0.000000 13.283819 0.000000 702.000000 0.000000 0.000000
0.000000 2075.000000 0.000000 12.688168 0.000000 702.000000 0.000000 0.000000
0.000000 2081.000000 0.000000 15.659936 0.000000 703.000000 0.000000 0.000000
0.000000 2081.000000 0.000000 15.478108 0.000000 703.000000 0.000000 0.000000
0.000000 2101.000000 2131.000000 11.898881 24.345887 711.000000 1.000000 31.731250
0.000000 2101.000000 2136.000000 11.549398 26.549981 711.000000 3.000000 57.440000
0.000000 2101.000000 0.000000 13.405479 0.000000 709.000000 0.000000 0.000000
0.000000 2101.000000 0.000000 13.241664 0.000000 709.000000 0.000000 0.000000
0.000000 2104.000000 2138.000000 12.322232 25.600173 712.000000 5.000000 84.295181
0.000000 2104.000000 2140.000000 11.227068 29.114979 712.000000 7.000000 113.557292
0.000000 2105.000000 0.000000 14.232398 0.000000 708.000000 0.000000 0.000000
0.000000 2105.000000 0.000000 14.568804 0.000000 708.000000 0.000000 0.000000
0.000000 2106.000000 2135.000000 15.556750 31.045204 707.000000 6.000000 129.424390
0.000000 2106.000000 2131.000000 14.301280 27.079920 707.000000 6.000000 145.054054
0.000000 2131.000000 2163.000000 11.696509 23.351197 717.000000 1.000000 31.281046
0.000000 2131.000000 2164.000000 11.227096 26.150423 717.000000 3.000000 54.910180
0.000000 2131.000000 0.000000 13.189899 0.000000 726.000000 0.000000 0.000000
0.000000 2131.000000 0.000000 14.023672 0.000000 726.000000 0.000000 0.000000
0.000000 2135.000000 0.000000 14.830103 0.000000 725.000000 0.000000 0.000000
0.000000 2135.000000 0.000000 16.391612 0.000000 725.000000 0.000000 0.000000
0.000000 2136.000000 2165.000000 13.032138 26.736656 718.000000 5.000000 80.417143
0.000000 2136.000000 2169.000000 12.323883 26.385829 718.000000 7.000000 113.360000
0.000000 2138.000000 2165.000000 13.450275 24.297849 721.000000 7.000000 127.450000
0.000000 2138.000000 0.000000 12.304616 0.000000 721.000000 0.000000 0.000000
0.000000 2140.000000 0.000000 14.627132 0.000000 722.000000 0.000000 0.000000
0.000000 2140.000000 0.000000 14.461343 0.000000 722.000000 0.000000 0.000000
0.000000 2163.000000 2192.000000 11.707504 22.141186 727.000000 1.000000 30.741259
0.000000 2163.000000 2195.000000 11.239975 25.858353 727.000000 3.000000 54.938650
0.000000 2164.000000 2218.000000 12.534843 49.677531 728.000000 5.000000 120.525316
0.000000 2164.000000 2196.000000 12.462495 25.658723 728.000000 6.000000 106.964286
0.000000 2165.000000 2197.000000 13.499797 31.567938 733.000000 8.000000 136.542289
0.000000 2165.000000 2189.000000 13.379401 24.282474 733.000000 6.000000 139.484663
0.000000 2165.000000 0.000000 11.133942 0.000000 735.000000 0.000000 0.000000
0.000000 2165.000000 0.000000 12.792725 0.000000 735.000000 0.000000 0.000000
0.000000 2169.000000 0.000000 12.799809 0.000000 734.000000 0.000000 0.000000
0.000000 2169.000000 0.000000 13.380112 0.000000 734.000000 0.000000 0.000000
0.000000 2189.000000 0.000000 10.956419 0.000000 744.000000 0.000000 0.000000
0.000000 2189.000000 0.000000 13.005413 0.000000 744.000000 0.000000 0.000000
0.000000 2192.000000 2228.000000 10.654946 24.206692 739.000000 1.000000 31.879195
0.000000 2192.000000 2228.000000 11.239975 28.322992 739.000000 2.000000 56.067797
0.000000 2195.000000 2227.000000 14.440334 28.750931 740.000000 3.000000 81.473958
0.000000 2195.000000 0.000000 11.283951 0.000000 740.000000 0.000000 0.000000
0.000000 2196.000000 0.000000 12.130696 0.000000 742.000000 0.000000 0.000000
0.000000 2196.000000 0.000000 13.488181 0.000000 742.000000 0.000000 0.000000
0.000000 2197.000000 0.000000 15.777031 0.000000 743.000000 0.000000 0.000000
0.000000 2197.000000 0.000000 15.321463 0.000000 743.000000 0.000000 0.000000
0.000000 2218.000000 0.000000 23.546933 0.000000 741.000000 0.000000 0.000000
0.000000 2218.000000 0.000000 25.261387 0.000000 741.000000 0.000000 0.000000
0.000000 2227.000000 2253.000000 14.409687 27.693265 753.000000 6.000000 118.854749
0.000000 2227.000000 2251.000000 14.396265 26.524648 753.000000 6.000000 140.192090
0.000000 2228.000000 2258.000000 12.677426 25.208398 751.000000 1.000000 32.240741
0.000000 2228.000000 2264.000000 11.140682 26.931936 751.000000 3.000000 59.547059
0.000000 2228.000000 2251.000000 14.461733 24.764904 752.000000 3.000000 70.388535
0.000000 2228.000000 2268.000000 12.497253 36.309113 752.000000 7.000000 129.746781
0.000000 2251.000000 2299.000000 11.260059 34.008635 765.000000 8.000000 150.936937
0.000000 2251.000000 2276.000000 13.314124 25.321137 765.000000 6.000000 119.836364
0.000000 2251.000000 0.000000 13.058048 0.000000 762.000000 0.000000 0.000000
0.000000 2251.000000 0.000000 13.193220 0.000000 762.000000 0.000000 0.000000
0.000000 2253.000000 0.000000 13.808077 0.000000 761.000000 0.000000 0.000000
0.000000 2253.000000 0.000000 13.339780 0.000000 761.000000 0.000000 0.000000
0.000000 2258.000000 2287.000000 11.754622 23.094895 763.000000 1.000000 30.911565
0.000000 2258.000000 2283.000000 13.283819 22.827179 763.000000 2.000000 50.685714
0.000000 2264.000000 2303.000000 12.232838 30.028551 764.000000 5.000000 98.868687
0.000000 2264.000000 2293.000000 13.241001 26.959633 764.000000 6.000000 106.259887
0.000000 2268.000000 0.000000 16.486828 0.000000 766.000000 0.000000 0.000000
0.000000 2268.000000 0.000000 19.673389 0.000000 766.000000 0.000000 0.000000
0.000000 2276.000000 0.000000 12.112351 0.000000 768.000000 0.000000 0.000000
0.000000 2276.000000 0.000000 12.942409 0.000000 768.000000 0.000000 0.000000
0.000000 2283.000000 2313.000000 11.921522 23.184384 774.000000 3.000000 68.953642
0.000000 2283.000000 2318.000000 10.495042 23.547641 774.000000 6.000000 98.788079
0.000000 2287.000000 2315.000000 12.065847 21.642115 773.000000 1.000000 30.451389
0.000000 2287.000000 2329.000000 9.847978 28.894863 773.000000 3.000000 62.545455
0.000000 2293.000000 0.000000 14.150234 0.000000 776.000000 0.000000 0.000000
0.000000 2293.000000 0.000000 12.263701 0.000000 776.000000 0.000000 0.000000
0.000000 2299.000000 0.000000 16.800766 0.000000 767.000000 0.000000 0.000000
0.000000 2299.000000 0.000000 17.181264 0.000000 767.000000 0.000000 0.000000
0.000000 2303.000000 0.000000 14.601330 0.000000 775.000000 0.000000 0.000000
0.000000 2303.000000 0.000000 14.978972 0.000000 775.000000 0.000000 0.000000
0.000000 2313.000000 2349.000000 11.095619 24.379662 781.000000 7.000000 119.405229
0.000000 2313.000000 2343.000000 12.303616 24.034022 781.000000 6.000000 126.472727
0.000000 2315.000000 2348.000000 10.819466 21.958644 783.000000 1.000000 30.851064
0.000000 2315.000000 2346.000000 11.310788 23.263295 783.000000 2.000000 50.875817
0.000000 2318.000000 0.000000 12.331989 0.000000 782.000000 0.000000 0.000000
0.000000 2318.000000 0.000000 11.191036 0.000000 782.000000 0.000000 0.000000
0.000000 2329.000000 2357.000000 14.376312 28.577284 784.000000 5.000000 87.406417
0.000000 2329.000000 2364.000000 14.221322 33.076730 784.000000 7.000000 130.469767
0.000000 2343.000000 0.000000 11.964900 0.000000 792.000000 0.000000 0.000000
0.000000 2343.000000 0.000000 12.304616 0.000000 792.000000 0.000000 0.000000
0.000000 2346.000000 2377.000000 11.485744 26.892938 794.000000 3.000000 73.217143
0.000000 2346.000000 2385.000000 10.150848 24.191946 794.000000 7.000000 112.573248
0.000000 2348.000000 2384.000000 10.256956 23.110953 793.000000 1.000000 31.189189
0.000000 2348.000000 2381.000000 11.310788 27.104476 793.000000 2.000000 53.419540
0.000000 2349.000000 0.000000 11.310788 0.000000 791.000000 0.000000 0.000000
0.000000 2349.000000 0.000000 12.323883 0.000000 791.000000 0.000000 0.000000
0.000000 2357.000000 2390.000000 13.350313 32.504726 797.000000 9.000000 158.221698
0.000000 2357.000000 0.000000 14.088604 0.000000 797.000000 0.000000 0.000000
0.000000 2364.000000 0.000000 16.378503 0.000000 798.000000 0.000000 0.000000
0.000000 2364.000000 0.000000 16.739206 0.000000 798.000000 0.000000 0.000000
0.000000 2377.000000 2405.000000 13.508393 25.573417 801.000000 5.000000 109.865497
0.000000 2377.000000 2405.000000 13.106635 24.770502 801.000000 6.000000 133.582278
0.000000 2381.000000 2413.000000 14.400166 30.348620 804.000000 3.000000 76.080000
0.000000 2381.000000 2416.000000 11.805748 28.643494 804.000000 6.000000 108.322751
0.000000 2384.000000 2416.000000 10.854914 23.362738 803.000000 1.000000 31.047619
0.000000 2384.000000 2414.000000 11.903510 23.499205 803.000000 2.000000 51.760000
0.000000 2385.000000 0.000000 11.921522 0.000000 802.000000 0.000000 0.000000
0.000000 2385.000000 0.000000 12.279807 0.000000 802.000000 0.000000 0.000000
0.000000 2390.000000 0.000000 14.858359 0.000000 807.000000 0.000000 0.000000
0.000000 2390.000000 0.000000 17.108004 0.000000 807.000000 0.000000 0.000000
0.000000 2405.000000 0.000000 13.379401 0.000000 811.000000 0.000000 0.000000
0.000000 2405.000000 0.000000 12.844793 0.000000 811.000000 0.000000 0.000000
0.000000 2405.000000 0.000000 12.127933 0.000000 812.000000 0.000000 0.000000
0.000000 2405.000000 0.000000 11.921522 0.000000 812.000000 0.000000 0.000000
0.000000 2413.000000 2443.000000 13.389574 27.048123 813.000000 5.000000 112.247059
0.000000 2413.000000 2438.000000 16.376630 28.835184 813.000000 6.000000 127.447917
0.000000 2414.000000 2452.000000 12.380308 28.968266 816.000000 4.000000 81.365079
0.000000 2414.000000 2456.000000 11.284572 28.919002 816.000000 7.000000 115.640212
0.000000 2416.000000 2446.000000 12.029699 23.321033 815.000000 1.000000 31.114865
0.000000 2416.000000 2453.000000 10.481683 24.695301 815.000000 3.000000 57.464516
0.000000 2416.000000 0.000000 14.477248 0.000000 814.000000 0.000000 0.000000
0.000000 2416.000000 0.000000 13.245126 0.000000 814.000000 0.000000 0.000000
0.000000 2438.000000 0.000000 15.390223 0.000000 826.000000 0.000000 0.000000
0.000000 2438.000000 0.000000 15.161377 0.000000 826.000000 0.000000 0.000000
0.000000 2443.000000 0.000000 14.679455 0.000000 825.000000 0.000000 0.000000
0.000000 2443.000000 0.000000 12.160484 0.000000 825.000000 0.000000 0.000000
0.000000 2446.000000 2473.000000 12.034013 21.942160 829.000000 1.000000 30.664336
0.000000 2446.000000 2479.000000 11.384362 24.901367 829.000000 3.000000 55.556962
0.000000 2452.000000 2483.000000 13.722183 29.116549 827.000000 7.000000 132.560209
0.000000 2452.000000 0.000000 14.380478 0.000000 827.000000 0.000000 0.000000
0.000000 2453.000000 2486.000000 11.309978 25.675629 830.000000 5.000000 88.113208
0.000000 2453.000000 2485.000000 12.599727 28.268609 830.000000 6.000000 110.802198
0.000000 2456.000000 0.000000 13.585198 0.000000 828.000000 0.000000 0.000000
0.000000 2456.000000 0.000000 15.321463 0.000000 828.000000 0.000000 0.000000
0.000000 2473.000000 2508.000000 11.020967 24.194903 837.000000 1.000000 31.543046
0.000000 2473.000000 2512.000000 10.436977 26.657298 837.000000 3.000000 57.459770
0.000000 2479.000000 2510.000000 12.301481 26.011133 838.000000 4.000000 80.307229
0.000000 2479.000000 2514.000000 12.423788 26.530574 838.000000 7.000000 113.637427
0.000000 2483.000000 0.000000 15.456336 0.000000 839.000000 0.000000 0.000000
0.000000 2483.000000 0.000000 14.542869 0.000000 839.000000 0.000000 0.000000
0.000000 2485.000000 0.000000 12.283161 0.000000 842.000000 0.000000 0.000000
0.000000 2485.000000 0.000000 15.445318 0.000000 842.000000 0.000000 0.000000
0.000000 2486.000000 2517.000000 11.283162 24.340639 841.000000 9.000000 145.575949
0.000000 2486.000000 0.000000 13.191417 0.000000 841.000000 0.000000 0.000000
0.000000 2508.000000 2542.000000 12.024846 26.844536 845.000000 1.000000 32.644578
0.000000 2508.000000 2544.000000 12.381878 29.455162 845.000000 3.000000 59.639785
0.000000 2510.000000 2538.000000 12.371662 22.633375 847.000000 5.000000 121.496599
0.000000 2510.000000 2539.000000 13.658452 28.246329 847.000000 7.000000 148.586387
0.000000 2512.000000 0.000000 12.249731 0.000000 846.000000 0.000000 0.000000
0.000000 2512.000000 2553.000000 14.409198 35.583457 846.000000 6.000000 131.466960
0.000000 2514.000000 0.000000 13.350313 0.000000 848.000000 0.000000 0.000000
0.000000 2514.000000 0.000000 13.009252 0.000000 848.000000 0.000000 0.000000
0.000000 2517.000000 2520.000000 12.137466 26.332627 853.000000 9.000000 158.832370
0.000000 2517.000000 0.000000 11.763710 0.000000 853.000000 0.000000 0.000000
0.000000 2520.000000 0.000000 12.200636 0.000000 863.000000 0.000000 0.000000
0.000000 2520.000000 0.000000 13.237074 0.000000 863.000000 0.000000 0.000000
0.000000 2538.000000 0.000000 11.307657 0.000000 857.000000 0.000000 0.000000
0.000000 2538.000000 0.000000 11.291966 0.000000 857.000000 0.000000 0.000000
0.000000 2539.000000 0.000000 13.276924 0.000000 858.000000 0.000000 0.000000
0.000000 2539.000000 0.000000 15.066129 0.000000 858.000000 0.000000 0.000000
0.000000 2542.000000 2572.000000 14.499580 26.044895 855.000000 1.000000 32.398773
0.000000 2542.000000 2574.000000 12.408154 24.263692 855.000000 3.000000 55.898734
0.000000 2544.000000 2570.000000 14.400412 24.691390 856.000000 3.000000 75.483871
0.000000 2544.000000 2568.000000 15.070728 26.827618 856.000000 4.000000 95.149701
0.000000 2553.000000 0.000000 17.728423 0.000000 860.000000 0.000000 0.000000
0.000000 2553.000000 0.000000 18.630745 0.000000 860.000000 0.000000 0.000000
0.000000 2568.000000 0.000000 12.390344 0.000000 874.000000 0.000000 0.000000
0.000000 2568.000000 0.000000 12.804230 0.000000 874.000000 0.000000 0.000000
0.000000 2570.000000 2602.000000 10.122930 23.546461 873.000000 5.000000 126.798658
0.000000 2570.000000 2598.000000 14.005808 29.171323 873.000000 6.000000 141.735751
0.000000 2572.000000 2605.000000 13.182272 29.003114 871.000000 1.000000 33.752747
0.000000 2572.000000 2605.000000 12.069776 30.076395 871.000000 2.000000 60.838889
0.000000 2574.000000 2604.000000 11.574802 26.063083 872.000000 3.000000 85.121212
0.000000 2574.000000 2602.000000 11.784984 23.617507 872.000000 4.000000 105.012987
0.000000 2598.000000 0.000000 12.994881 0.000000 880.000000 0.000000 0.000000
0.000000 2598.000000 0.000000 15.425288 0.000000 880.000000 0.000000 0.000000
0.000000 2602.000000 0.000000 11.897511 0.000000 884.000000 0.000000 0.000000
0.000000 2602.000000 0.000000 11.627949 0.000000 884.000000 0.000000 0.000000
0.000000 2602.000000 0.000000 11.384760 0.000000 879.000000 0.000000 0.000000
0.000000 2602.000000 0.000000 11.993117 0.000000 879.000000 0.000000 0.000000
0.000000 2604.000000 2633.000000 12.219754 24.431889 883.000000 7.000000 135.570513
0.000000 2604.000000 0.000000 13.054535 0.000000 883.000000 0.000000 0.000000
0.000000 2605.000000 2635.000000 13.679463 26.561366 881.000000 1.000000 32.590361
0.000000 2605.000000 2636.000000 14.860767 32.276926 881.000000 3.000000 60.000000
0.000000 2605.000000 2631.000000 14.655680 27.890309 882.000000 3.000000 81.027933
0.000000 2605.000000 2631.000000 14.324910 25.571191 882.000000 4.000000 105.920245
5.000000 2631.000000 0.000000 14.585620 0.000000 895.000000 0.000000 0.000000
6.000000 2631.000000 0.000000 13.310875 0.000000 895.000000 0.000000 0.000000
7.000000 2631.000000 0.000000 12.179362 0.000000 896.000000 0.000000 0.000000
8.000000 2631.000000 0.000000 13.422051 0.000000 896.000000 0.000000 0.000000
0.000000 2633.000000 0.000000 12.100477 0.000000 891.000000 0.000000 0.000000
0.000000 2633.000000 0.000000 12.436131 0.000000 891.000000 0.000000 0.000000
1.000000 2635.000000 0.000000 13.020563 0.000000 893.000000 0.000000 0.000000
2.000000 2635.000000 0.000000 12.394755 0.000000 893.000000 0.000000 0.000000
3.000000 2636.000000 0.000000 16.902099 0.000000 894.000000 0.000000 0.000000
4.000000 2636.000000 0.000000 14.538026 0.000000 894.000000 0.000000 0.000000
