0.000000 2.580645 2.762358
1.000000 2.580645 2.782888
2.000000 2.580645 2.808559
3.000000 2.580645 2.868699
4.000000 2.580645 2.887856
5.000000 2.741935 2.989853
6.000000 2.903226 3.036549
7.000000 2.903226 3.121829
8.000000 2.903226 3.124172
9.000000 2.903226 3.159933
10.000000 2.903226 3.134880
11.000000 3.064516 3.243301
12.000000 3.064516 3.304720
13.000000 3.064516 3.361070
14.000000 3.064516 3.294068
15.000000 3.225806 3.450480
16.000000 3.225806 3.519724
17.000000 3.387097 3.662170
18.000000 3.387097 3.741792
19.000000 3.548387 3.803766
20.000000 3.548387 3.806052
21.000000 3.709677 3.847336
22.000000 3.548387 3.874152
23.000000 3.709677 3.937413
24.000000 3.870968 4.155359
25.000000 3.870968 4.216078
26.000000 4.032258 4.234736
27.000000 3.870968 4.337696
28.000000 4.032258 4.434088
29.000000 4.193548 4.608668
30.000000 4.193548 4.619864
31.000000 4.354839 4.821290
32.000000 2.258065 2.506337
33.000000 2.258065 2.517085
34.000000 2.258065 2.458599
35.000000 2.419355 2.677598
36.000000 2.419355 2.622322
37.000000 2.419355 2.661763
38.000000 2.419355 2.612640
39.000000 2.580645 2.833767
40.000000 2.580645 2.788886
41.000000 2.580645 2.818276
42.000000 2.741935 2.968692
43.000000 2.741935 2.962581
44.000000 2.903226 3.102152
45.000000 2.903226 3.124148
46.000000 2.903226 3.145570
47.000000 2.903226 3.139217
48.000000 3.064516 3.343594
49.000000 3.064516 3.280949
50.000000 3.064516 3.344096
51.000000 3.225806 3.497918
52.000000 3.225806 3.503601
53.000000 3.225806 3.546049
54.000000 3.387097 3.714697
55.000000 3.387097 3.761381
56.000000 3.548387 3.885573
57.000000 3.548387 3.897170
58.000000 3.709677 4.052875
59.000000 3.709677 4.038069
60.000000 3.870968 4.232306
61.000000 3.870968 4.265195
62.000000 4.032258 4.443155
63.000000 4.193548 4.614427
64.000000 4.193548 4.669782
65.000000 4.354839 4.808879
66.000000 4.354839 4.885405
67.000000 4.516129 5.052529
68.000000 2.419355 2.651042
69.000000 2.419355 2.651042
70.000000 2.580645 2.808400
71.000000 2.580645 2.864857
72.000000 2.580645 2.834514
73.000000 2.741935 2.991960
74.000000 2.741935 2.962727
75.000000 2.741935 2.993963
76.000000 2.903226 3.144709
77.000000 2.903226 3.150607
78.000000 2.903226 3.170203
79.000000 3.064516 3.274734
80.000000 3.064516 3.387351
81.000000 3.064516 3.353524
82.000000 3.225806 3.541996
83.000000 3.225806 3.528221
84.000000 3.387097 3.729973
85.000000 3.387097 3.671248
86.000000 3.548387 3.915219
87.000000 3.548387 3.915219
88.000000 3.548387 3.938220
89.000000 3.709677 4.084010
90.000000 3.870968 4.272590
91.000000 4.032258 4.324761
92.000000 4.032258 4.421997
93.000000 4.193548 4.650253
94.000000 4.193548 4.636609
95.000000 4.354839 4.797025
96.000000 4.354839 4.806020
97.000000 4.516129 4.979699
98.000000 2.419355 2.657674
99.000000 2.419355 2.658211
100.000000 2.419355 2.649310
101.000000 2.419355 2.627392
102.000000 2.580645 2.815715
103.000000 2.580645 2.827231
104.000000 2.741935 2.982435
105.000000 2.741935 2.976005
106.000000 2.741935 2.974773
107.000000 2.741935 2.986466
108.000000 2.903226 3.138265
109.000000 2.903226 3.138265
110.000000 2.903226 3.143345
111.000000 3.064516 3.352418
112.000000 3.064516 3.340625
113.000000 3.064516 3.324448
114.000000 3.225806 3.421707
115.000000 3.225806 3.516387
116.000000 3.387097 3.658196
117.000000 3.387097 3.661329
118.000000 3.387097 3.695591
119.000000 3.548387 3.838582
120.000000 3.709677 3.997386
121.000000 3.709677 4.048572
122.000000 3.870968 4.145962
123.000000 3.870968 4.172662
124.000000 4.032258 4.355736
125.000000 4.193548 4.507523
126.000000 4.032258 4.496713
127.000000 4.354839 4.750687
128.000000 4.354839 4.747471
129.000000 4.516129 4.947763
130.000000 4.677419 5.074180
131.000000 2.419355 2.474835
132.000000 2.419355 2.519991
133.000000 2.419355 2.520038
134.000000 2.419355 2.684154
135.000000 2.580645 2.753436
136.000000 2.580645 2.724812
137.000000 2.580645 2.853680
138.000000 2.580645 2.822984
139.000000 2.580645 2.849030
140.000000 2.580645 2.834146
141.000000 2.580645 2.851242
142.000000 2.741935 2.917550
143.000000 2.741935 3.019831
144.000000 2.903226 3.193208
145.000000 2.903226 3.157172
146.000000 2.903226 3.226137
147.000000 3.064516 3.345376
148.000000 3.064516 3.394300
149.000000 3.225806 3.524214
150.000000 3.225806 3.547219
151.000000 3.225806 3.619927
152.000000 3.387097 3.745269
153.000000 3.387097 3.789467
154.000000 3.548387 3.965026
155.000000 3.709677 4.096265
156.000000 3.709677 4.126987
157.000000 3.870968 4.311231
158.000000 3.870968 4.379954
159.000000 4.032258 4.563546
160.000000 4.193548 4.659431
161.000000 4.193548 4.719270
162.000000 2.258065 2.486396
163.000000 2.419355 2.677519
164.000000 2.419355 2.593549
165.000000 2.419355 2.648635
166.000000 2.419355 2.645087
167.000000 2.580645 2.811139
168.000000 2.580645 2.814490
169.000000 2.580645 2.846511
170.000000 2.741935 3.025823
171.000000 2.741935 3.023698
172.000000 2.741935 3.034855
173.000000 2.741935 3.083731
174.000000 2.903226 3.221343
175.000000 2.903226 3.205942
176.000000 2.903226 3.245426
177.000000 3.064516 3.388084
178.000000 3.064516 3.398818
179.000000 3.225806 3.570620
180.000000 3.225806 3.582201
181.000000 3.225806 3.629840
182.000000 3.387097 3.755199
183.000000 3.387097 3.788770
184.000000 3.548387 3.933380
185.000000 3.548387 3.968210
186.000000 3.709677 4.009157
187.000000 3.870968 4.318909
188.000000 3.870968 4.333451
189.000000 3.870968 4.283666
190.000000 4.032258 4.543164
191.000000 4.032258 4.569986
192.000000 4.193548 4.618912
193.000000 4.354839 4.831409
194.000000 4.354839 4.809738
195.000000 4.516129 5.085473
196.000000 4.516129 5.089915
197.000000 4.677419 5.195089
198.000000 4.677419 5.209680
199.000000 4.838710 5.368943
200.000000 4.838710 5.430577
201.000000 5.000000 5.539501
202.000000 5.000000 5.612283
203.000000 5.161290 5.723701
204.000000 5.161290 5.751008
205.000000 5.483871 6.008397
206.000000 5.483871 6.086318
207.000000 5.645161 6.322328
208.000000 5.806452 6.503110
209.000000 5.967742 6.639029
210.000000 6.129032 6.830383
211.000000 2.903226 3.176556
212.000000 3.064516 3.313636
213.000000 3.064516 3.297654
214.000000 3.064516 3.330521
215.000000 3.225806 3.438251
216.000000 3.225806 3.513231
217.000000 3.225806 3.513248
218.000000 3.225806 3.541933
219.000000 3.387097 3.636929
220.000000 3.387097 3.725617
221.000000 3.387097 3.728340
222.000000 3.548387 3.859918
223.000000 3.548387 3.913392
224.000000 3.709677 4.115125
225.000000 3.709677 4.051576
226.000000 3.709677 4.078586
227.000000 3.870968 4.242890
228.000000 3.870968 4.195996
229.000000 4.032258 4.375845
230.000000 4.193548 4.677091
231.000000 4.193548 4.581056
232.000000 4.354839 4.857019
233.000000 4.354839 4.777883
234.000000 4.516129 5.017874
235.000000 4.677419 5.104570
236.000000 2.580645 2.775762
237.000000 2.580645 2.760145
238.000000 2.580645 2.775762
239.000000 2.741935 2.857153
240.000000 2.741935 2.937405
241.000000 2.741935 2.899739
242.000000 2.903226 3.178459
243.000000 2.903226 3.144642
244.000000 2.903226 3.089267
245.000000 3.064516 3.288187
246.000000 3.064516 3.316830
247.000000 3.064516 3.310683
248.000000 3.225806 3.388718
249.000000 3.225806 3.471178
250.000000 3.225806 3.477410
251.000000 3.225806 3.445024
252.000000 3.387097 3.629977
253.000000 3.387097 3.624439
254.000000 3.548387 3.811655
255.000000 3.709677 3.954785
256.000000 3.709677 4.001303
257.000000 3.870968 4.124211
258.000000 3.870968 4.132608
259.000000 3.870968 4.226307
260.000000 3.870968 4.247982
261.000000 4.032258 4.411331
262.000000 4.032258 4.422244
263.000000 4.193548 4.672708
264.000000 4.354839 4.783842
265.000000 4.354839 4.794446
266.000000 2.419355 2.642541
267.000000 2.258065 2.498112
268.000000 2.419355 2.661292
269.000000 2.419355 2.615266
270.000000 2.580645 2.808827
271.000000 2.580645 2.825846
272.000000 2.741935 2.992175
273.000000 2.741935 3.025976
274.000000 2.741935 2.961624
275.000000 2.903226 3.094545
276.000000 3.064516 3.243946
277.000000 3.064516 3.276650
278.000000 3.064516 3.281084
279.000000 3.064516 3.255228
280.000000 3.225806 3.425300
281.000000 3.225806 3.412200
282.000000 3.225806 3.549414
283.000000 3.387097 3.580322
284.000000 3.225806 3.524846
285.000000 3.548387 3.796868
286.000000 3.387097 3.698012
287.000000 3.548387 3.925292
288.000000 3.709677 4.047909
289.000000 3.709677 4.104564
290.000000 3.709677 4.088470
291.000000 3.870968 4.268774
292.000000 3.870968 4.245438
293.000000 4.032258 4.447005
294.000000 4.193548 4.636392
295.000000 4.193548 4.638484
296.000000 4.354839 4.787095
297.000000 4.354839 4.806425
298.000000 4.354839 4.890516
299.000000 2.580645 2.689953
300.000000 2.419355 2.669326
301.000000 2.419355 2.679970
302.000000 2.580645 2.757717
303.000000 2.580645 2.730666
304.000000 2.580645 2.777105
305.000000 2.580645 2.835010
306.000000 2.741935 2.978355
307.000000 2.741935 3.000173
308.000000 2.903226 3.150535
309.000000 3.064516 3.207477
310.000000 2.903226 3.145037
311.000000 2.903226 3.191370
312.000000 2.903226 3.205854
313.000000 3.064516 3.319854
314.000000 3.064516 3.292296
315.000000 3.225806 3.451792
316.000000 3.225806 3.470908
317.000000 3.225806 3.529260
318.000000 3.387097 3.592749
319.000000 3.387097 3.614857
320.000000 3.548387 3.852057
321.000000 3.548387 3.903001
322.000000 3.548387 3.880643
323.000000 3.548387 3.945648
324.000000 3.709677 4.121959
325.000000 3.870968 4.279080
326.000000 3.870968 4.307792
327.000000 4.032258 4.405568
328.000000 2.096774 2.316566
329.000000 2.096774 2.262899
330.000000 2.258065 2.499281
331.000000 2.258065 2.467262
332.000000 2.258065 2.433155
333.000000 2.258065 2.480145
334.000000 2.419355 2.577029
335.000000 2.419355 2.620009
336.000000 2.419355 2.580942
337.000000 2.419355 2.576081
338.000000 2.580645 2.730606
339.000000 2.580645 2.722087
340.000000 2.741935 2.902662
341.000000 2.741935 2.844481
342.000000 2.741935 2.935891
343.000000 2.903226 3.119485
344.000000 2.903226 3.089571
345.000000 2.903226 3.126764
346.000000 3.064516 3.228596
347.000000 3.064516 3.336111
348.000000 3.064516 3.260229
349.000000 3.225806 3.491023
350.000000 3.225806 3.460793
351.000000 3.387097 3.590862
352.000000 3.387097 3.615823
353.000000 3.548387 3.836655
354.000000 3.548387 3.830994
355.000000 3.709677 4.003122
356.000000 3.709677 4.026653
357.000000 3.870968 4.175968
358.000000 3.870968 4.204719
359.000000 4.032258 4.423795
360.000000 4.032258 4.490868
361.000000 2.258065 2.435832
362.000000 2.258065 2.382176
363.000000 2.258065 2.467969
364.000000 2.258065 2.467969
365.000000 2.419355 2.581712
366.000000 2.419355 2.630249
367.000000 2.580645 2.718600
368.000000 2.580645 2.789315
369.000000 2.741935 2.905348
370.000000 2.741935 2.975554
371.000000 2.741935 2.942639
372.000000 2.903226 3.096307
373.000000 2.903226 3.080564
374.000000 2.903226 3.130363
375.000000 3.064516 3.313353
376.000000 3.064516 3.318186
377.000000 3.225806 3.452022
378.000000 3.225806 3.501876
379.000000 3.225806 3.527490
380.000000 3.387097 3.692949
381.000000 3.387097 3.744221
382.000000 3.548387 3.902240
383.000000 3.548387 3.856586
384.000000 3.709677 4.066871
385.000000 3.709677 4.051795
386.000000 3.870968 4.227124
387.000000 3.870968 4.237774
388.000000 4.032258 4.452370
389.000000 1.935484 2.103417
390.000000 2.096774 2.255292
391.000000 2.096774 2.225036
392.000000 2.096774 2.236300
393.000000 2.096774 2.269708
394.000000 2.258065 2.404148
395.000000 2.258065 2.380258
396.000000 2.258065 2.407629
397.000000 2.419355 2.493505
398.000000 2.419355 2.495842
399.000000 2.258065 2.463083
400.000000 2.258065 2.435515
401.000000 2.419355 2.612901
402.000000 2.419355 2.625168
403.000000 2.419355 2.623056
404.000000 2.419355 2.625282
405.000000 2.580645 2.774430
406.000000 2.580645 2.792403
407.000000 2.580645 2.802580
408.000000 2.580645 2.788018
409.000000 2.580645 2.861647
410.000000 2.741935 2.993991
411.000000 2.741935 3.002435
412.000000 2.741935 3.002435
413.000000 2.903226 3.182670
414.000000 3.064516 3.407701
415.000000 3.064516 3.338054
416.000000 3.064516 3.409406
417.000000 3.064516 3.435001
418.000000 3.225806 3.636465
419.000000 3.225806 3.532148
420.000000 3.387097 3.797181
421.000000 3.387097 3.747333
422.000000 3.548387 3.882495
423.000000 3.548387 3.900891
424.000000 3.709677 4.133750
425.000000 3.709677 4.213244
426.000000 1.935484 2.124360
427.000000 1.935484 2.109214
428.000000 2.096774 2.272355
429.000000 2.096774 2.303456
430.000000 2.096774 2.295118
431.000000 2.258065 2.395647
432.000000 2.258065 2.397593
433.000000 2.258065 2.389389
434.000000 2.419355 2.554369
435.000000 2.419355 2.589975
436.000000 2.419355 2.606863
437.000000 2.419355 2.547848
438.000000 2.419355 2.631020
439.000000 2.580645 2.792367
440.000000 2.580645 2.806135
441.000000 2.580645 2.797176
442.000000 2.741935 2.974037
443.000000 2.741935 2.959087
444.000000 2.741935 2.980659
445.000000 2.741935 2.976395
446.000000 2.903226 3.199158
447.000000 2.903226 3.165242
448.000000 3.064516 3.396374
449.000000 3.064516 3.373286
450.000000 3.225806 3.548691
451.000000 3.225806 3.590318
452.000000 3.387097 3.767360
453.000000 3.387097 3.780577
454.000000 3.387097 3.768250
455.000000 3.548387 4.018513
456.000000 3.548387 3.990616
457.000000 3.709677 4.112773
458.000000 3.709677 4.186863
459.000000 3.870968 4.293540
460.000000 1.935484 2.102008
461.000000 1.935484 2.083074
462.000000 2.096774 2.265922
463.000000 2.096774 2.254584
464.000000 2.096774 2.272355
465.000000 2.096774 2.218940
466.000000 2.096774 2.265922
467.000000 2.258065 2.432227
468.000000 2.258065 2.460000
469.000000 2.258065 2.452482
470.000000 2.258065 2.436046
471.000000 2.258065 2.459248
472.000000 2.258065 2.445944
473.000000 2.419355 2.621849
474.000000 2.419355 2.602271
475.000000 2.419355 2.619277
476.000000 2.580645 2.823108
477.000000 2.580645 2.858840
478.000000 2.741935 2.942073
479.000000 2.741935 2.987300
480.000000 2.741935 2.964934
481.000000 2.741935 2.993989
482.000000 2.903226 3.199000
483.000000 2.903226 3.154582
484.000000 2.903226 3.178430
485.000000 2.903226 3.210088
486.000000 3.064516 3.350334
487.000000 3.064516 3.381838
488.000000 3.225806 3.512261
489.000000 3.225806 3.507770
490.000000 3.387097 3.700935
491.000000 3.387097 3.661280
492.000000 3.548387 3.895290
493.000000 3.548387 3.851490
494.000000 3.548387 3.931141
495.000000 3.709677 4.076388
496.000000 3.709677 4.076489
497.000000 3.870968 4.228056
498.000000 2.096774 2.285386
499.000000 2.096774 2.248593
500.000000 2.096774 2.303456
501.000000 2.096774 2.280380
502.000000 2.258065 2.439430
503.000000 2.258065 2.442926
504.000000 2.258065 2.454396
505.000000 2.419355 2.603925
506.000000 2.419355 2.553431
507.000000 2.419355 2.629735
508.000000 2.580645 2.778708
509.000000 2.580645 2.777261
510.000000 2.741935 2.826420
511.000000 2.741935 2.913594
512.000000 2.741935 2.897359
513.000000 2.580645 2.873330
514.000000 2.580645 2.859489
515.000000 2.903226 3.038343
516.000000 2.741935 3.022944
517.000000 2.903226 3.072088
518.000000 2.903226 3.238398
519.000000 3.064516 3.294274
520.000000 3.225806 3.466845
521.000000 3.225806 3.509877
522.000000 3.225806 3.496724
523.000000 3.387097 3.670443
524.000000 3.387097 3.614684
525.000000 3.548387 3.846252
526.000000 3.548387 3.766642
527.000000 3.548387 3.874330
528.000000 3.709677 4.070583
529.000000 3.709677 4.065489
530.000000 3.870968 4.242923
531.000000 3.870968 4.260608
532.000000 4.032258 4.459177
533.000000 4.032258 4.459456
534.000000 4.193548 4.589999
535.000000 4.193548 4.642044
536.000000 4.354839 4.763512
537.000000 2.258065 2.434807
538.000000 2.258065 2.450401
539.000000 2.419355 2.560146
540.000000 2.419355 2.549055
541.000000 2.419355 2.585689
542.000000 2.580645 2.736197
543.000000 2.580645 2.762273
544.000000 2.580645 2.734010
545.000000 2.741935 2.931745
546.000000 2.741935 2.966364
547.000000 2.741935 2.923577
548.000000 2.741935 2.973123
549.000000 2.903226 3.097749
550.000000 2.903226 3.122625
551.000000 2.903226 3.106740
552.000000 3.064516 3.273790
553.000000 3.064516 3.335696
554.000000 3.225806 3.523925
555.000000 3.225806 3.458997
556.000000 3.225806 3.454024
557.000000 3.387097 3.679225
558.000000 3.387097 3.633165
559.000000 3.387097 3.770112
560.000000 3.548387 3.845111
561.000000 3.548387 3.936751
562.000000 3.548387 3.962260
563.000000 3.709677 4.154644
564.000000 3.870968 4.167134
565.000000 3.870968 4.366971
566.000000 3.870968 4.328299
567.000000 4.032258 4.495529
568.000000 4.032258 4.547684
569.000000 4.193548 4.663569
570.000000 4.354839 4.858450
571.000000 4.354839 4.831946
572.000000 4.516129 5.010779
573.000000 2.258065 2.478179
574.000000 2.419355 2.668989
575.000000 2.419355 2.668989
576.000000 2.419355 2.640059
577.000000 2.580645 2.838091
578.000000 2.580645 2.824677
579.000000 2.580645 2.815901
580.000000 2.741935 2.941739
581.000000 2.741935 2.943961
582.000000 2.741935 3.009120
583.000000 2.903226 3.141391
584.000000 2.903226 3.193829
585.000000 2.903226 3.187420
586.000000 2.903226 3.241355
587.000000 3.064516 3.358787
588.000000 3.064516 3.383489
589.000000 3.064516 3.416978
590.000000 3.225806 3.566250
591.000000 3.225806 3.577933
592.000000 3.387097 3.751134
593.000000 3.387097 3.763754
594.000000 3.548387 3.949068
595.000000 3.548387 3.954889
596.000000 3.709677 4.079656
597.000000 3.709677 4.148331
598.000000 3.870968 4.275341
599.000000 1.935484 2.157576
600.000000 1.935484 2.088887
601.000000 2.096774 2.255677
602.000000 2.096774 2.287061
603.000000 2.096774 2.278389
604.000000 2.096774 2.315104
605.000000 2.258065 2.483437
606.000000 2.258065 2.414153
607.000000 2.258065 2.475180
608.000000 2.419355 2.603271
609.000000 2.419355 2.606723
610.000000 2.419355 2.607937
611.000000 2.419355 2.566839
612.000000 2.580645 2.784609
613.000000 2.580645 2.760021
614.000000 2.580645 2.841730
615.000000 2.741935 2.995579
616.000000 2.741935 2.987022
617.000000 2.741935 2.975039
618.000000 2.741935 3.008041
619.000000 2.903226 3.175037
620.000000 2.903226 3.187921
621.000000 3.225806 3.332314
622.000000 3.225806 3.434000
623.000000 3.225806 3.507279
624.000000 3.225806 3.499301
625.000000 3.225806 3.576813
626.000000 3.387097 3.662713
627.000000 3.387097 3.688270
628.000000 3.548387 3.833232
629.000000 3.548387 3.890040
630.000000 3.709677 4.048159
631.000000 3.870968 4.146815
632.000000 3.870968 4.194895
633.000000 3.870968 4.242147
634.000000 4.032258 4.335031
635.000000 4.032258 4.429313
636.000000 4.193548 4.644965
637.000000 2.096774 2.265345
638.000000 2.258065 2.412535
639.000000 2.258065 2.466660
640.000000 2.258065 2.408791
641.000000 2.419355 2.581194
642.000000 2.258065 2.390803
643.000000 2.419355 2.608103
644.000000 2.419355 2.647961
645.000000 2.419355 2.647424
646.000000 2.419355 2.651584
647.000000 2.580645 2.847272
648.000000 2.580645 2.779757
649.000000 2.741935 2.925939
650.000000 2.741935 2.952857
651.000000 2.741935 2.992025
652.000000 2.903226 3.123626
653.000000 2.903226 3.130156
654.000000 2.903226 3.136862
655.000000 2.903226 3.175600
656.000000 3.064516 3.349615
657.000000 3.064516 3.309491
658.000000 3.064516 3.359607
659.000000 3.064516 3.389989
660.000000 3.225806 3.470798
661.000000 3.225806 3.500545
662.000000 3.225806 3.554114
663.000000 3.387097 3.655999
664.000000 3.387097 3.729855
665.000000 3.387097 3.691079
666.000000 3.548387 3.843473
667.000000 3.548387 3.900889
668.000000 3.709677 4.050132
669.000000 3.709677 4.053435
670.000000 3.870968 4.232019
671.000000 3.870968 4.265051
672.000000 4.032258 4.448276
673.000000 4.032258 4.461364
674.000000 4.193548 4.642484
675.000000 2.258065 2.488125
676.000000 2.258065 2.484115
677.000000 2.258065 2.472949
678.000000 2.419355 2.640908
679.000000 2.419355 2.638597
680.000000 2.419355 2.656670
681.000000 2.580645 2.825543
682.000000 2.580645 2.812746
683.000000 2.741935 2.989373
684.000000 2.741935 2.990467
685.000000 2.741935 2.965242
686.000000 2.903226 3.186923
687.000000 2.903226 3.186420
688.000000 3.064516 3.328127
689.000000 3.064516 3.384487
690.000000 3.064516 3.404399
691.000000 3.064516 3.415228
692.000000 3.225806 3.583283
693.000000 3.387097 3.772818
694.000000 3.387097 3.778288
695.000000 3.387097 3.777910
696.000000 3.548387 3.958557
697.000000 3.709677 4.124948
698.000000 3.709677 4.144748
699.000000 3.870968 4.308428
700.000000 3.870968 4.330684
701.000000 4.032258 4.488615
702.000000 4.032258 4.512012
703.000000 4.193548 4.664761
704.000000 4.354839 4.926694
705.000000 4.354839 4.880810
706.000000 2.258065 2.453350
707.000000 2.258065 2.488892
708.000000 2.258065 2.476681
709.000000 2.419355 2.633103
710.000000 2.419355 2.645545
711.000000 2.419355 2.654743
712.000000 2.580645 2.806683
713.000000 2.580645 2.805195
714.000000 2.741935 2.972505
715.000000 2.741935 3.007697
716.000000 2.741935 2.991382
717.000000 2.741935 3.038484
718.000000 2.903226 3.176671
719.000000 2.903226 3.216379
720.000000 2.903226 3.245331
721.000000 3.064516 3.387797
722.000000 3.225806 3.547515
723.000000 3.225806 3.522970
724.000000 3.225806 3.600890
725.000000 3.387097 3.720122
726.000000 3.387097 3.722463
727.000000 3.548387 3.944792
728.000000 3.548387 3.962898
729.000000 3.709677 4.112961
730.000000 3.709677 4.216239
731.000000 3.870968 4.343743
732.000000 2.096774 2.305352
733.000000 2.258065 2.484975
734.000000 2.096774 2.289436
735.000000 2.096774 2.303704
736.000000 2.096774 2.343233
737.000000 2.258065 2.487835
738.000000 2.258065 2.478483
739.000000 2.419355 2.639458
740.000000 2.419355 2.641008
741.000000 2.419355 2.654966
742.000000 2.580645 2.790037
743.000000 2.580645 2.803033
744.000000 2.580645 2.782411
745.000000 2.580645 2.796184
746.000000 2.741935 3.000001
747.000000 2.741935 2.985574
748.000000 2.741935 3.033826
749.000000 2.741935 3.033490
750.000000 2.903226 3.180892
751.000000 2.903226 3.192899
752.000000 3.064516 3.364290
753.000000 3.064516 3.388836
754.000000 3.225806 3.463385
755.000000 3.064516 3.441970
756.000000 3.225806 3.548522
757.000000 3.387097 3.740775
758.000000 3.387097 3.739868
759.000000 3.548387 3.926366
760.000000 3.548387 3.883399
761.000000 3.709677 4.139094
762.000000 3.709677 4.139094
763.000000 3.870968 4.221661
764.000000 3.870968 4.325842
765.000000 4.032258 4.511249
766.000000 2.096774 2.312041
767.000000 2.096774 2.316728
768.000000 2.096774 2.316728
769.000000 2.258065 2.482226
770.000000 2.258065 2.461955
771.000000 2.258065 2.494702
772.000000 2.419355 2.622933
773.000000 2.419355 2.631157
774.000000 2.419355 2.627353
775.000000 2.580645 2.725196
776.000000 2.580645 2.768825
777.000000 2.580645 2.768640
778.000000 2.580645 2.760774
779.000000 2.741935 2.875490
780.000000 2.741935 2.928255
781.000000 2.741935 3.016995
782.000000 2.903226 3.119261
783.000000 2.903226 3.196777
784.000000 2.903226 3.155362
785.000000 2.903226 3.156063
786.000000 3.064516 3.385361
787.000000 3.064516 3.374792
788.000000 3.064516 3.408993
789.000000 3.225806 3.536584
790.000000 3.225806 3.603762
791.000000 3.387097 3.692139
792.000000 3.387097 3.785039
793.000000 1.612903 1.762666
794.000000 1.612903 1.709818
795.000000 1.935484 2.066366
796.000000 1.774194 1.864750
797.000000 1.935484 2.152240
798.000000 1.774194 1.863286
799.000000 1.935484 2.047177
800.000000 1.935484 2.129979
801.000000 1.935484 2.065534
802.000000 2.096774 2.307801
803.000000 1.935484 2.079455
804.000000 2.096774 2.284022
805.000000 2.096774 2.250013
806.000000 2.258065 2.433311
807.000000 2.258065 2.439562
808.000000 2.258065 2.443551
809.000000 2.419355 2.573258
810.000000 2.419355 2.609649
811.000000 2.419355 2.563834
812.000000 2.419355 2.579608
813.000000 2.419355 2.618611
814.000000 2.580645 2.770469
815.000000 2.580645 2.785622
816.000000 2.580645 2.812646
817.000000 2.580645 2.808453
818.000000 2.580645 2.863526
819.000000 2.741935 3.032443
820.000000 2.741935 3.023613
821.000000 2.741935 3.014913
822.000000 2.903226 3.178460
823.000000 2.903226 3.213317
824.000000 3.064516 3.355270
825.000000 3.064516 3.408426
826.000000 3.064516 3.329413
827.000000 3.064516 3.394608
828.000000 3.225806 3.501786
829.000000 3.225806 3.602512
830.000000 3.387097 3.701940
831.000000 3.387097 3.740856
832.000000 3.548387 3.910679
833.000000 3.548387 3.951523
834.000000 3.709677 4.111897
835.000000 3.870968 4.324258
836.000000 3.870968 4.259512
837.000000 4.032258 4.463630
838.000000 4.032258 4.538822
839.000000 4.354839 4.803210
840.000000 4.354839 4.833690
841.000000 2.258065 2.434708
842.000000 2.258065 2.504012
843.000000 2.258065 2.462091
844.000000 2.258065 2.479581
845.000000 2.419355 2.652449
846.000000 2.419355 2.679648
847.000000 2.580645 2.783505
848.000000 2.580645 2.821012
849.000000 2.580645 2.843747
850.000000 2.741935 3.015070
851.000000 2.741935 2.969984
852.000000 2.741935 3.006946
853.000000 2.741935 3.061837
854.000000 2.903226 3.185284
855.000000 2.903226 3.196044
856.000000 2.903226 3.202835
857.000000 3.064516 3.349792
858.000000 3.064516 3.371809
859.000000 3.225806 3.501245
860.000000 3.225806 3.519757
861.000000 3.387097 3.709675
862.000000 3.387097 3.727153
863.000000 3.548387 3.846565
864.000000 3.548387 3.902867
865.000000 3.709677 4.016971
866.000000 3.709677 4.113509
867.000000 3.870968 4.301624
868.000000 3.870968 4.325944
869.000000 3.870968 4.360928
870.000000 4.032258 4.479924
871.000000 4.032258 4.538352
872.000000 2.096774 2.300848
873.000000 2.096774 2.297620
874.000000 2.096774 2.277514
875.000000 2.096774 2.265922
876.000000 2.258065 2.457734
877.000000 2.258065 2.437481
878.000000 2.258065 2.423869
879.000000 2.258065 2.379816
880.000000 2.419355 2.574616
881.000000 2.419355 2.596765
882.000000 2.419355 2.557050
883.000000 2.580645 2.713627
884.000000 2.580645 2.748141
885.000000 2.580645 2.774056
886.000000 2.580645 2.788689
887.000000 2.580645 2.754802
888.000000 2.741935 2.926171
889.000000 2.741935 2.998897
890.000000 2.741935 2.972443
891.000000 2.903226 3.149671
892.000000 2.903226 3.101626
893.000000 2.903226 3.124337
894.000000 2.903226 3.169582
895.000000 3.064516 3.329293
896.000000 3.225806 3.463830
897.000000 3.064516 3.344078
898.000000 3.225806 3.550985
899.000000 3.387097 3.668440
900.000000 3.387097 3.734910
901.000000 3.548387 3.935298
902.000000 3.548387 3.881411
903.000000 3.548387 3.903936
904.000000 3.709677 4.058076
905.000000 3.709677 4.100221
906.000000 3.870968 4.278569
907.000000 3.870968 4.287137
908.000000 2.096774 2.292749
909.000000 2.096774 2.292749
910.000000 2.258065 2.444708
911.000000 2.258065 2.455735
912.000000 2.258065 2.445303
913.000000 2.258065 2.441224
914.000000 2.419355 2.640905
915.000000 2.419355 2.611933
916.000000 2.419355 2.643073
917.000000 2.419355 2.583931
918.000000 2.580645 2.755409
919.000000 2.580645 2.836790
920.000000 2.741935 2.930473
921.000000 2.741935 2.974773
922.000000 2.741935 2.961415
923.000000 2.903226 3.146551
924.000000 3.064516 3.275458
925.000000 3.064516 3.275458
926.000000 3.064516 3.349073
927.000000 3.064516 3.359675
928.000000 3.225806 3.488194
929.000000 3.225806 3.501300
930.000000 3.387097 3.683181
931.000000 3.387097 3.727781
932.000000 3.548387 3.849514
933.000000 3.548387 3.937189
934.000000 3.709677 4.062719
935.000000 3.870968 4.245869
936.000000 1.774194 1.895924
937.000000 1.935484 2.072045
938.000000 2.096774 2.225793
939.000000 2.096774 2.236855
940.000000 2.096774 2.285537
941.000000 2.096774 2.253761
942.000000 2.258065 2.406124
943.000000 2.258065 2.433187
944.000000 2.258065 2.454717
945.000000 2.419355 2.579741
946.000000 2.419355 2.542190
947.000000 2.419355 2.606723
948.000000 2.580645 2.739216
949.000000 2.580645 2.682903
950.000000 2.580645 2.782331
951.000000 2.419355 2.706834
952.000000 2.580645 2.779663
953.000000 2.741935 2.959547
954.000000 2.741935 3.034193
955.000000 2.741935 2.998899
956.000000 2.903226 3.181136
957.000000 2.903226 3.259624
958.000000 3.064516 3.354959
959.000000 3.064516 3.328678
960.000000 3.225806 3.545681
961.000000 3.225806 3.490058
962.000000 3.387097 3.716173
963.000000 3.225806 3.655220
964.000000 1.774194 1.886997
965.000000 1.774194 1.872957
966.000000 1.774194 1.864738
967.000000 1.935484 2.033606
968.000000 1.935484 2.051047
969.000000 1.774194 1.936239
970.000000 1.935484 2.005782
971.000000 1.935484 2.061163
972.000000 1.935484 2.122828
973.000000 1.935484 2.119505
974.000000 2.096774 2.263702
975.000000 2.096774 2.209260
976.000000 2.096774 2.196814
977.000000 2.096774 2.222073
978.000000 2.258065 2.420797
979.000000 2.258065 2.427037
980.000000 2.419355 2.491917
981.000000 2.419355 2.534442
982.000000 2.419355 2.515944
983.000000 2.419355 2.517067
984.000000 2.580645 2.731713
985.000000 2.580645 2.722429
986.000000 2.741935 2.744115
987.000000 2.741935 2.826586
988.000000 2.741935 2.844955
989.000000 2.741935 2.916884
990.000000 2.741935 2.877523
991.000000 2.903226 3.036240
992.000000 2.903226 3.135134
993.000000 2.903226 3.156856
994.000000 1.290323 1.505283
995.000000 1.451613 1.626270
996.000000 1.451613 1.519436
997.000000 1.451613 1.520830
998.000000 1.451613 1.531824
999.000000 1.451613 1.582301
1000.000000 1.612903 1.794880
1001.000000 1.451613 1.652638
1002.000000 1.451613 1.644700
1003.000000 1.612903 1.824321
1004.000000 1.774194 1.889133
1005.000000 1.612903 1.735975
1006.000000 1.774194 1.888021
1007.000000 1.612903 1.750105
1008.000000 1.774194 1.984615
1009.000000 1.774194 1.992070
1010.000000 2.096774 2.210278
1011.000000 1.774194 1.857812
1012.000000 1.935484 2.071852
1013.000000 1.935484 2.142551
1014.000000 2.096774 2.220477
1015.000000 2.096774 2.179090
1016.000000 2.096774 2.248975
1017.000000 2.096774 2.287820
1018.000000 2.258065 2.412602
1019.000000 2.258065 2.437216
1020.000000 2.258065 2.429887
1021.000000 2.258065 2.454487
1022.000000 2.258065 2.509153
1023.000000 2.419355 2.600588
1024.000000 2.580645 2.757259
1025.000000 2.580645 2.796534
1026.000000 2.741935 2.861477
1027.000000 2.741935 2.916392
1028.000000 2.741935 2.954485
1029.000000 2.741935 2.972374
1030.000000 3.064516 3.198245
1031.000000 3.064516 3.231078
1032.000000 3.064516 3.273514
1033.000000 3.225806 3.427726
1034.000000 3.225806 3.473155
1035.000000 3.225806 3.537140
1036.000000 3.387097 3.653764
1037.000000 3.387097 3.731123
1038.000000 3.548387 3.869709
1039.000000 3.709677 4.026493
1040.000000 3.709677 4.080353
1041.000000 3.870968 4.282456
1042.000000 1.935484 2.089787
1043.000000 1.935484 2.109214
1044.000000 1.935484 2.109214
1045.000000 2.096774 2.158593
1046.000000 2.096774 2.234707
1047.000000 2.096774 2.322594
1048.000000 2.096774 2.274843
1049.000000 2.258065 2.424597
1050.000000 2.258065 2.461209
1051.000000 2.419355 2.526713
1052.000000 2.419355 2.630105
1053.000000 2.580645 2.750101
1054.000000 2.580645 2.827574
1055.000000 2.741935 2.944233
1056.000000 2.903226 3.026963
1057.000000 2.903226 2.982401
1058.000000 2.903226 3.079765
1059.000000 2.903226 3.098352
1060.000000 2.903226 3.185291
1061.000000 3.225806 3.401224
1062.000000 3.387097 3.509683
1063.000000 3.387097 3.563586
1064.000000 3.387097 3.578371
1065.000000 3.548387 3.760899
1066.000000 3.548387 3.844770
1067.000000 3.709677 3.867993
1068.000000 3.709677 3.925573
1069.000000 3.870968 4.118517
1070.000000 3.870968 4.219841
1071.000000 3.870968 4.314878
1072.000000 4.032258 4.462829
1073.000000 4.193548 4.570345
1074.000000 4.193548 4.645344
1075.000000 4.193548 4.617236
1076.000000 4.354839 4.782840
1077.000000 4.516129 4.937935
1078.000000 4.516129 4.950444
1079.000000 4.677419 5.147129
1080.000000 4.677419 5.176179
1081.000000 4.838710 5.302011
1082.000000 5.000000 5.479046
1083.000000 5.000000 5.532800
1084.000000 5.161290 5.735676
1085.000000 5.161290 5.741495
1086.000000 5.322581 5.897560
1087.000000 5.483871 6.100654
1088.000000 5.645161 6.300712
1089.000000 5.645161 6.310134
1090.000000 3.064516 3.319797
1091.000000 3.064516 3.358939
1092.000000 3.064516 3.419354
1093.000000 3.225806 3.560265
1094.000000 3.225806 3.526550
1095.000000 3.387097 3.721436
1096.000000 3.387097 3.705228
1097.000000 3.548387 3.886316
1098.000000 3.548387 3.886283
1099.000000 3.709677 4.002269
1100.000000 3.709677 4.052271
1101.000000 3.870968 4.192404
1102.000000 4.032258 4.300986
1103.000000 4.032258 4.385342
1104.000000 4.032258 4.502556
1105.000000 4.193548 4.628061
1106.000000 4.354839 4.752851
1107.000000 4.516129 4.860843
1108.000000 4.516129 4.980751
1109.000000 4.516129 5.064225
1110.000000 4.677419 5.166423
1111.000000 2.419355 2.597525
1112.000000 2.419355 2.618090
1113.000000 2.419355 2.624924
1114.000000 2.419355 2.679275
1115.000000 2.580645 2.804487
1116.000000 2.580645 2.847035
1117.000000 2.741935 2.932986
1118.000000 2.741935 3.020192
1119.000000 2.903226 3.126217
1120.000000 2.903226 3.156827
1121.000000 3.064516 3.246076
1122.000000 3.064516 3.295832
1123.000000 3.064516 3.359836
1124.000000 3.225806 3.434173
1125.000000 3.225806 3.476977
1126.000000 3.225806 3.544669
1127.000000 3.387097 3.614211
1128.000000 3.548387 3.785587
1129.000000 3.548387 3.845112
1130.000000 3.548387 3.893247
1131.000000 3.709677 4.023414
1132.000000 3.709677 4.062193
1133.000000 3.870968 4.211912
1134.000000 4.032258 4.321027
1135.000000 4.032258 4.383188
1136.000000 4.032258 4.497750
1137.000000 2.096774 2.200872
1138.000000 2.258065 2.335707
1139.000000 2.096774 2.194565
1140.000000 2.258065 2.397074
1141.000000 2.096774 2.337586
1142.000000 2.258065 2.446902
1143.000000 2.419355 2.565949
1144.000000 2.419355 2.574619
1145.000000 2.419355 2.572872
1146.000000 2.580645 2.704807
1147.000000 2.580645 2.744109
1148.000000 2.580645 2.724552
1149.000000 2.580645 2.778457
1150.000000 2.741935 2.891377
1151.000000 2.741935 2.908442
1152.000000 2.741935 2.990666
1153.000000 2.903226 3.120690
1154.000000 2.903226 3.156461
1155.000000 2.903226 3.114861
1156.000000 2.903226 3.180306
1157.000000 3.064516 3.273375
1158.000000 3.064516 3.314005
1159.000000 3.064516 3.327433
1160.000000 3.225806 3.481831
1161.000000 3.225806 3.467682
1162.000000 3.387097 3.645002
1163.000000 3.387097 3.680507
1164.000000 3.387097 3.666381
1165.000000 3.548387 3.854908
1166.000000 3.548387 3.872996
1167.000000 3.548387 3.866906
1168.000000 3.709677 4.009844
1169.000000 3.870968 4.152835
1170.000000 3.870968 4.168007
1171.000000 4.032258 4.313585
1172.000000 4.032258 4.363634
1173.000000 4.032258 4.419984
1174.000000 4.193548 4.622811
1175.000000 4.354839 4.726565
1176.000000 2.096774 2.241906
1177.000000 2.258065 2.424392
1178.000000 2.258065 2.395594
1179.000000 2.258065 2.435832
1180.000000 2.258065 2.411373
1181.000000 2.419355 2.535652
1182.000000 2.419355 2.619170
1183.000000 2.419355 2.567922
1184.000000 2.580645 2.838894
1185.000000 2.580645 2.821389
1186.000000 2.741935 3.008075
1187.000000 2.741935 2.979785
1188.000000 2.741935 2.924182
1189.000000 2.741935 2.932779
1190.000000 2.903226 3.099698
1191.000000 2.903226 3.112664
1192.000000 3.064516 3.273394
1193.000000 3.064516 3.295600
1194.000000 3.225806 3.476562
1195.000000 3.225806 3.484598
1196.000000 3.225806 3.478252
1197.000000 3.387097 3.642374
1198.000000 3.387097 3.689047
1199.000000 3.548387 3.827296
1200.000000 3.709677 4.018303
1201.000000 3.709677 4.009168
1202.000000 3.870968 4.187290
1203.000000 3.870968 4.218260
1204.000000 4.032258 4.416080
1205.000000 4.032258 4.417334
1206.000000 4.193548 4.615509
1207.000000 2.096774 2.255683
1208.000000 2.096774 2.254720
1209.000000 2.096774 2.264309
1210.000000 2.258065 2.422022
1211.000000 2.258065 2.395541
1212.000000 2.258065 2.497674
1213.000000 2.419355 2.617338
1214.000000 2.419355 2.563511
1215.000000 2.419355 2.597240
1216.000000 2.580645 2.728568
1217.000000 2.580645 2.772622
1218.000000 2.580645 2.815019
1219.000000 2.741935 2.992078
1220.000000 2.741935 2.972018
1221.000000 2.903226 3.159625
1222.000000 2.903226 3.133247
1223.000000 2.903226 3.151554
1224.000000 3.064516 3.290330
1225.000000 3.064516 3.318718
1226.000000 3.225806 3.472205
1227.000000 3.225806 3.528916
1228.000000 3.387097 3.668440
1229.000000 3.387097 3.681626
1230.000000 3.548387 3.825680
1231.000000 3.548387 3.903936
1232.000000 3.709677 4.028816
1233.000000 3.709677 4.036392
1234.000000 3.870968 4.243616
1235.000000 3.870968 4.230591
1236.000000 4.032258 4.407954
1237.000000 4.032258 4.482755
1238.000000 4.193548 4.600588
1239.000000 2.096774 2.239914
1240.000000 2.258065 2.421413
1241.000000 2.258065 2.369080
1242.000000 2.258065 2.396196
1243.000000 2.258065 2.515691
1244.000000 2.419355 2.567761
1245.000000 2.419355 2.564646
1246.000000 2.419355 2.583256
1247.000000 2.580645 2.724303
1248.000000 2.580645 2.735858
1249.000000 2.580645 2.729640
1250.000000 2.580645 2.805791
1251.000000 2.580645 2.854149
1252.000000 2.741935 2.941270
1253.000000 2.741935 2.951569
1254.000000 2.741935 2.988705
1255.000000 2.903226 3.061473
1256.000000 2.903226 3.074821
1257.000000 2.903226 3.086617
1258.000000 3.064516 3.209923
1259.000000 3.064516 3.244163
1260.000000 3.064516 3.337967
1261.000000 3.225806 3.419341
1262.000000 3.225806 3.530302
1263.000000 3.225806 3.534310
1264.000000 3.387097 3.677159
1265.000000 3.387097 3.643290
1266.000000 3.548387 3.842557
1267.000000 3.548387 3.879210
1268.000000 3.709677 4.048009
1269.000000 3.709677 4.009732
1270.000000 3.870968 4.225951
1271.000000 3.870968 4.243040
1272.000000 4.032258 4.410949
1273.000000 4.193548 4.528604
1274.000000 4.354839 4.734937
1275.000000 4.354839 4.711566
1276.000000 4.354839 4.750551
1277.000000 4.516129 4.901386
1278.000000 2.258065 2.518506
1279.000000 2.580645 2.830872
1280.000000 2.580645 2.859601
1281.000000 2.580645 2.834514
1282.000000 2.580645 2.768728
1283.000000 2.741935 2.993921
1284.000000 2.741935 2.953050
1285.000000 2.903226 3.130604
1286.000000 2.903226 3.134553
1287.000000 2.903226 3.135306
1288.000000 3.064516 3.263492
1289.000000 3.064516 3.346306
1290.000000 3.225806 3.534438
1291.000000 3.225806 3.506636
1292.000000 3.387097 3.663061
1293.000000 3.225806 3.550776
1294.000000 3.387097 3.757936
1295.000000 3.387097 3.718715
1296.000000 3.548387 3.933889
1297.000000 3.548387 3.953073
1298.000000 3.709677 4.103338
1299.000000 3.709677 4.155734
1300.000000 3.870968 4.251145
1301.000000 3.870968 4.311106
1302.000000 4.032258 4.482806
1303.000000 4.032258 4.551932
1304.000000 4.193548 4.595168
1305.000000 4.354839 4.755184
1306.000000 4.354839 4.815695
1307.000000 4.516129 4.958969
1308.000000 4.516129 4.979539
1309.000000 4.677419 5.129654
1310.000000 4.838710 5.334957
1311.000000 4.838710 5.359391
1312.000000 5.000000 5.535500
1313.000000 5.161290 5.686208
1314.000000 5.322581 5.861795
1315.000000 5.322581 5.909578
1316.000000 5.483871 6.095244
1317.000000 5.645161 6.277828
1318.000000 5.645161 6.303108
1319.000000 3.225806 3.560187
1320.000000 3.225806 3.554315
1321.000000 3.387097 3.718311
1322.000000 3.387097 3.713714
1323.000000 3.548387 3.895797
1324.000000 3.548387 3.905459
1325.000000 3.709677 4.109924
1326.000000 3.709677 4.138579
1327.000000 3.870968 4.241018
1328.000000 3.870968 4.221371
1329.000000 3.870968 4.265564
1330.000000 4.032258 4.477609
1331.000000 4.032258 4.438113
1332.000000 4.193548 4.670686
1333.000000 4.193548 4.702491
1334.000000 4.354839 4.855681
1335.000000 4.516129 5.047183
1336.000000 4.677419 5.213212
1337.000000 2.419355 2.654411
1338.000000 2.741935 3.023100
1339.000000 2.903226 3.159081
1340.000000 2.580645 2.814004
1341.000000 2.580645 2.857698
1342.000000 2.580645 2.915775
1343.000000 2.903226 3.136119
1344.000000 2.903226 3.135929
1345.000000 2.903226 3.159000
1346.000000 2.903226 3.206570
1347.000000 3.064516 3.260031
1348.000000 3.064516 3.328509
1349.000000 3.225806 3.465520
1350.000000 3.225806 3.408675
1351.000000 3.225806 3.524736
1352.000000 3.387097 3.656545
1353.000000 3.387097 3.704860
1354.000000 3.387097 3.673053
1355.000000 3.548387 3.867314
1356.000000 3.548387 3.897973
1357.000000 3.709677 4.010322
1358.000000 3.709677 4.117382
1359.000000 3.870968 4.284319
1360.000000 3.870968 4.324681
1361.000000 4.032258 4.489690
1362.000000 4.032258 4.454205
1363.000000 4.193548 4.668498
1364.000000 4.354839 4.778929
1365.000000 2.258065 2.420415
1366.000000 2.258065 2.390526
1367.000000 2.258065 2.490182
1368.000000 2.419355 2.624512
1369.000000 2.419355 2.590134
1370.000000 2.580645 2.764282
1371.000000 2.580645 2.738011
1372.000000 2.580645 2.783627
1373.000000 2.580645 2.812890
1374.000000 2.580645 2.822359
1375.000000 2.741935 2.880533
1376.000000 2.741935 2.989770
1377.000000 2.741935 3.000500
1378.000000 2.741935 3.041016
1379.000000 2.903226 3.176907
1380.000000 2.903226 3.206832
1381.000000 3.064516 3.345345
1382.000000 3.064516 3.350289
1383.000000 3.064516 3.366494
1384.000000 3.225806 3.550235
1385.000000 3.225806 3.567625
1386.000000 3.225806 3.606052
1387.000000 3.387097 3.717351
1388.000000 3.387097 3.780879
1389.000000 3.548387 3.892682
1390.000000 3.548387 3.908404
1391.000000 3.870968 4.120666
1392.000000 3.709677 4.093719
1393.000000 4.032258 4.285942
1394.000000 4.032258 4.375683
1395.000000 2.096774 2.187771
1396.000000 1.935484 2.167886
1397.000000 2.096774 2.198123
1398.000000 2.258065 2.375461
1399.000000 2.096774 2.336857
1400.000000 2.258065 2.468423
1401.000000 2.258065 2.490585
1402.000000 2.258065 2.500778
1403.000000 2.258065 2.540917
1404.000000 2.580645 2.728000
1405.000000 2.419355 2.640008
1406.000000 2.580645 2.789367
1407.000000 2.580645 2.824490
1408.000000 2.580645 2.795716
1409.000000 2.580645 2.896332
1410.000000 2.580645 2.887185
1411.000000 2.741935 3.051284
1412.000000 2.741935 3.043463
1413.000000 2.741935 3.063820
1414.000000 2.903226 3.225462
1415.000000 2.903226 3.239177
1416.000000 2.903226 3.266694
1417.000000 3.064516 3.424576
1418.000000 3.064516 3.434005
1419.000000 3.225806 3.629829
1420.000000 3.225806 3.592946
1421.000000 3.387097 3.797735
1422.000000 3.387097 3.816575
1423.000000 3.548387 3.999481
1424.000000 3.548387 3.976828
1425.000000 3.709677 4.158063
1426.000000 3.709677 4.154728
1427.000000 3.870968 4.339802
1428.000000 3.870968 4.354663
1429.000000 4.032258 4.536383
1430.000000 4.193548 4.715017
1431.000000 4.354839 4.870701
1432.000000 4.354839 4.909048
1433.000000 4.516129 5.073340
1434.000000 2.419355 2.695255
1435.000000 2.580645 2.837393
1436.000000 2.580645 2.871128
1437.000000 2.580645 2.811133
1438.000000 2.741935 3.036528
1439.000000 2.741935 3.034603
1440.000000 2.741935 2.966030
1441.000000 2.903226 3.156050
1442.000000 2.903226 3.225806
1443.000000 2.903226 3.225632
1444.000000 2.903226 3.193912
1445.000000 2.903226 3.265047
1446.000000 3.064516 3.434690
1447.000000 3.064516 3.431321
1448.000000 3.225806 3.595365
1449.000000 3.225806 3.612484
1450.000000 3.387097 3.763192
1451.000000 3.387097 3.828174
1452.000000 3.548387 3.991163
1453.000000 3.548387 4.015158
1454.000000 3.709677 4.220513
1455.000000 3.870968 4.227716
1456.000000 3.870968 4.305178
1457.000000 1.935484 2.161892
1458.000000 2.096774 2.197908
1459.000000 2.096774 2.193242
1460.000000 2.258065 2.391332
1461.000000 2.258065 2.378606
1462.000000 2.258065 2.370935
1463.000000 2.419355 2.592251
1464.000000 2.419355 2.537152
1465.000000 2.258065 2.490235
1466.000000 2.258065 2.529098
1467.000000 2.419355 2.618882
1468.000000 2.258065 2.541560
1469.000000 2.419355 2.707447
1470.000000 2.580645 2.751794
1471.000000 2.580645 2.806721
1472.000000 2.580645 2.792764
1473.000000 2.741935 2.957295
1474.000000 2.741935 2.928167
1475.000000 2.580645 2.922675
1476.000000 2.741935 3.090461
1477.000000 2.903226 3.158348
1478.000000 2.903226 3.123142
1479.000000 2.741935 3.085613
1480.000000 2.903226 3.269161
1481.000000 2.903226 3.284749
1482.000000 3.225806 3.519669
1483.000000 3.064516 3.423123
1484.000000 3.225806 3.617913
1485.000000 3.225806 3.580632
1486.000000 3.387097 3.789328
1487.000000 3.387097 3.820509
1488.000000 3.548387 3.845725
1489.000000 3.548387 3.954355
1490.000000 3.709677 4.154965
1491.000000 1.935484 2.118088
1492.000000 1.935484 2.106915
1493.000000 1.935484 2.160257
1494.000000 2.096774 2.270970
1495.000000 2.096774 2.269980
1496.000000 2.096774 2.301207
1497.000000 2.258065 2.472967
1498.000000 2.258065 2.480522
1499.000000 2.419355 2.579947
1500.000000 2.419355 2.577231
1501.000000 2.580645 2.695702
1502.000000 2.580645 2.661008
1503.000000 2.580645 2.656193
1504.000000 2.580645 2.720764
1505.000000 2.580645 2.760539
1506.000000 2.741935 2.855305
1507.000000 2.741935 2.895961
1508.000000 2.741935 2.960466
1509.000000 2.903226 3.031613
1510.000000 2.903226 3.090411
1511.000000 2.903226 3.055340
1512.000000 3.064516 3.233369
1513.000000 3.064516 3.249787
1514.000000 3.064516 3.223021
1515.000000 3.225806 3.480632
1516.000000 3.225806 3.492547
1517.000000 3.225806 3.495444
1518.000000 3.387097 3.681507
1519.000000 3.387097 3.636778
1520.000000 3.548387 3.741616
1521.000000 3.548387 3.836299
1522.000000 3.709677 4.048021
1523.000000 3.709677 4.020113
1524.000000 3.870968 4.192790
1525.000000 4.032258 4.362084
1526.000000 2.096774 2.204971
1527.000000 2.096774 2.235666
1528.000000 2.258065 2.465517
1529.000000 2.258065 2.417484
1530.000000 2.258065 2.398222
1531.000000 2.419355 2.588752
1532.000000 2.419355 2.553844
1533.000000 2.419355 2.650175
1534.000000 2.580645 2.814798
1535.000000 2.580645 2.779049
1536.000000 2.741935 2.911658
1537.000000 2.741935 2.941214
1538.000000 2.741935 2.991786
1539.000000 2.741935 2.975557
1540.000000 2.903226 3.126976
1541.000000 2.903226 3.136759
1542.000000 3.064516 3.254064
1543.000000 3.064516 3.323442
1544.000000 3.064516 3.340931
1545.000000 3.225806 3.462625
1546.000000 3.225806 3.522187
1547.000000 3.387097 3.702308
1548.000000 3.548387 3.839627
1549.000000 3.548387 3.907118
1550.000000 3.709677 4.047725
1551.000000 3.709677 4.056796
1552.000000 3.709677 4.083210
1553.000000 3.870968 4.247868
1554.000000 1.935484 2.123452
1555.000000 2.096774 2.263676
1556.000000 1.935484 2.120489
1557.000000 1.935484 2.059447
1558.000000 2.096774 2.275888
1559.000000 2.096774 2.276993
1560.000000 2.258065 2.451182
1561.000000 2.258065 2.484855
1562.000000 2.258065 2.448525
1563.000000 2.258065 2.492313
1564.000000 2.419355 2.619399
1565.000000 2.419355 2.612508
1566.000000 2.419355 2.611966
1567.000000 2.580645 2.784790
1568.000000 2.580645 2.790469
1569.000000 2.580645 2.847046
1570.000000 2.741935 2.934271
1571.000000 2.741935 3.016501
1572.000000 2.741935 3.031617
1573.000000 2.903226 3.162315
1574.000000 2.903226 3.236842
1575.000000 2.903226 3.264939
1576.000000 3.064516 3.450948
1577.000000 3.064516 3.440667
1578.000000 3.225806 3.603988
1579.000000 3.387097 3.722082
1580.000000 1.774194 1.982986
1581.000000 1.774194 1.961413
1582.000000 1.774194 1.931275
1583.000000 1.774194 1.937903
1584.000000 1.935484 2.112162
1585.000000 1.935484 2.100813
1586.000000 1.935484 2.126599
1587.000000 2.096774 2.271379
1588.000000 2.096774 2.292199
1589.000000 2.096774 2.280680
1590.000000 2.096774 2.297707
1591.000000 2.258065 2.440899
1592.000000 2.258065 2.468501
1593.000000 2.258065 2.440835
1594.000000 2.419355 2.576397
1595.000000 2.419355 2.608165
1596.000000 2.419355 2.600686
1597.000000 2.419355 2.606678
1598.000000 2.580645 2.746868
1599.000000 2.580645 2.796436
1600.000000 2.741935 2.885375
1601.000000 2.741935 2.935310
1602.000000 2.903226 3.119649
1603.000000 2.903226 3.088496
1604.000000 2.903226 3.107003
1605.000000 3.064516 3.293133
1606.000000 3.064516 3.334566
1607.000000 3.225806 3.418403
1608.000000 3.225806 3.471475
1609.000000 3.225806 3.501693
1610.000000 3.225806 3.527623
1611.000000 3.387097 3.647356
1612.000000 3.548387 3.829920
1613.000000 3.548387 3.851047
1614.000000 3.709677 4.036932
1615.000000 3.709677 4.030500
1616.000000 3.870968 4.256545
1617.000000 3.870968 4.264082
1618.000000 4.032258 4.427649
1619.000000 1.935484 2.137150
1620.000000 2.096774 2.309819
1621.000000 2.096774 2.286527
1622.000000 1.935484 2.163197
1623.000000 1.935484 2.162508
1624.000000 2.096774 2.320833
1625.000000 2.096774 2.295087
1626.000000 2.096774 2.317786
1627.000000 2.258065 2.459763
1628.000000 2.258065 2.471747
1629.000000 2.419355 2.637754
1630.000000 2.419355 2.643332
1631.000000 2.580645 2.665521
1632.000000 2.419355 2.678934
1633.000000 2.741935 2.842939
1634.000000 2.580645 2.834465
1635.000000 2.580645 2.843447
1636.000000 2.741935 2.971258
1637.000000 2.741935 2.993847
1638.000000 2.903226 3.186900
1639.000000 2.903226 3.189876
1640.000000 2.903226 3.186318
1641.000000 3.064516 3.355382
1642.000000 3.064516 3.391160
1643.000000 3.064516 3.369819
1644.000000 3.225806 3.546980
1645.000000 3.225806 3.564425
1646.000000 3.387097 3.707422
1647.000000 3.548387 3.864252
1648.000000 3.548387 3.884047
1649.000000 3.548387 3.901289
1650.000000 3.709677 4.068880
1651.000000 3.709677 4.080244
1652.000000 3.870968 4.286833
1653.000000 4.032258 4.383629
1654.000000 4.032258 4.438753
1655.000000 4.193548 4.594494
1656.000000 2.258065 2.484565
1657.000000 2.258065 2.484565
1658.000000 2.258065 2.484113
1659.000000 2.258065 2.502277
1660.000000 2.419355 2.647340
1661.000000 2.419355 2.661949
1662.000000 2.580645 2.832601
1663.000000 2.580645 2.791112
1664.000000 2.580645 2.866894
1665.000000 2.741935 2.994065
1666.000000 2.903226 3.040879
1667.000000 2.903226 3.125245
1668.000000 2.741935 3.022368
1669.000000 3.064516 3.269521
1670.000000 2.903226 3.206168
1671.000000 3.064516 3.300343
1672.000000 3.225806 3.486159
1673.000000 3.225806 3.558485
1674.000000 3.225806 3.566841
1675.000000 3.387097 3.708866
1676.000000 3.548387 3.814534
1677.000000 3.548387 3.914130
1678.000000 3.548387 3.931236
1679.000000 3.709677 4.057490
1680.000000 3.709677 4.102523
1681.000000 1.774194 1.946124
1682.000000 1.935484 2.077843
1683.000000 1.935484 2.177387
1684.000000 1.935484 2.129979
1685.000000 2.096774 2.338291
1686.000000 2.258065 2.379595
1687.000000 2.258065 2.344622
1688.000000 2.419355 2.593563
1689.000000 2.419355 2.552474
1690.000000 2.419355 2.575595
1691.000000 2.580645 2.755382
1692.000000 2.580645 2.754050
1693.000000 2.580645 2.722591
1694.000000 2.580645 2.738910
1695.000000 2.741935 2.869891
1696.000000 2.741935 2.870117
1697.000000 2.741935 2.977200
1698.000000 2.741935 3.024123
1699.000000 2.903226 3.091636
1700.000000 3.064516 3.245740
1701.000000 3.064516 3.296987
1702.000000 3.225806 3.441519
1703.000000 3.225806 3.475092
1704.000000 3.225806 3.550002
1705.000000 3.225806 3.590889
1706.000000 3.225806 3.570677
1707.000000 3.387097 3.754034
1708.000000 3.387097 3.821479
1709.000000 3.548387 3.852142
1710.000000 3.709677 4.079055
1711.000000 3.709677 4.074624
1712.000000 1.935484 2.013904
1713.000000 1.935484 2.049875
1714.000000 1.935484 2.009929
1715.000000 2.096774 2.178933
1716.000000 2.096774 2.198573
1717.000000 2.096774 2.231767
1718.000000 2.258065 2.411350
1719.000000 2.258065 2.392264
1720.000000 2.258065 2.380608
1721.000000 2.258065 2.388599
1722.000000 2.258065 2.408552
1723.000000 2.419355 2.552500
1724.000000 2.419355 2.526411
1725.000000 2.419355 2.556529
1726.000000 2.419355 2.597420
1727.000000 2.419355 2.603052
1728.000000 2.419355 2.653413
1729.000000 2.419355 2.656758
1730.000000 2.580645 2.816630
1731.000000 2.580645 2.781534
1732.000000 2.741935 2.961118
1733.000000 2.741935 2.971712
1734.000000 2.741935 3.025518
1735.000000 2.903226 3.157515
1736.000000 2.903226 3.198100
1737.000000 2.903226 3.209348
1738.000000 2.903226 3.200425
1739.000000 3.064516 3.338702
1740.000000 3.064516 3.373286
1741.000000 3.064516 3.416915
1742.000000 3.225806 3.509075
1743.000000 3.225806 3.528035
1744.000000 3.387097 3.724402
1745.000000 3.548387 3.896804
1746.000000 1.774194 1.879198
1747.000000 1.774194 1.874696
1748.000000 1.935484 2.089508
1749.000000 1.935484 2.057381
1750.000000 1.935484 2.057381
1751.000000 1.935484 2.057381
1752.000000 1.935484 2.057381
1753.000000 1.935484 2.091390
1754.000000 1.935484 2.147848
1755.000000 2.096774 2.240670
1756.000000 2.096774 2.249537
1757.000000 2.096774 2.245191
1758.000000 2.258065 2.378038
1759.000000 2.258065 2.347621
1760.000000 2.258065 2.338154
1761.000000 2.258065 2.416618
1762.000000 2.258065 2.455805
1763.000000 2.419355 2.584167
1764.000000 2.419355 2.614996
1765.000000 2.419355 2.581306
1766.000000 2.580645 2.796135
1767.000000 2.580645 2.750117
1768.000000 2.580645 2.794224
1769.000000 2.741935 2.929698
1770.000000 2.741935 2.903077
1771.000000 2.903226 3.125309
1772.000000 2.741935 3.024757
1773.000000 3.064516 3.274774
1774.000000 2.903226 3.218691
1775.000000 2.903226 3.260092
1776.000000 3.225806 3.464288
1777.000000 3.225806 3.475832
1778.000000 3.225806 3.604022
1779.000000 3.225806 3.617289
1780.000000 3.548387 3.849732
1781.000000 3.387097 3.822418
1782.000000 3.548387 3.955143
1783.000000 3.709677 4.073298
1784.000000 3.870968 4.170017
1785.000000 2.096774 2.252977
1786.000000 2.096774 2.185671
1787.000000 2.096774 2.320454
1788.000000 2.096774 2.298245
1789.000000 2.096774 2.291591
1790.000000 2.258065 2.350862
1791.000000 2.419355 2.539233
1792.000000 2.419355 2.600813
1793.000000 2.419355 2.537194
1794.000000 2.419355 2.597633
1795.000000 2.580645 2.711012
1796.000000 2.580645 2.775934
1797.000000 2.580645 2.823248
1798.000000 2.741935 2.892835
1799.000000 2.741935 2.998651
1800.000000 2.903226 3.125726
1801.000000 2.903226 3.100925
1802.000000 3.064516 3.233250
1803.000000 3.064516 3.290300
1804.000000 3.064516 3.305348
1805.000000 3.225806 3.483158
1806.000000 3.225806 3.475940
1807.000000 3.387097 3.657084
1808.000000 3.387097 3.655196
1809.000000 3.387097 3.688845
1810.000000 3.548387 3.800895
1811.000000 3.548387 3.844989
1812.000000 3.548387 3.865783
1813.000000 3.709677 4.020539
1814.000000 3.870968 4.209318
1815.000000 3.870968 4.178451
1816.000000 3.870968 4.271631
1817.000000 4.032258 4.438723
1818.000000 2.096774 2.261367
1819.000000 2.419355 2.639528
1820.000000 2.258065 2.476681
1821.000000 2.258065 2.435832
1822.000000 2.258065 2.435832
1823.000000 2.419355 2.597326
1824.000000 2.419355 2.598636
1825.000000 2.580645 2.748530
1826.000000 2.580645 2.813406
1827.000000 2.580645 2.779058
1828.000000 2.741935 2.957291
1829.000000 2.741935 3.000384
1830.000000 2.741935 2.979785
1831.000000 2.741935 2.993876
1832.000000 2.903226 3.145797
1833.000000 2.903226 3.175426
1834.000000 2.903226 3.199198
1835.000000 3.064516 3.305917
1836.000000 3.064516 3.361661
1837.000000 3.225806 3.539410
1838.000000 3.225806 3.566812
1839.000000 3.225806 3.565337
1840.000000 3.387097 3.751312
1841.000000 3.387097 3.732109
1842.000000 3.548387 3.946238
1843.000000 3.548387 3.898607
1844.000000 3.709677 4.116063
1845.000000 3.709677 4.138233
1846.000000 3.870968 4.241140
1847.000000 3.870968 4.266742
1848.000000 4.032258 4.493070
1849.000000 4.193548 4.653205
1850.000000 2.258065 2.410987
1851.000000 2.419355 2.651042
1852.000000 2.258065 2.496549
1853.000000 2.258065 2.423296
1854.000000 2.258065 2.408932
1855.000000 2.419355 2.648782
1856.000000 2.419355 2.651042
1857.000000 2.580645 2.884042
1858.000000 2.580645 2.809230
1859.000000 2.741935 2.901664
1860.000000 2.741935 2.978604
1861.000000 2.741935 2.914109
1862.000000 2.903226 3.071371
1863.000000 2.903226 3.074472
1864.000000 2.903226 3.105401
1865.000000 3.064516 3.323011
1866.000000 3.064516 3.347968
1867.000000 3.064516 3.303546
1868.000000 3.225806 3.450788
1869.000000 3.225806 3.495064
1870.000000 3.387097 3.615657
1871.000000 3.387097 3.750116
1872.000000 3.548387 3.794101
1873.000000 3.548387 3.849680
1874.000000 3.548387 3.867074
1875.000000 3.709677 4.014612
1876.000000 3.709677 4.028218
1877.000000 3.870968 4.227273
1878.000000 3.870968 4.234746
1879.000000 4.032258 4.412104
1880.000000 4.193548 4.606956
1881.000000 4.354839 4.702197
1882.000000 4.193548 4.704811
1883.000000 2.096774 2.278528
1884.000000 2.258065 2.424618
1885.000000 2.258065 2.493968
1886.000000 2.258065 2.510575
1887.000000 2.258065 2.523580
1888.000000 2.419355 2.620457
1889.000000 2.580645 2.811663
1890.000000 2.580645 2.873666
1891.000000 2.580645 2.856012
1892.000000 2.741935 2.924870
1893.000000 2.903226 3.144439
1894.000000 2.903226 3.199120
1895.000000 2.903226 3.132545
1896.000000 2.903226 3.190639
1897.000000 3.064516 3.291463
1898.000000 3.064516 3.375383
1899.000000 3.225806 3.519907
1900.000000 3.225806 3.562201
1901.000000 3.225806 3.552054
1902.000000 3.387097 3.700024
1903.000000 3.387097 3.738082
1904.000000 3.548387 3.887478
1905.000000 3.548387 3.905662
1906.000000 3.709677 4.036107
1907.000000 3.709677 4.109239
1908.000000 3.870968 4.244458
1909.000000 3.870968 4.262035
1910.000000 4.032258 4.479535
1911.000000 2.258065 2.442576
1912.000000 2.258065 2.400134
1913.000000 2.258065 2.438813
1914.000000 2.419355 2.575009
1915.000000 2.419355 2.565472
1916.000000 2.419355 2.569676
1917.000000 2.419355 2.622441
1918.000000 2.580645 2.759696
1919.000000 2.741935 2.886471
1920.000000 2.741935 2.888218
1921.000000 2.903226 3.028742
1922.000000 2.903226 3.033309
1923.000000 2.903226 3.114909
1924.000000 2.903226 3.128285
1925.000000 3.064516 3.328384
1926.000000 3.064516 3.331939
1927.000000 3.064516 3.355904
1928.000000 3.225806 3.538204
1929.000000 3.225806 3.434911
1930.000000 3.225806 3.530227
1931.000000 3.387097 3.659921
1932.000000 3.387097 3.744227
1933.000000 3.387097 3.765666
1934.000000 3.548387 3.900592
1935.000000 3.709677 4.067511
1936.000000 3.709677 4.103184
1937.000000 3.870968 4.233602
1938.000000 3.870968 4.371305
1939.000000 4.032258 4.421326
1940.000000 4.032258 4.507701
1941.000000 4.193548 4.736393
1942.000000 2.419355 2.525523
1943.000000 2.258065 2.520049
1944.000000 2.258065 2.533814
1945.000000 2.419355 2.686074
1946.000000 2.580645 2.843357
1947.000000 2.580645 2.888389
1948.000000 2.580645 2.857458
1949.000000 2.580645 2.876363
1950.000000 2.741935 3.033356
1951.000000 2.903226 3.161383
1952.000000 2.903226 3.126394
1953.000000 2.903226 3.234582
1954.000000 2.903226 3.169998
1955.000000 3.064516 3.329882
1956.000000 3.064516 3.349196
1957.000000 3.064516 3.375955
1958.000000 3.225806 3.530514
1959.000000 3.387097 3.624989
1960.000000 3.387097 3.712108
1961.000000 3.387097 3.756963
1962.000000 3.548387 3.906852
1963.000000 3.548387 3.955271
1964.000000 3.709677 4.089883
1965.000000 3.709677 4.135970
1966.000000 3.870968 4.323207
1967.000000 4.032258 4.472508
1968.000000 4.032258 4.489847
1969.000000 4.193548 4.621235
1970.000000 2.096774 2.287743
1971.000000 2.096774 2.315104
1972.000000 2.258065 2.494702
1973.000000 2.258065 2.494702
1974.000000 2.258065 2.495983
1975.000000 2.258065 2.494702
1976.000000 2.419355 2.641114
1977.000000 2.419355 2.607410
1978.000000 2.580645 2.750171
1979.000000 2.580645 2.798992
1980.000000 2.580645 2.813046
1981.000000 2.741935 2.964093
1982.000000 2.741935 2.931844
1983.000000 2.741935 2.970656
1984.000000 2.903226 3.171098
1985.000000 2.903226 3.149908
1986.000000 3.064516 3.293466
1987.000000 3.064516 3.329330
1988.000000 3.064516 3.397397
1989.000000 3.064516 3.399804
1990.000000 3.225806 3.504949
1991.000000 3.225806 3.559678
1992.000000 3.387097 3.683630
1993.000000 3.387097 3.748971
1994.000000 3.387097 3.731411
1995.000000 3.548387 3.874600
1996.000000 3.548387 3.899062
1997.000000 3.709677 4.097594
1998.000000 3.709677 4.135141
1999.000000 3.870968 4.295599
2000.000000 3.870968 4.312144
2001.000000 4.032258 4.498318
2002.000000 4.193548 4.661573
2003.000000 4.193548 4.643132
2004.000000 2.258065 2.427437
2005.000000 2.258065 2.497674
2006.000000 2.258065 2.454824
2007.000000 2.258065 2.468110
2008.000000 2.419355 2.639589
2009.000000 2.419355 2.622693
2010.000000 2.580645 2.799968
2011.000000 2.580645 2.778546
2012.000000 2.741935 2.910742
2013.000000 2.741935 2.941325
2014.000000 2.741935 2.968813
2015.000000 2.741935 3.015598
2016.000000 2.903226 3.165776
2017.000000 2.903226 3.128647
2018.000000 2.903226 3.178129
2019.000000 2.903226 3.164272
2020.000000 3.064516 3.298500
2021.000000 3.064516 3.401411
2022.000000 3.225806 3.514638
2023.000000 3.225806 3.558479
2024.000000 3.225806 3.514923
2025.000000 3.387097 3.695828
2026.000000 3.387097 3.748358
2027.000000 3.548387 3.930007
2028.000000 3.548387 3.928145
2029.000000 3.709677 4.045645
2030.000000 3.709677 4.149162
2031.000000 3.870968 4.289566
2032.000000 3.870968 4.230340
2033.000000 4.032258 4.452293
2034.000000 4.032258 4.493123
2035.000000 4.193548 4.669325
2036.000000 4.193548 4.701846
2037.000000 4.354839 4.844599
2038.000000 4.516129 4.928876
2039.000000 4.516129 5.033990
2040.000000 2.419355 2.680520
2041.000000 2.419355 2.652107
2042.000000 2.580645 2.821550
2043.000000 2.580645 2.841388
2044.000000 2.741935 2.960121
2045.000000 2.741935 3.024335
2046.000000 2.903226 3.099337
2047.000000 2.903226 3.178307
2048.000000 2.903226 3.177209
2049.000000 2.903226 3.174647
2050.000000 3.064516 3.336501
2051.000000 3.064516 3.338690
2052.000000 3.225806 3.513670
2053.000000 3.225806 3.516197
2054.000000 3.387097 3.699738
2055.000000 3.387097 3.677041
2056.000000 3.548387 3.889738
2057.000000 3.548387 3.841188
2058.000000 3.548387 3.900089
2059.000000 3.709677 4.043513
2060.000000 3.709677 4.050194
2061.000000 3.870968 4.279539
2062.000000 4.032258 4.425595
2063.000000 4.032258 4.392175
2064.000000 4.193548 4.583019
2065.000000 4.193548 4.592290
2066.000000 4.354839 4.783843
2067.000000 4.354839 4.796936
2068.000000 4.516129 4.971772
2069.000000 4.677419 5.138597
2070.000000 2.580645 2.775091
2071.000000 2.741935 2.967861
2072.000000 2.741935 2.975464
2073.000000 2.903226 3.111207
2074.000000 2.903226 3.097333
2075.000000 2.741935 3.022245
2076.000000 3.064516 3.204791
2077.000000 2.903226 3.209104
2078.000000 3.225806 3.390385
2079.000000 3.225806 3.441035
2080.000000 3.225806 3.420631
2081.000000 3.225806 3.506915
2082.000000 3.225806 3.468558
2083.000000 3.387097 3.696178
2084.000000 3.387097 3.672004
2085.000000 3.548387 3.881786
2086.000000 3.548387 3.879472
2087.000000 3.709677 4.049911
2088.000000 3.709677 4.077853
2089.000000 3.709677 4.096769
2090.000000 3.870968 4.285885
2091.000000 3.870968 4.266584
2092.000000 4.032258 4.488647
2093.000000 4.193548 4.672895
2094.000000 4.193548 4.638217
2095.000000 2.258065 2.426278
2096.000000 2.258065 2.445030
2097.000000 2.258065 2.444378
2098.000000 2.419355 2.614671
2099.000000 2.419355 2.597420
2100.000000 2.419355 2.549332
2101.000000 2.580645 2.703104
2102.000000 2.580645 2.701009
2103.000000 2.741935 2.849912
2104.000000 2.741935 2.884842
2105.000000 2.580645 2.813573
2106.000000 2.741935 2.890932
2107.000000 2.903226 3.137043
2108.000000 2.903226 3.083697
2109.000000 2.903226 3.155517
2110.000000 3.064516 3.290173
2111.000000 3.064516 3.307940
2112.000000 3.225806 3.453055
2113.000000 3.225806 3.454428
2114.000000 3.225806 3.499538
2115.000000 3.387097 3.629388
2116.000000 3.387097 3.669343
2117.000000 3.548387 3.848242
2118.000000 3.548387 3.854957
2119.000000 3.709677 4.017951
2120.000000 3.709677 4.079166
2121.000000 1.935484 2.098993
2122.000000 2.096774 2.286111
2123.000000 1.935484 2.090430
2124.000000 1.935484 2.078017
2125.000000 2.096774 2.254584
2126.000000 2.096774 2.231890
2127.000000 2.096774 2.249537
2128.000000 2.096774 2.278991
2129.000000 2.258065 2.405201
2130.000000 2.258065 2.419606
2131.000000 2.258065 2.417518
2132.000000 2.258065 2.432883
2133.000000 2.419355 2.593121
2134.000000 2.419355 2.600011
2135.000000 2.419355 2.587500
2136.000000 2.580645 2.751350
2137.000000 2.580645 2.763043
2138.000000 2.741935 2.903640
2139.000000 2.741935 2.921447
2140.000000 2.741935 2.922871
2141.000000 2.741935 2.941228
2142.000000 2.903226 3.084870
2143.000000 2.903226 3.095237
2144.000000 2.903226 3.117568
2145.000000 3.064516 3.257076
2146.000000 3.064516 3.299486
2147.000000 3.064516 3.253791
2148.000000 3.225806 3.429955
2149.000000 3.225806 3.499673
2150.000000 3.387097 3.644951
2151.000000 3.387097 3.665090
2152.000000 3.387097 3.681437
2153.000000 3.548387 3.835543
2154.000000 3.548387 3.858202
2155.000000 3.709677 4.050154
2156.000000 3.709677 4.085085
2157.000000 3.709677 4.072691
2158.000000 3.870968 4.244728
2159.000000 4.032258 4.402297
2160.000000 2.096774 2.237189
2161.000000 2.096774 2.272355
2162.000000 2.258065 2.432504
2163.000000 2.258065 2.446706
2164.000000 2.258065 2.437481
2165.000000 2.258065 2.479014
2166.000000 2.419355 2.597747
2167.000000 2.419355 2.616132
2168.000000 2.419355 2.612263
2169.000000 2.580645 2.753803
2170.000000 2.580645 2.804091
2171.000000 2.580645 2.816064
2172.000000 2.580645 2.805473
2173.000000 2.741935 3.010933
2174.000000 2.741935 2.964989
2175.000000 2.741935 2.940387
2176.000000 2.903226 3.135808
2177.000000 2.903226 3.196378
2178.000000 2.903226 3.196548
2179.000000 3.064516 3.332144
2180.000000 3.064516 3.355124
2181.000000 3.064516 3.360412
2182.000000 3.225806 3.538536
2183.000000 3.225806 3.512543
2184.000000 3.225806 3.533828
2185.000000 3.387097 3.724897
2186.000000 3.387097 3.731478
2187.000000 3.548387 3.897969
2188.000000 3.548387 3.913044
2189.000000 3.548387 3.859881
2190.000000 3.709677 4.123147
2191.000000 3.709677 4.082224
2192.000000 3.870968 4.260846
2193.000000 3.870968 4.306139
2194.000000 4.032258 4.450599
2195.000000 4.032258 4.438926
2196.000000 4.193548 4.645531
2197.000000 4.354839 4.703720
2198.000000 4.354839 4.802753
2199.000000 4.516129 4.930112
2200.000000 2.419355 2.593974
2201.000000 2.580645 2.729684
2202.000000 2.580645 2.794362
2203.000000 2.741935 2.983583
2204.000000 2.741935 2.973250
2205.000000 2.741935 2.935017
2206.000000 2.741935 2.959277
2207.000000 2.903226 3.107903
2208.000000 2.903226 3.137425
2209.000000 3.064516 3.281048
2210.000000 3.064516 3.267134
2211.000000 3.064516 3.328563
2212.000000 3.064516 3.387902
2213.000000 3.225806 3.488030
2214.000000 3.225806 3.494346
2215.000000 3.387097 3.669716
2216.000000 3.387097 3.688755
2217.000000 3.387097 3.719922
2218.000000 3.548387 3.786733
2219.000000 3.548387 3.885243
2220.000000 3.548387 3.945240
2221.000000 3.709677 4.049752
2222.000000 3.870968 4.159039
2223.000000 3.870968 4.211163
2224.000000 3.870968 4.277626
2225.000000 4.032258 4.407504
2226.000000 4.193548 4.625976
2227.000000 4.193548 4.611727
2228.000000 4.354839 4.774118
2229.000000 4.354839 4.867188
2230.000000 2.258065 2.445262
2231.000000 2.419355 2.649498
2232.000000 2.419355 2.571664
2233.000000 2.419355 2.595935
2234.000000 2.580645 2.842612
2235.000000 2.580645 2.741797
2236.000000 2.580645 2.834514
2237.000000 2.741935 2.964552
2238.000000 2.741935 2.958118
2239.000000 2.903226 3.095178
2240.000000 2.903226 3.122256
2241.000000 2.903226 3.150039
2242.000000 3.064516 3.268089
2243.000000 3.064516 3.290047
2244.000000 3.064516 3.283994
2245.000000 3.225806 3.471760
2246.000000 3.225806 3.446286
2247.000000 3.225806 3.479290
2248.000000 3.387097 3.657853
2249.000000 3.387097 3.655100
2250.000000 3.548387 3.822661
2251.000000 3.548387 3.850956
2252.000000 3.709677 4.024984
2253.000000 3.709677 3.948268
2254.000000 3.709677 4.047976
2255.000000 3.870968 4.183948
2256.000000 4.032258 4.362300
2257.000000 4.032258 4.384963
2258.000000 4.193548 4.554688
2259.000000 4.354839 4.649348
2260.000000 4.354839 4.710966
2261.000000 4.516129 4.926113
2262.000000 4.516129 4.879214
2263.000000 4.677419 5.058503
2264.000000 4.677419 5.078928
2265.000000 4.838710 5.296279
2266.000000 5.000000 5.417760
2267.000000 5.000000 5.452346
2268.000000 5.161290 5.597055
2269.000000 5.322581 5.729245
2270.000000 2.903226 3.166272
2271.000000 2.903226 3.148341
2272.000000 3.064516 3.370538
2273.000000 3.064516 3.352053
2274.000000 3.225806 3.533902
2275.000000 3.225806 3.556182
2276.000000 3.225806 3.543699
2277.000000 3.387097 3.689236
2278.000000 3.387097 3.701601
2279.000000 3.548387 3.789188
2280.000000 3.548387 3.844513
2281.000000 3.548387 3.910717
2282.000000 3.548387 3.895902
2283.000000 3.709677 4.070732
2284.000000 3.709677 4.034717
2285.000000 3.870968 4.256556
2286.000000 3.870968 4.297839
2287.000000 4.032258 4.452387
2288.000000 4.032258 4.468384
2289.000000 4.193548 4.593737
2290.000000 4.354839 4.841712
2291.000000 4.354839 4.769547
2292.000000 4.516129 5.013788
2293.000000 4.677419 5.185009
2294.000000 4.838710 5.358208
2295.000000 4.838710 5.371461
2296.000000 5.000000 5.559319
2297.000000 2.741935 3.029277
2298.000000 2.741935 2.998162
2299.000000 2.903226 3.183780
2300.000000 2.903226 3.197015
2301.000000 3.064516 3.399415
2302.000000 3.064516 3.378923
2303.000000 3.064516 3.336603
2304.000000 3.225806 3.519396
2305.000000 3.225806 3.532673
2306.000000 3.387097 3.712991
2307.000000 3.387097 3.705629
2308.000000 3.387097 3.734533
2309.000000 3.548387 3.859692
2310.000000 3.548387 3.887787
2311.000000 3.709677 3.950301
2312.000000 3.709677 4.081618
2313.000000 3.709677 4.073202
2314.000000 3.870968 4.271752
2315.000000 3.870968 4.228019
2316.000000 4.032258 4.447845
2317.000000 4.193548 4.644547
2318.000000 4.193548 4.585351
2319.000000 4.354839 4.764164
2320.000000 4.354839 4.848283
2321.000000 4.516129 5.018281
2322.000000 4.677419 5.113827
2323.000000 4.677419 5.200932
2324.000000 4.838710 5.354313
2325.000000 2.580645 2.777512
2326.000000 2.580645 2.811019
2327.000000 2.580645 2.834125
2328.000000 2.741935 2.917938
2329.000000 2.741935 2.975047
2330.000000 2.903226 3.082763
2331.000000 2.903226 3.149061
2332.000000 2.903226 3.125516
2333.000000 2.903226 3.143746
2334.000000 3.064516 3.290418
2335.000000 3.064516 3.329130
2336.000000 3.064516 3.311342
2337.000000 3.225806 3.447147
2338.000000 3.225806 3.505940
2339.000000 3.387097 3.580762
2340.000000 3.387097 3.619732
2341.000000 3.387097 3.631473
2342.000000 3.548387 3.812652
2343.000000 3.548387 3.854911
2344.000000 3.709677 3.991709
2345.000000 3.709677 4.004477
2346.000000 3.870968 4.161035
2347.000000 3.870968 4.217999
2348.000000 4.032258 4.316672
2349.000000 4.032258 4.427899
2350.000000 4.193548 4.599920
2351.000000 4.193548 4.621915
2352.000000 4.354839 4.831328
2353.000000 4.354839 4.891644
2354.000000 2.419355 2.681620
2355.000000 2.419355 2.659967
2356.000000 2.580645 2.808153
2357.000000 2.580645 2.797084
2358.000000 2.580645 2.842445
2359.000000 2.741935 3.002417
2360.000000 2.741935 2.993345
2361.000000 2.741935 3.031230
2362.000000 2.741935 3.052805
2363.000000 2.741935 3.005566
2364.000000 2.903226 3.227220
2365.000000 2.903226 3.227696
2366.000000 3.064516 3.398690
2367.000000 3.064516 3.380526
2368.000000 3.064516 3.381497
2369.000000 3.225806 3.529748
2370.000000 3.225806 3.575500
2371.000000 3.387097 3.725696
2372.000000 3.387097 3.732023
2373.000000 3.548387 3.908617
2374.000000 3.548387 3.960126
2375.000000 3.709677 4.083237
2376.000000 3.870968 4.294226
2377.000000 3.870968 4.313028
2378.000000 4.032258 4.469089
2379.000000 2.096774 2.316566
2380.000000 2.096774 2.247793
2381.000000 2.258065 2.449750
2382.000000 2.258065 2.455865
2383.000000 2.258065 2.489679
2384.000000 2.419355 2.609167
2385.000000 2.419355 2.562023
2386.000000 2.419355 2.635489
2387.000000 2.580645 2.748414
2388.000000 2.580645 2.764457
2389.000000 2.580645 2.786793
2390.000000 2.580645 2.850663
2391.000000 2.580645 2.862760
2392.000000 2.741935 3.019321
2393.000000 2.741935 3.000602
2394.000000 2.741935 2.981159
2395.000000 2.741935 2.977536
2396.000000 2.903226 3.159423
2397.000000 2.903226 3.195894
2398.000000 3.064516 3.323955
2399.000000 3.064516 3.346082
2400.000000 3.064516 3.337861
2401.000000 3.225806 3.514607
2402.000000 3.225806 3.562096
2403.000000 3.387097 3.635498
2404.000000 3.387097 3.677159
2405.000000 3.387097 3.677549
2406.000000 3.548387 3.853085
2407.000000 3.548387 3.856319
2408.000000 3.709677 4.066580
2409.000000 3.709677 4.113158
2410.000000 1.935484 2.089279
2411.000000 2.096774 2.245216
2412.000000 2.096774 2.295118
2413.000000 2.096774 2.250537
2414.000000 2.096774 2.245216
2415.000000 2.096774 2.198223
2416.000000 2.258065 2.494702
2417.000000 2.258065 2.407725
2418.000000 2.258065 2.446706
2419.000000 2.419355 2.592789
2420.000000 2.419355 2.554949
2421.000000 2.419355 2.599074
2422.000000 2.419355 2.627014
2423.000000 2.580645 2.710046
2424.000000 2.580645 2.725470
2425.000000 2.580645 2.734375
2426.000000 2.580645 2.699438
2427.000000 2.741935 2.874896
2428.000000 2.741935 2.895961
2429.000000 2.741935 2.944477
2430.000000 2.903226 3.071954
2431.000000 2.903226 3.071954
2432.000000 2.903226 3.134376
2433.000000 3.064516 3.240680
2434.000000 3.064516 3.303866
2435.000000 3.064516 3.327371
2436.000000 3.225806 3.514271
2437.000000 3.225806 3.470190
2438.000000 3.225806 3.497281
2439.000000 3.387097 3.667869
2440.000000 3.387097 3.640330
2441.000000 3.548387 3.853432
2442.000000 3.548387 3.847847
2443.000000 3.709677 4.083068
2444.000000 3.709677 3.991166
2445.000000 3.870968 4.271049
2446.000000 3.870968 4.267066
2447.000000 4.032258 4.422529
2448.000000 4.032258 4.487855
2449.000000 4.193548 4.601126
2450.000000 4.354839 4.767636
2451.000000 4.516129 4.924035
2452.000000 4.677419 5.145214
2453.000000 2.419355 2.643147
2454.000000 2.580645 2.809884
2455.000000 2.580645 2.841722
2456.000000 2.741935 2.983583
2457.000000 2.741935 2.978840
2458.000000 2.903226 3.164171
2459.000000 2.903226 3.144266
2460.000000 3.064516 3.357089
2461.000000 3.064516 3.369492
2462.000000 3.064516 3.388154
2463.000000 3.064516 3.374952
2464.000000 3.225806 3.501730
2465.000000 3.225806 3.507468
2466.000000 3.225806 3.562566
2467.000000 3.387097 3.777700
2468.000000 3.387097 3.806493
2469.000000 3.548387 3.941919
2470.000000 3.548387 3.940540
2471.000000 3.709677 4.115741
2472.000000 3.709677 4.117042
2473.000000 3.870968 4.352591
2474.000000 4.032258 4.475109
2475.000000 4.032258 4.554498
2476.000000 2.096774 2.310610
2477.000000 2.258065 2.424436
2478.000000 2.258065 2.435235
2479.000000 2.419355 2.664512
2480.000000 2.419355 2.617520
2481.000000 2.580645 2.779077
2482.000000 2.580645 2.809140
2483.000000 2.580645 2.757493
2484.000000 2.741935 2.946808
2485.000000 2.741935 2.984494
2486.000000 2.741935 3.002923
2487.000000 2.741935 3.025473
2488.000000 2.903226 3.172425
2489.000000 2.903226 3.148539
2490.000000 2.903226 3.218684
2491.000000 3.064516 3.304223
2492.000000 3.064516 3.337066
2493.000000 3.225806 3.532353
2494.000000 3.225806 3.517193
2495.000000 3.225806 3.560888
2496.000000 3.387097 3.761085
2497.000000 3.387097 3.775268
2498.000000 3.548387 3.916318
2499.000000 3.548387 4.019154
2500.000000 1.935484 2.106894
2501.000000 2.096774 2.303093
2502.000000 1.935484 2.095160
2503.000000 1.935484 2.055421
2504.000000 1.935484 2.099231
2505.000000 2.096774 2.286570
2506.000000 2.096774 2.284311
2507.000000 2.096774 2.270914
2508.000000 2.258065 2.434763
2509.000000 2.258065 2.399453
2510.000000 2.419355 2.500558
2511.000000 2.419355 2.571522
2512.000000 2.419355 2.564247
2513.000000 2.419355 2.623670
2514.000000 2.419355 2.655892
2515.000000 2.419355 2.661154
2516.000000 2.580645 2.848555
2517.000000 2.580645 2.831496
2518.000000 2.580645 2.838908
2519.000000 2.741935 3.002419
2520.000000 2.741935 3.013780
2521.000000 2.741935 3.030129
2522.000000 2.903226 3.187266
2523.000000 2.903226 3.132545
2524.000000 2.903226 3.221509
2525.000000 3.064516 3.381250
2526.000000 3.064516 3.389606
2527.000000 3.225806 3.566069
2528.000000 3.225806 3.565317
2529.000000 3.387097 3.776950
2530.000000 3.387097 3.795169
2531.000000 3.548387 3.993581
2532.000000 3.548387 4.031386
2533.000000 3.709677 4.208821
2534.000000 1.774194 1.971241
2535.000000 1.774194 1.963915
2536.000000 1.935484 2.136470
2537.000000 1.935484 2.154661
2538.000000 2.096774 2.298732
2539.000000 2.096774 2.310378
2540.000000 2.096774 2.310378
2541.000000 2.096774 2.310378
2542.000000 2.258065 2.471795
2543.000000 2.258065 2.456292
2544.000000 2.419355 2.600315
2545.000000 2.419355 2.589278
2546.000000 2.419355 2.621229
2547.000000 2.419355 2.596721
2548.000000 2.419355 2.649844
2549.000000 2.419355 2.651941
2550.000000 2.580645 2.859708
2551.000000 2.580645 2.882448
2552.000000 2.580645 2.853912
2553.000000 2.741935 3.053355
2554.000000 2.741935 3.016820
2555.000000 2.741935 3.012333
2556.000000 2.741935 3.050988
2557.000000 2.903226 3.242523
2558.000000 2.903226 3.247156
2559.000000 3.064516 3.386417
2560.000000 3.064516 3.327746
2561.000000 3.225806 3.494507
2562.000000 3.225806 3.599860
2563.000000 3.225806 3.608577
2564.000000 3.387097 3.774211
2565.000000 3.387097 3.650413
2566.000000 3.387097 3.691687
2567.000000 3.548387 3.891314
2568.000000 3.548387 3.968333
2569.000000 1.935484 2.089508
2570.000000 2.096774 2.274684
2571.000000 2.096774 2.262140
2572.000000 1.935484 2.025571
2573.000000 2.096774 2.261367
2574.000000 2.096774 2.182113
2575.000000 2.096774 2.285386
2576.000000 2.258065 2.361192
2577.000000 2.258065 2.389576
2578.000000 2.419355 2.616245
2579.000000 2.419355 2.616245
2580.000000 2.419355 2.587934
2581.000000 2.419355 2.601924
2582.000000 2.419355 2.658534
2583.000000 2.580645 2.722087
2584.000000 2.580645 2.817959
2585.000000 2.741935 2.874237
2586.000000 2.741935 2.896920
2587.000000 2.741935 2.943553
2588.000000 2.741935 2.954684
2589.000000 2.741935 2.966079
2590.000000 2.903226 3.128880
2591.000000 3.064516 3.298092
2592.000000 3.064516 3.307597
2593.000000 3.064516 3.330856
2594.000000 3.225806 3.518253
2595.000000 3.387097 3.720006
2596.000000 3.387097 3.687665
2597.000000 3.548387 3.844466
2598.000000 3.548387 3.885122
2599.000000 3.709677 4.050517
2600.000000 3.709677 4.070735
2601.000000 3.870968 4.223839
2602.000000 3.870968 4.218349
2603.000000 4.032258 4.393668
2604.000000 2.096774 2.217129
2605.000000 2.096774 2.212031
2606.000000 2.096774 2.236807
2607.000000 2.258065 2.434754
2608.000000 2.096774 2.254632
2609.000000 2.258065 2.441078
2610.000000 2.419355 2.588837
2611.000000 2.419355 2.608848
2612.000000 2.419355 2.583385
2613.000000 2.580645 2.729761
2614.000000 2.580645 2.751685
2615.000000 2.580645 2.784665
2616.000000 2.580645 2.836182
2617.000000 2.741935 2.927439
2618.000000 2.741935 2.977132
2619.000000 2.741935 2.954375
2620.000000 2.903226 3.102013
2621.000000 2.903226 3.088973
2622.000000 3.064516 3.330986
2623.000000 3.064516 3.278823
2624.000000 3.064516 3.328836
2625.000000 3.225806 3.499565
2626.000000 3.225806 3.488284
2627.000000 3.387097 3.660665
2628.000000 3.387097 3.687695
2629.000000 3.548387 3.819184
2630.000000 3.548387 3.900021
2631.000000 3.709677 4.061980
2632.000000 3.709677 4.045864
2633.000000 3.870968 4.263055
2634.000000 3.870968 4.264659
2635.000000 4.032258 4.404373
2636.000000 1.935484 2.103417
2637.000000 1.935484 2.109214
2638.000000 2.096774 2.272355
2639.000000 2.096774 2.269643
2640.000000 2.258065 2.416953
